0 0.061014898841706355 0.10396439264200175 0.09021054918762522 0.04046351971856061 0.004977258197663947 0.04264436903840992 0.06239695653976367 0.039792047655703724 0.07519572101613367 0.04533580862532597 0.0050912666667516015 0.020274815727548624 0.036651669812291655 0.10106342209717979 0.09633173460832987 0.015047290700104776 0.05811889810041902 0.03365160793511157 0.01623933120178424 0.05153444168758405
1 0.12337558759086088 0.09829621919171867 0.012568317584987717 0.0402257900501018 0.019945128810968688 0.04469262287183162 0.005017842227846236 0.018231594360551943 0.002368819039777659 0.021798052507267622 0.05087242352027346 0.06888159441240874 0.023118874768006902 0.006917726201776944 0.07480905659416294 0.12769649079427867 0.03261119563326445 0.04298984120282222 0.06456163569118194 0.12102118694591088
2 0.008656454929277144 0.07147877264453409 0.02202803143854396 0.029969880504885856 0.009110414807079118 0.047066633810238484 0.08196585591550742 0.052649581717756196 0.03954613216335573 0.06028877506604077 0.04580148193825167 0.07513772061543093 0.1003789059876757 0.01453501985888711 0.040985621284869954 0.0005426156037761163 0.1123428661506793 0.10769863586461224 0.06828025685720823 0.01153634284139004
3 0.04833904964007772 0.03240796449947176 0.020657599893843425 0.08441660539005995 0.050684158833349716 0.07730677720340136 0.04835791760057897 0.005665211660500199 0.0046706142929636265 0.0746145478203092 0.028901739091605184 0.05396124325269196 0.04100732699646438 0.06812872877030993 0.08682539502248969 0.01970327859785325 0.05350271813883911 0.07417213822508197 0.07915876196221974 0.047518223107888814
4 0.051245402216047106 0.07131721261194472 0.07790563704797572 0.06992026002699468 0.021551324770215183 0.08944672062533429 0.03474543004279631 0.030978109688459477 0.017629962015727974 0.03238249841882215 0.009154278280565194 0.07457791755905797 0.0689049828328902 0.06127915421506023 0.039116613138494474 0.0399622293233723 0.033876889561328755 0.05424645228623277 0.03161021097493094 0.09014871436374951
5 0.051315600123332646 0.08063534657993297 0.04990876868180931 0.02741378296439064 0.03916578328745885 0.07776948464521127 0.06327429570743615 0.029368679165272332 0.06357424013487899 0.0856087495014486 0.0854144397016452 0.06535126921920312 0.027191421562170054 0.028313001032821056 0.09270107576249241 0.004971119482702766 0.004920962021308735 0.04530474656614051 0.027149279953940533 0.05064795390640384
6 0.05791830365429824 0.024621910707675106 0.022149675951403623 0.018667414874310482 0.04264940319184966 0.016619296289662543 0.09698760450640537 0.07734871923505549 0.05569205411909695 0.056104788825182626 0.01587371464377508 0.046934319983579345 0.09747528598115986 0.09439569178762977 0.06402232563584437 0.0028136552898897437 0.02305952620187391 0.08838450587768275 0.013129262829119514 0.08515254041450566
7 0.058758988525788314 0.03530017937266988 0.02978180679784373 0.06632758587946654 0.05661971086513585 0.0470723229604298 0.09678929069033922 0.027674208668210357 0.07442019540468112 0.0798554804291567 0.018429022974047554 0.021688385637224892 0.0636645578253965 0.05832018065859634 0.07159975926011268 0.005846022512539101 0.09188685397279331 0.003406466127009291 0.06945690141977354 0.023102080018785224
8 0.090611891420859 0.01819663037717972 0.06483781742849423 0.09603552953740477 0.050635953585653024 0.011155885978601477 0.09505805044340788 0.019043641950661095 0.032885626879945284 0.06826199355759442 0.03958359090693261 0.03816368091505168 0.06723171550601671 0.09436144968792043 0.06935416721683915 0.018823550224153954 0.010324242966692163 0.027639320674175058 0.028257314107242134 0.05953794663517513
9 0.09160586960444847 0.0740139013820058 0.08782134818405775 0.06507584287001536 0.039421811248846465 0.0405414584818169 0.04256874975998158 0.0745683668648123 0.025759077265026395 0.05057454042812014 0.0897024364716681 0.0021707368450409885 0.09500903738599724 0.0616944875868144 0.03757249705280089 0.07361838577388427 0.0069581484062725485 0.012143140092012396 0.023635618810510087 0.0055445454858678075
10 0.08225676436057242 0.01712934238858219 0.046732997409909695 0.05551349712347226 0.03411936292230113 0.008175087937250861 0.006085407135354324 0.013912828124983562 0.05159419916709013 0.031185260826500694 0.09947166355183495 0.03399147425139461 0.0637084557688759 0.04401414881448152 0.08094885950085988 0.0397773044331666 0.09612949525547598 0.0166585777031364 0.07539926519632408 0.10319600812843255
11 0.05432364572262383 0.07157208116553937 0.026197141746874653 0.05661218241297147 0.015394031820442234 0.07264481030075302 0.050604482543340344 0.04813863998723418 0.06562952364792612 0.040865509751206855 0.03423618942274441 0.026047230349399982 0.03410166143587204 0.06084061523970869 0.047394596968416206 0.0641888941444598 0.04605733371733117 0.07279693719579501 0.0675737363167855 0.044780756110575096
12 0.07626862018525513 0.016815086524946503 0.05084570043328257 0.0757019436804029 0.07169784974533193 0.08110063238282877 0.06690138059565674 0.0769720269151619 0.005997013589666576 0.0800447493654147 0.04201916173817381 0.03642336227182464 0.03500794306611174 0.05529184524972736 0.047105935955966516 0.06273584946813622 0.023310664741047538 0.014827653050867222 0.05125188059129662 0.029680700448900695
13 0.023568622578395256 0.020455710702888652 0.06592188252674147 0.07168360315856274 0.025245777421309117 0.04155975176239439 0.0029557408129359626 0.05273211029803314 0.013719514944555927 0.06593631219979187 0.011012016794030991 0.07507342325517082 0.07889868962101415 0.0888216446262715 0.05695946389485467 0.03860336366728022 0.055371703031302746 0.08640983459099387 0.061397555403532963 0.0636732787099394
14 0.004422596682864553 0.04692566100395641 0.07401475277874049 0.054378447177412144 0.09157757689814912 0.018002025443782817 0.015822082335705683 0.0904111756030927 0.07239411757830813 0.05194107154542683 0.1077756798291686 0.07283563480609331 0.0041250064562640834 0.01891900593918969 0.042653540435298606 0.08739513868080692 0.01220701607359997 0.010046174321844528 0.03187501122350778 0.09227828518678774
15 0.028859775553829684 0.09687206282597235 0.09036691848505032 0.05963730629779868 0.09294547809654811 0.06516554068179731 0.0012445146825191445 0.04695657780246437 0.05458178391669164 0.01413994127650611 0.026878824319281257 0.01381260893934733 0.043844904922531784 0.04084555456365461 0.09415208453579871 0.11343481650388665 0.04485126251747028 0.045623410026804354 0.013326486537782612 0.012460147514264835
16 0.0015755629928103593 0.012890823647579425 0.0834959152781557 0.07672320997204951 0.05323648474945268 0.0019896718510069035 0.09971717806345398 0.09065166874458402 0.08152247948298962 0.03201042561150359 0.019080352742706665 0.03639847121034705 0.009801907318556865 0.07805315365833024 0.09365862660995138 0.048005476894251525 0.04226870319461937 0.0766154078187727 0.010547439129575245 0.05175704102930302
17 0.001983367730009472 0.08027907083606073 0.001062336598297362 0.035774062958443 0.06804176543728371 0.09101703175327744 0.052961047807497656 0.11342483152985801 0.007535752977705816 0.07899308513253203 0.0932787611481257 0.053167533516506764 0.043607163424164264 0.01720762657123198 0.02375831938003416 0.11346840773003493 0.0059524362914231506 0.0488226623756404 0.012646528460739125 0.0570182083411344
18 0.0372638524650362 0.013458302475232461 0.0971593690703324 0.028923957186439874 0.019045984615798737 0.07197333239157969 0.0963201761660763 0.05298414950680127 0.10260863720834247 0.0017114834968664056 0.029791458045025917 0.07961677335992827 0.08112663973152127 0.013074958950097294 0.06527136896751144 0.014492211774515908 0.030757416501847986 0.06346456439915764 0.08298555577939619 0.017969807908492248
19 0.0003222564245047672 0.015256989156948265 0.10119531421529031 0.05161671674715394 0.07317170448700042 0.09140042119778206 0.0346807786233422 0.0016274977862884195 0.07689850781352497 0.018766369648705223 0.10456815885719403 0.055035216470935656 0.10098490865961818 0.00787774424380974 0.016097471292020424 0.030028964454312527 0.016422400898460195 0.09674982194874514 0.03713176130096092 0.07016699577340242
20 0.02872432061873929 0.07787294458061597 0.07433853387566533 0.0767665649358367 0.04851462970379321 0.07188131817352517 0.0019837445559021845 0.03301593356138454 0.08630402429447342 0.017512300069836787 0.09454245458433244 0.034242285250130185 0.03658783142841285 0.007787579135483862 0.05830401748530705 0.08411609615873221 0.06212621131944573 0.06527482590610797 0.002582579732111106 0.0375218046301639
21 0.038242934852577896 0.07205933053025215 0.06738301705434128 0.05947006422131017 0.030319085177814512 0.05843569641918113 0.0570627297893892 0.07560713521870048 0.052834780496465034 0.022659848242745615 0.019737831952656222 0.018730251668122814 0.06464328391375805 0.07014284427538618 0.026963779174079917 0.0058360840092532215 0.0873794373427377 0.07202797799525909 0.04922661929610451 0.0512372683698648
22 0.007543277332881044 0.05634682556266486 0.04749785615376847 0.06786563094692595 0.07157965395785154 0.08072991670709528 0.059127463716986566 0.05287189254094967 0.05146755185849107 0.036283867745388367 0.06940920027310883 0.031212428811255168 0.020273901817868176 0.04567359462360235 0.06560411042744928 0.07031780997126572 0.03141317462209021 0.008303127113200495 0.065244594034352 0.06123412178280498
23 0.07787010252843345 0.009005361742316604 0.045630098886862674 0.062470411592500066 0.04384516293130568 0.021207473352813106 0.0769479818550967 0.05958819272870967 0.010821200668060752 0.0730569991116329 0.047812921526333076 0.01952318866015777 0.0636729946278063 0.025481730548608805 0.09183148559229602 0.09224116056250453 0.03870468125213561 0.04065571503169894 0.07585701066027767 0.023776126140449487
24 0.08518233034499194 0.05618662865979655 0.02430351703586684 0.05958438086035293 0.034519267296056276 0.05593815438834294 0.04284273668127193 0.08433615400493205 0.03772712851284741 0.03811742803312268 0.014651869182811627 0.06359936573901728 0.009072603709102551 0.029708420325352633 0.03117495823714244 0.03209221706539339 0.054342985548388886 0.07913439076754014 0.07964719781260858 0.08783826579506092
25 0.02755452801383311 0.03631169051107491 0.0018478169994758896 0.03843977830046811 0.04873689969097312 0.01459283076064229 0.08471429592441662 0.07256756864269566 0.0881990043938482 0.0814039991292078 0.012888190926709961 0.028336770950358386 0.07105230299018961 0.07761825436940042 0.029318914056854637 0.0713134950579804 0.07830294376915098 0.03230174168611061 0.05589892974099448 0.04860004408561493
26 0.05097323591622679 0.0949579479340672 0.10463410153644655 0.022295616401765007 0.0963640807842845 0.06433082826735427 0.003851994337413525 0.05803075174316911 0.006452071337016526 0.08735683472392537 0.012738630810519708 0.06094218766884301 0.053876608790983285 0.05342810996333926 0.005151715193884224 0.034621909055243996 0.041449461003490624 0.04979461555578637 0.04208897826626139 0.05666032070997955
27 0.05735187709212521 0.019770184543514296 0.06109750295248355 0.08238461721633551 0.029337488046998976 0.07074206000516799 0.08518032628676395 0.00661252133038644 0.0329793533842379 0.07880575061149711 0.060748710766183454 0.04176336793425159 0.028402519058649916 0.045778356123621265 0.019450982416067276 0.034122226687561305 0.07465428649262043 0.02642832475069096 0.08061174829148698 0.06377779600935596
28 0.08427162428131038 0.00365946224532909 0.08952455273359566 0.030155056715637785 0.037280049342274774 0.07226424915128564 0.06845214254514395 0.030430401518116445 0.059221567622706583 0.036244531987421676 0.08923179543499349 0.026404244466085875 0.05735982054500925 0.06509585537159883 0.05290184341971911 0.035885169969180196 0.0370140157734551 0.008937185341537165 0.021374085666566362 0.09429234586903258
29 0.016775673915979346 0.03132772563626935 0.037947344844693115 0.010099599967473396 0.06922816674234862 0.002781466417618752 0.04200527083075773 0.07305044460672999 0.06446020258556331 0.08709377591326953 0.07657773400317645 0.04915837843925045 0.08758906965054511 0.07277472865392862 0.004517732849203738 0.08730859632449148 0.01244074438515455 0.06294428058958113 0.04402215490524643 0.06789690873871886
30 0.07194430175847623 0.06261613097219362 0.06757981335011769 0.026671069970254892 0.08271037993535306 0.08523573514674906 0.03732783421142136 0.02119438516988231 0.04643762880901014 0.04258539536064299 0.03767043419608363 0.07334206953234389 0.033698629851635076 0.020948942020763257 0.04055048004998012 0.053554746448507086 0.08707395127355044 0.016765083324468348 0.00637646993900774 0.08571651867955903
31 0.022412538100020772 0.09804401571105463 0.09267416089685634 0.08583218141169446 0.011736018098994584 0.01418204603551266 0.0418135762009217 0.05195366683190859 0.09352015088121154 0.06199865201034576 0.01601469231329352 0.0853521109839812 0.020788776933557008 0.028663429390828898 0.02875895500052883 0.08257133783333129 0.04777871958406295 0.06286249091709278 0.04456137731756577 0.008481103547236793
32 0.07561830597866404 0.028358640429048447 0.04678147554257003 0.06368531112774388 0.02387680824462613 0.05700776341829071 0.010379878730419246 0.03673068999804723 0.056266784998676156 0.016355644111386458 0.007587502976149352 0.08174750082400797 0.06833973431788194 0.047331053121802295 0.07336262918772381 0.08154533094947766 0.061963457432499515 0.00970236218772082 0.07106904057212271 0.08229008585114131
33 0.01614357420752136 0.09948177415208098 0.07200679158223358 0.08413175213772861 0.0618490806074685 0.07507043894432544 0.06780428700338252 0.01081886417398833 0.02835630443722142 0.024457641357104726 0.03925666156209403 0.07919955631818834 0.0010945498633491311 0.046999774340229554 0.04385776515103681 0.014080726117089307 0.020112422662693093 0.08140932700663664 0.06879798821419271 0.06507072016143518
34 0.054354778821867636 0.055578840906850197 0.07155831313029522 0.016560255170940633 0.09629417505218746 0.06483474268479741 0.08327243525967433 0.048330921280981494 0.022143518431987547 0.09026342375080063 0.03983569601464402 0.07464147008893496 0.03786569219676711 0.08688493940123648 0.02183464249287956 0.09161985342626514 0.012876847925312119 0.023298891525137956 0.00021412862745447624 0.007736433810985544
35 0.09180667656183117 0.06091497761621109 0.01314730894681695 0.03451576909491245 0.05220536240204311 0.0638503852623891 0.07418498048074047 0.010145296691961507 0.0671822745912906 0.016231553372793604 0.0934390779955882 0.09595792110171926 0.012082286743677804 0.09038699925958618 0.005988492009696539 0.0315693777771957 0.05839724346700967 0.05222192500762917 0.026309354894548425 0.04946273672235907
36 0.07439084273442813 0.06828466058676678 0.004088590066974699 0.05793854081048186 0.07131268096246099 0.052715986804318875 0.054728289360247484 0.08787152709913824 0.0007130519847832219 0.04593214728689623 0.05977164006460275 0.05445927077324714 0.05932786855221531 0.0031926336981993567 0.03249716515382849 0.0057574274333575684 0.07240127289051275 0.06755968797082439 0.07078440586114212 0.05627230990557341
37 0.005041192939728623 0.06530001816350925 0.05299800017631917 0.09948431859550563 0.07060614171158001 0.05448523450384004 0.10173324786277113 0.10160366633543441 0.05601018558110976 0.027953068097305047 0.027498121695724943 0.0005643169051894993 0.016854444023548493 0.08202760984470278 0.08192070617783233 0.005458502758729631 0.03480910943628253 0.05767080055701711 0.0423159077222763 0.01566540691159349
38 0.06640820083123503 0.0167640591701842 0.09399427350386384 0.08269757106454574 0.03166573286767679 0.0358943717782838 0.08108972161254129 0.02540145345036513 0.08816992783401852 0.02102774426339209 0.10297326701374662 0.022407953402951 0.035963384996810684 0.09388421572403151 0.010193934861272855 0.05243906007763547 0.014561249274420615 0.0001570965758532535 0.039017451494691636 0.08528933020247988
39 0.025481390167350158 0.08189939739436275 0.05629526851680517 0.06708967628565408 0.09088994180093428 0.037469024648605916 0.032747154367840724 0.015641320607413276 0.036428156852380954 0.02354463097120426 0.08889662688883161 0.08171017439086792 0.05125297156668754 0.05881833215947555 0.04405451403124915 0.012090819686308258 0.016273281936923678 0.09780104784538253 0.003591781344617511 0.0780244885371048
40 0.09139836016483298 0.0466369061327573 0.0644501152265793 0.017815916585845783 0.06787306518515794 0.07052214528691882 0.006004472712852003 0.016535418915860963 0.03449731933591855 0.07209565421941683 0.00827292585563608 0.08992161443019284 0.07063246994567898 0.033806734034719364 0.044119998320084335 0.07279247549609386 0.034652337285372835 0.07015135868730615 0.06365171189505854 0.02416900028371642
41 0.019583026117831054 0.001752211203872163 0.08934077465855934 0.03324196209804144 0.04188619896245976 0.0739115387365007 0.031484174284415044 0.046030553167516246 0.03775015742438158 0.08995764533564427 0.08066183709989885 0.07960217019837125 0.024617614053552235 0.08582797076440296 0.07325860680708643 0.04670791085746462 0.05531129969907603 0.04583003815402259 0.02877410877543575 0.014470201601467746
42 0.079731956450981 0.06582080139748882 0.03675590418704714 0.03217006004253168 0.07334332731718761 0.07070392925297986 0.05381994226290337 0.04184734143776057 0.05210692988531222 0.03548494031474335 0.05243875161445613 0.009389195303729917 0.029582928810164198 0.09760867526048757 0.05308956313804215 0.03129104045337286 0.04444442399294645 0.07048908952368402 0.05795638882814128 0.011924810526040018
43 0.05573138611475385 0.08065152393033218 0.08101722326274786 0.0289181108682537 0.09022016943227533 0.03921088401286254 0.037988506783715695 0.0147158712284347 0.002747427893471668 0.0887332279093674 0.06652338746721509 0.03757271950596209 0.05165140306031104 0.021154178627256527 0.004993811107454272 0.07416445523406438 0.04481976560784893 0.08377635467568346 0.07389400855247566 0.021515584725513626
44 0.03571630524864478 0.05128654129535403 0.07171547449574273 0.02235257249278108 0.02396356412451953 0.028838961957991984 0.08131529187081023 0.05656894731821009 0.06331908171207043 0.0582744823351847 0.04123427021570507 0.03278387397429356 0.07973466748764023 0.04520720565423684 0.08804598766803705 0.006318188325274143 0.049088883125402424 0.07116811471506153 0.07798962317864032 0.015077962804399254
45 0.017203207409869276 0.017482937333540175 0.07773063974228199 0.06853449753155844 0.02079104219168716 0.08274964554146387 0.08711719106665225 0.049730490000095606 0.020754947922665055 0.08408284388248964 0.04953996841688703 0.025450759800797508 0.08766547539558556 0.037843336907424016 0.07723559113031266 0.021285374138562546 0.030337030723877598 0.05436739604076234 0.08549305829934592 0.00460456652414143
46 0.04718412695951835 0.06404613140015183 0.007663095017761845 0.005597228998310205 0.07447043979632104 0.05673574267803769 0.03904243584548755 0.006902879010329264 0.04087266733427484 0.06864040963086264 0.032757688370576986 0.0703463564752085 0.10689788166909962 0.019273376030581827 0.03891274524848664 0.08913110248666108 0.11816693035615844 0.09445732496919498 0.0036171295797744426 0.01528430814320211
47 0.041595848452180506 0.055919745844446075 0.04804409832271371 0.07674052757387569 0.07128559011435263 0.040286108268925334 0.02394020435237155 0.07568268198556671 0.032073237238774435 0.08502583511248478 0.03841937186854773 0.0694733284069959 0.05188193861477401 0.026733789084482477 0.08528074484101571 0.048910471899620674 0.07810926083182616 0.019002764801442158 0.019895574682721233 0.01169887770288252
48 0.013067679265879293 0.013204527391615881 0.021038787793002826 0.10535012410112582 0.10713882707023846 0.06005569941875441 0.0019175564347127633 0.015404084999911843 0.04643103463484185 0.09022777396106843 0.04740886223706675 0.09664867629814423 0.07891338653088288 0.08278500501344238 0.08981294185692971 0.012924894350254443 0.015885131679360506 0.01097967537015398 0.0371799870953024 0.05362534449731115
49 0.005392256195036013 0.017490927503756297 0.045139808369380245 0.05505340333104664 0.05280361054725439 0.057520498832177344 0.015543118998625927 0.04489914788590638 0.01930909290659448 0.07364728667429694 0.09061498992639565 0.09553195461651838 0.016652232768623886 0.0039941124224867055 0.055209187379294936 0.07161389572265697 0.023670469707654667 0.07569726451224056 0.07679605836212242 0.10342068333793135
50 0.09866778769403474 0.04562219698736311 0.001924212349484435 0.015610683084578431 0.05568777633513067 0.05713807125260725 0.02723719607186306 0.09094018987984459 0.10604084826802404 0.055156284941077376 0.027328337178745117 0.03212627341287875 0.04398628126579656 0.013081177659827666 0.04154063015904515 0.04837873113669678 0.03179549393586865 0.10011490182365931 0.07504233109268435 0.032580595470790154
51 0.05960460124482651 0.014685837718217487 0.023402952397514973 0.06274049191076933 0.018097250675164746 0.06209683964419386 0.07798181436461554 0.07021030203813948 0.08347738926813116 0.07325678053599542 0.0677416776080654 0.019809758858074133 0.09704899278589843 0.05722226659784742 0.019256944739319628 0.07943208518098455 0.005026723883481853 0.05243299542557364 0.04190720348531952 0.014567091637866954
52 0.11060364855190112 0.09960990741471039 0.043425342457652796 0.0045775644252424785 0.04699335694227625 0.019716796422832663 0.05905654486210735 0.08190798893062197 0.05137565112783315 0.003059160000130957 0.03458239146259655 0.04782312426881781 0.017765683823682297 0.023940393642114016 0.07018925571139115 0.08945967113394603 0.04176143274593389 0.07513471781317042 0.06415023043961839 0.014867137823420295
53 0.06260821835856652 0.030059197592035878 0.031616187450099364 0.02892726643089717 0.027379631031889482 0.02589768517718436 0.07546695258326537 0.04505329334488133 0.07518075530974297 0.05085184033427769 0.027405561837796844 0.09592986160078584 0.0463661939256139 0.10245114707110464 0.03991686334483042 0.0634511313007374 0.00894442265042312 0.03581320600007137 0.05879802796898739 0.06788255668680912
54 0.0016921049775680973 0.007358616601425548 0.002903587219859171 0.08191248340250169 0.12161076824172236 0.09669517061539469 0.069501601210534 0.08351332423283053 0.0031975393630798397 0.11655578023656944 0.014760103008515877 0.012510818273996917 0.062181128518625645 0.06839533129851642 0.021317888897462597 0.09721138694812254 0.011986175684751426 0.014524237073511038 0.0176587565560518 0.09451319763896049
55 0.03051992341424037 0.014644906819708741 0.04399438393540567 0.0016393810655270325 0.03143775215036515 0.08282316114909467 0.0655577178922156 0.08364694150521088 0.045722519696360514 0.014735702657180865 0.05204257045177359 0.05647846500225201 0.05756860597588436 0.02585292225399879 0.07693871872225361 0.09974452798879471 0.047379296238990454 0.010020086606951478 0.07631096958102353 0.08294144689276797
56 0.05647278630821712 0.08466084169786173 0.08818603780207233 0.05082171952996732 0.05858625399613481 0.08833741999548717 0.013854014386431813 0.011421518172785436 0.029663174530671434 0.09565710597274857 0.04354852151525103 0.01525488457656975 0.03138846754687083 0.05431340438759574 0.0019209703502720964 0.08107807492449422 0.0349661460233355 0.09917311000211548 0.00012435996424283623 0.06057118831687456
57 0.10527597672093465 0.014234150778244943 0.03639104398346359 0.04362866335479327 0.07787555969724017 0.01685551453025009 0.012357434415663547 0.07896575726802146 0.06938437561987679 0.046970639129763216 0.01576371011322573 0.049075314264470545 0.022747561450494686 0.100312895302751 0.030025753203735864 0.050771163731065064 0.08164669426422132 0.09169659991903675 0.023827041648945797 0.03219415060380131
58 0.08451596000019468 0.021334702309299028 0.08869185133422769 0.04936775710929169 0.06604795064968122 0.042328963625460986 0.07972731341549093 0.006627764790967106 0.03745727586111844 0.06958094844403098 0.021283348136002408 0.03668771170322085 0.033363769557696155 0.02378446619425504 0.07932017779347864 0.07436565424869891 0.050535488867506 0.0683260798546578 0.025331977507849133 0.0413208385968724
59 0.015156291531488467 0.0509450266439224 0.07531911169445041 0.02322236752878158 0.042603269195970364 0.08040461870267242 0.06348187506753715 0.07894417036096187 0.08214104301887379 0.06488452261787642 0.06366327277081409 0.011517102042373351 0.029392473041092486 0.058473078578059286 0.012692456769934834 0.03829615325233234 0.039840370025924735 0.01744561110830426 0.08795845855185724 0.06361872749677251
60 0.03653897589265887 0.0778747186633218 0.08078930035568657 0.014241065503997246 0.039751644205984676 0.047699238849948186 0.04881905556826698 0.007262584881130325 0.03713903069778049 0.0572787448014775 0.0620837049936635 0.07595950554225032 0.07227272773978213 0.015771290268311824 0.011063702463141697 0.07667652576422386 0.011792865392513271 0.08655237659249607 0.07105988276225554 0.06937305906110917
61 0.08995705013013047 0.034781406188205154 0.10921188056146948 0.06351861470609449 0.0064671557716952785 0.008384526640223499 0.0222435463728195 0.04738530221286082 0.09422111860931826 0.04988088789950064 0.02227489832442813 0.10857747854641688 0.004257393497322821 0.02752293954764766 0.02631032822586122 0.0431039872121957 0.10278993763978064 0.011220812116360918 0.0676327563945385 0.060257979403130206
62 0.08433912707298057 0.022355221972549598 0.08705130277603357 0.05077019962352379 0.034828643175465954 0.058695748117165505 0.05320577255130335 0.006547582151442422 0.08804456648643999 0.0339296338166042 0.0866116285041993 0.0811388242769013 0.07002182854843085 0.05690361009900447 0.06335512795175546 0.005858773952509184 0.015717285638211422 0.004918231111477057 0.012161100692487778 0.0835457914815144
63 0.05967992980291133 0.006885749020669503 0.08334971777309956 0.03140798600347473 0.0072912046666229035 0.05764830477284028 0.040751410767456704 0.08935992559647521 0.007756807835435607 0.07270421332757925 0.0881826945728659 0.052593842199095166 0.07458562014782136 0.008222886551579746 0.03634129020038339 0.07766244608528616 0.080725888970519 0.03506775561550311 0.01970187405925168 0.07008045203112961
64 0.015017221506611169 0.08584718460710875 0.07691175271235764 0.06554805890477454 0.06796693251063726 0.04491618101108812 0.008751278180423597 0.019622091013962954 0.06683033205316086 0.08181606099911866 0.01889927315779284 0.09202842111038163 0.020181104732859136 0.05507934248835107 0.018294468718149288 0.06646037484008015 0.09706562161469758 0.0015527550778475885 0.04629397334366864 0.0509175714169288
65 0.08031057995539215 0.017935498047310913 0.00220811580577666 0.02995619689140084 0.060688860692494524 0.03099303430486934 0.07855360459259679 0.04299465402956292 0.035579266478050306 0.020513816397765366 0.07814408766102819 0.05977363789694756 0.05897191226513227 0.021166915225894884 0.01534985408083484 0.084003006820626 0.038289181916867046 0.08409296739200857 0.08219133319698892 0.07828347634845184
66 0.07355869131705288 0.09118755793245241 0.07314695514970068 0.04642377148756121 0.031853311284406736 0.0956377174549589 0.09222959107242973 0.09509045763409475 0.006360464131885939 0.03971082715174884 0.03822429333201545 0.012953463031404204 0.010775221771589145 0.08007763648637599 0.027603715287906717 0.06072336188215191 0.010290417723209043 0.01426360258175129 0.06275322508197605 0.03713571820532826
67 0.005806640740637517 0.04255456772708877 0.019431324422037415 0.0958571995890652 0.010339540103236447 0.05484067112723843 0.0044894647608607 0.08333873540012429 0.09531060193717723 0.025891035378189955 0.03369829383211794 0.04765500235147605 0.027735474740812928 0.014112726273237109 0.0740661814577408 0.08297279337955628 0.08273299314474522 0.0654421283770537 0.03790321263300312 0.09582141262460091
68 0.016142769557712672 0.06241844301426949 0.06834595458874007 0.007883411637297387 0.03584354560725956 0.060984722060441636 0.05009412923356943 0.04650552538084533 0.042333755723280825 0.05478262732664383 0.05300065522186224 0.016464390090095458 0.047022192428907504 0.06855974297852503 0.05675360663818865 0.07374761687512045 0.034830846159059105 0.07343384260288932 0.050067620662102144 0.08078460221318978
69 0.07141053390224794 0.038899755851090255 0.055050555709838876 0.002098665173786266 0.07299556058724203 0.07988757517076174 0.020754909372367177 0.025162592239542175 0.10128799501394627 0.05302019938016798 0.0380861372428183 0.004797612735989909 0.040745719369720504 0.07074681508096377 0.0035062314992736136 0.01600764856181308 0.02270348529935236 0.10325475576382682 0.08480763309488616 0.09477561895036501
70 0.07195963973420672 0.09515430528819549 0.05420791172405689 0.06682932441116098 0.015423396992829845 0.09327001055018118 0.00290460532820845 0.034159089022701455 0.03615420938771188 0.0025403829792951488 0.07311333544397931 0.06887137063563084 0.13116636676957852 0.09757501700663666 0.009621360726799626 0.022145092086011026 0.026472389170792813 0.03884826418932944 0.05943668853284472 0.00014724001984898444
71 0.05914970060171348 0.006203913049829463 0.004639315055309002 0.01829952996353922 0.014336704023344218 0.006728398529115228 0.05371368021391361 0.017585371312353524 0.0532078571152112 0.11452203863457702 0.038268240136398256 0.07660153667117396 0.015479062305728125 0.017584255407026506 0.09866128102845627 0.09481040878085342 0.07895984839849843 0.07004754756188183 0.09498471387796602 0.06621659733311118
72 0.05768638852056279 0.07130586997831963 0.047550669604386836 0.019390858055345076 0.06475559799977382 0.006945297376698711 0.10898440290161095 0.05539838304177119 0.07895460000400377 0.0065401329565267985 0.04666189810840113 0.007829867147718696 0.022235099146483465 0.06267092440046956 0.0822718472778809 0.05117288258456557 0.08695954644838871 0.03984311069311132 0.06393985422188753 0.018902769532093428
73 0.03863449586199597 0.03256659880235509 0.05496773797394224 0.08221424338391596 0.060474042264629886 0.029182079601786697 0.04135295187522634 0.035262627422871 0.06230554528730789 0.07365324302768102 0.07740988119127909 0.08401022403557838 0.03221103023059502 0.018572013116666848 0.04537983339081124 0.05656575155895124 0.025039272481066122 0.05233030435921201 0.06895281613517147 0.028915307998956374
74 0.07446226852111126 0.012503617246150322 0.05154042938309039 0.04731348860673693 0.039750588430262065 0.07273316451510778 0.004567773334065473 0.062383184134974644 0.06008947524052105 0.08974428768041634 0.009279483415994149 0.03449426296579374 0.06623240983645252 0.07672040434652681 0.008620073119429713 0.011985482451192834 0.048614834984776416 0.07079056256077082 0.08546067371375515 0.07271353551287159
75 0.05711537346338579 0.08996886249707307 0.0560487272715682 0.041356452033744655 0.07287728630535757 0.0009287110860236442 0.030135267135400177 0.05532058916273393 0.02731457914373271 0.08777008367773498 0.038282119340132516 0.06800808949110973 0.02001290208391454 0.04898183681442841 0.06481845369205191 0.05754383829243614 0.065532637172365 0.010860725525671773 0.0732704488832472 0.03385301692788803
76 0.0058008014546675835 0.10059734512758027 0.0693301757403431 0.003598115060889825 0.07246748769441702 0.04907869420204069 0.10006066127071479 0.09187967080826562 0.04484742980981107 0.006523534398904052 0.017931401276736553 0.030528673014346995 0.051208460304866366 0.02076461917272058 0.08201740921332741 0.014073116413194803 0.043578741532651386 0.045984107438252216 0.05614896057236557 0.09358059549390416
77 0.01398114191684523 0.039192792764176476 0.08323716568221 0.0885764454914801 0.03298129527907835 0.08137313170237681 0.021188358010421876 0.08787713112537393 0.08069065384951898 0.055894854109604354 0.015481730438566814 0.08604901448865074 0.0887844101043675 0.004101372204992922 0.0035216769928531856 0.007225164419606962 0.09281358202718956 0.0843492566958359 0.0317293112183472 0.0009515114785030995
78 0.0614114408198519 0.026108484982389202 0.08803254788335263 0.06130535687450607 0.08318998594624527 0.055438434056685415 0.023865346838166792 0.02493668612825874 0.04502815681610586 0.09113453257557927 0.02063752699018615 0.04032199230006145 0.012886913257473247 0.08126889697029502 0.030127775354602378 0.05839365650551944 0.06760488324256587 0.01421829600366697 0.08477608719005603 0.029312999264432402
79 0.002826621362889967 0.018524118556786533 0.12530169299854332 0.002631724272518626 0.04613446122135674 0.01882475793024841 0.04499157337872601 0.06448781628827518 0.03933007316405511 0.04510625288254301 0.04203234387706383 0.010440102143227045 0.09831214773640544 0.07445985081880034 0.11195837818007469 0.036331972290810935 0.082811967397371 0.004542797375077461 0.11217842520747058 0.01877292291775585
80 0.0655247968225499 0.07744561868695062 0.08124229296278622 0.04860351916277289 0.014362420475932886 0.0763953977465577 0.045716857259034974 0.04270184784329817 0.06105102033141968 0.09013865744708081 0.02371304567919526 0.004162163107853005 0.08955661956651527 0.05061965998446808 0.07610388910012467 0.017632813880256403 0.05659702007146933 0.008116228268076996 0.04139117650636988 0.028924955097287226
81 0.01973346905066896 0.08508056881304328 0.08017057108065974 0.07426738498009815 0.0553124755265906 0.057618088335377085 0.041250809824868194 0.04136069393831124 0.0355778982846313 0.02638905383296018 0.01438537130007394 0.03618428585389562 0.015767376038895182 0.0815537033538861 0.07173468405427165 0.06442379751385621 0.020634043604498702 0.08578408165190304 0.0379037650345159 0.054867877926994935
82 0.020172192121145044 0.052292443030544596 0.009424777331496754 0.044077725947751334 0.017131524427292516 0.02294122202885474 0.06267611002246033 0.06828860073867049 0.027410914531779993 0.07843118412199247 0.059483299167540006 0.0777995757118054 0.06629671532818805 0.07703332224777071 0.06769136341442768 0.019528664467069825 0.07891812343081243 0.002691101672379781 0.08289790954319098 0.064813230714827
83 0.04138396639020522 0.10544630097783356 0.037936303131863136 0.052210210484279096 0.035307745164608925 0.03400946525796732 0.002987012298903862 0.04133440024446914 0.03803212076754519 0.03956419986685407 0.025136938217235588 0.0725668618196135 0.006189156674408186 0.054840197280426266 0.04659270477601303 0.004571479801055222 0.1146671484678802 0.11290741041725401 0.06486103864770741 0.06945533931387728
84 0.0016839116009763103 0.06900959268369344 0.09173410875231813 0.07588543198018635 0.0931256066293682 0.03394360324395408 0.03646054871519039 0.003611489224185108 0.09100293159886445 0.0615707018570408 0.007020703188618146 0.05446300618361188 0.006633259590828806 0.02427525666321106 0.09233803542059454 0.10251746746785871 0.05412459290263248 0.02337895951563154 0.011947792835959889 0.06527299994527579
85 0.046468828677195415 0.04498984314820472 0.018247283498518528 0.0677826413979032 0.014072473482173413 0.0736754718307538 0.0866909260122674 0.0027974000924239446 0.05026196067651951 0.08022208830808204 0.05680969798614963 0.06947633072627875 0.020939676889361863 0.01766595348624941 0.08533483908042823 0.03995702703950511 0.02308522719896248 0.07558806006603558 0.07589141635991778 0.05004285404306914
86 0.069034645511158 0.06894258392931672 0.03892055424917164 0.052336731686125904 0.03357044333647885 0.03748327229005886 0.038246671482224597 0.09819873706630929 0.034962698556801 0.0058896150658835165 0.016540622457270962 0.08581486408275461 0.023183608725981974 0.03159743513849745 0.06719849487107454 0.10012705864943536 0.07597534876079798 0.07138020011971534 0.014578023574177451 0.03601839044676613
87 0.08133843434702233 0.023235543355273034 0.007686951632971076 0.08235633966352178 0.09695919624370183 0.04603895832224881 0.008375201438017758 0.031079849065307103 0.032608823317944235 0.0009012236161881255 0.013074325147813898 0.08791686780423627 0.010739553763329898 0.08680981294665994 0.09734415229247174 0.07606567978480049 0.05907061781261111 0.029628038858753186 0.054467609034123475 0.07430282155300383
88 0.08972157655136793 0.047708249348964935 0.07301496133854272 0.08821394251768475 0.010709858756178617 0.07900565720594276 0.03107791289112224 0.05059997535383892 0.0560305193273165 0.011359133120075578 0.08459169201300709 0.038637970932914656 0.05803465428651928 0.048100880178831094 0.06239833761955668 0.05743992585545051 0.02294040613467378 0.008738925281227553 0.07141880386716666 0.010256617419617628
89 0.06810857304414791 0.03582663828635996 0.0748902537295377 0.0842968822105189 0.08818913436132295 0.07152380951615714 0.05541834682442913 0.05077214726210442 0.05386936516192986 0.016612697758491664 0.0018646866968212294 0.0015606054155326765 0.06995051385437424 0.08106180876361883 0.08307123454894522 0.036074638772520304 0.0005239097373804771 0.02452284127927032 0.05304424961812041 0.04881766315841644
90 0.07255428114918204 0.042517590835157666 0.008402541709749082 0.0648177643643527 0.09888567613175923 0.008439538898131344 0.04298622002891667 0.011819998623953238 0.04357018258303817 0.031268432749172764 0.006018222947959138 0.06822749664425554 0.05818409469126644 0.030669719506351934 0.033892885615462935 0.09736514236681493 0.052527842202458916 0.03642122921062762 0.07684234383569845 0.1145887959056913
91 0.02834381276161469 0.06796275310725522 0.0285026098227655 0.051582894512377686 0.017100329124301056 0.039104524904180704 0.008096617273029615 0.04347270534809341 0.026369791655379563 0.0021376318238060686 0.10031957328541581 0.06451521727259853 0.06441928274656165 0.06910467182312115 0.0951078877403044 0.04398662713668404 0.10489499555076824 0.03970452072889612 0.03816484296445511 0.06710871041839143
92 0.004323411200327456 0.0845688031758411 0.01917260138227589 0.0664934748909986 0.025492251750903788 0.05048489790143655 0.0794910044549104 0.005593891770821969 0.06396826246318962 0.05518993439991423 0.030689972941347652 0.024848465011253124 0.0030072789015693703 0.04313112125844469 0.08478316510852546 0.08230805953949152 0.0432008454832521 0.06544800439491825 0.07900584104454399 0.08879871292603435
93 0.04400059621184478 0.0735098687776031 0.030183893136217554 0.0050213575258052845 0.06807263450664212 0.03600385408721546 0.03991883402769022 0.07862341024893733 0.07415107787538652 0.08025552680562886 0.009066167426002912 0.03034900759536593 0.03995626410650792 0.07928853442477775 0.04141258840609629 0.07282360824988887 0.09097612724381009 0.054468441185769635 0.00013241271219421587 0.05178579544661523
94 0.0164983361918791 0.03262349189190564 0.09339738941022048 0.09160631172545232 0.07953461666063867 0.07370716294909686 0.07348798148851607 0.011322289949395898 0.015057594271508093 0.05900458225459774 0.03414653608685139 0.032383817855315744 0.05851477139039375 0.01114021909134384 0.04851831970316094 0.020121169327262954 0.0325896546964962 0.07320082248813531 0.06339935648651794 0.07974557608131108
95 0.08361423829828012 0.015102238449168701 0.01444881684147721 0.07576397124505671 0.019523241720852905 0.018229560535741363 0.016032512316402073 0.09435639610456244 0.07262795230190222 0.06281888348099814 0.05354043021218305 0.10828538110232083 0.02673358105426549 0.0008934275543993264 0.056673028486957856 0.001036393345175887 0.10542973812035325 0.010923555621115293 0.06906512718809583 0.09490152602069146
96 0.06825687108584141 0.013839276958844678 0.0805415135976422 0.09514885582922963 0.03615911255962031 0.05081365683419269 0.001855324886485338 0.10489145729199736 0.029900699441549692 0.04413952329486211 0.027398202761803676 0.07962797666714154 0.022634376421735585 0.05226157454786385 0.02007389078240905 0.04114791218442447 0.02510937662880541 0.04709029450640614 0.06985780278038677 0.0892523009387581
