0 0.0008078507149890731 0.08768004368485693 0.005816482564976885 0.08144812885956278 0.015556863315574637 0.007702050849995673 0.10788399423768225 0.10472296486369526 0.02867279456120591 0.01417442054245349 0.034403004602070665 0.02819437389677964 0.09961619931164485 0.09394666094819133 0.08243359062196993 0.06547985708700674 0.014278369872823209 0.0701784877309105 0.04517065866031354 0.011833203073296774
1 0.049245144980266206 0.0039384071780223535 0.06056028241260279 0.07136141040815663 0.0812120411690897 0.034038509961848054 0.08708250615679922 0.039549173710362054 0.0418927561786141 0.03187480625987143 0.07820599186529059 0.03753323974007097 0.02926095702337263 0.041817661055838534 0.025566095165031506 0.05778245409155255 0.08637180946075934 0.0016021390248952443 0.0526676803496812 0.088436933807875
2 0.06846106745030571 0.03616582586366806 0.05432609234826702 0.054273580194443415 0.07168167781232494 0.02539172626521171 0.048485189432169125 0.0661878377234516 0.017608255156368963 0.03654695693343978 0.06307103984441845 0.06258626987546509 0.02536958708738872 0.06317768423902556 0.07181328958639017 0.014855728749829971 0.044186858168483764 0.0549398860634964 0.05330712804188322 0.06756431916396824
3 0.061755920204525444 0.0659663013605551 0.02347650533410312 0.013891976907595178 0.08006414271274849 0.08069036051635387 0.058989674953058534 0.004835013987081189 0.04285494718849862 0.031532349109453114 0.06319023037054075 0.08066980358795785 0.05071838573677588 0.06942036142002328 0.07438518327742774 0.046245774469340854 0.0006188120476154224 0.0661902008442087 0.07891093821109431 0.005593117761042424
4 0.0406890185307516 0.06872090278698427 0.021230093962073933 0.06400504691064815 0.0011806495613367592 0.06312029442148774 0.036197975714070504 0.026062890590616884 0.04103603886901766 0.042188153153199896 0.08837531798596547 0.011152651997333205 0.044090457317826924 0.047970014650164775 0.04869937818190776 0.07527730725943407 0.08141638157698142 0.09132033719005642 0.02310375970866032 0.08416332963148222
5 0.017088485467149726 0.054189902713863355 0.05870952163454843 0.0761788773539091 0.03568359692552185 0.04211106586245383 0.07962431148568863 0.03637343193807209 0.07854944483824172 0.06275061602340247 0.08167055914578188 0.03209562015060194 0.01856436710918113 0.04012756653028881 0.006743769016918618 0.08039060850457369 0.01295105586636567 0.07474509396594091 0.08050636112994815 0.03094574433754795
6 0.0018654522062294785 0.08618708338957001 0.012627707496297966 0.060871400269852535 0.1002136461839019 0.004969697161057291 0.13356401741850918 0.02992390385337772 0.0637741366272031 0.027102718004726144 0.05042338537632009 0.0012904714238694576 0.05615434422663941 0.01803413826446133 0.029741946087767954 0.0985377310485973 0.0060673393337488555 0.05626633350418872 0.04435634655687917 0.11802820156680222
7 0.02626527017460846 0.07354085117211234 0.03966058995950936 0.04590777305209694 0.0401626333700979 0.08132095627933345 0.05764380962346686 0.03882965051171946 0.04934258366261399 0.05589206201633909 0.08389553809429169 0.026505356954689568 0.07132619182210607 0.005031946194267045 0.0790780787658175 0.03561887500525746 0.01740514273377556 0.07545249166183447 0.03516492572934636 0.06195527321671656
8 0.04176605948599392 0.013953507415429181 0.07747191526985424 0.0540873993091844 0.010436986678446185 0.08403199352744904 0.054557396431431406 0.07628296032834624 0.015385306048656358 0.05074596671961271 0.01829755701996175 0.037112555581885 0.06081669496368422 0.020919316999648583 0.044367418002252176 0.08138716909924436 0.08907857540021677 0.0444171637415803 0.041561561481080395 0.08332249649604276
9 0.003866577520858784 0.006329197442192269 0.046144566414885034 0.05212780347960943 0.06564606129414634 0.010733352034706505 0.03829903553087305 0.045085455833878685 0.045541364657027635 0.037174709932352744 0.08888698895548951 0.09180435157059433 0.051601748540009096 0.07053453847995272 0.045616986586872674 0.04118673149637526 0.002549987638987828 0.0948330179666036 0.05833087112270172 0.10370665350188298
10 0.060720843636876624 0.05420717338901881 0.0030286358417956722 0.07665393814098413 0.053768444664473634 0.015396314657979736 0.013627673071513902 0.022635799198444436 0.03812127220820428 0.10145737113265567 0.07175372373054073 0.06976320822357716 0.005580728296681492 0.09044136010687293 0.07991613992428918 0.011897664963465521 0.09810635323939956 0.023503241702148785 0.09646384538954667 0.012956268481531055
11 0.0503908559455142 0.08417473042128666 0.05254173451219546 0.11590288104657073 0.03112800841218054 0.06933298239669762 0.029310106088107246 0.07581131491405296 0.018780756181523386 0.017634174268155133 0.037040156911882414 0.0715366485865361 0.004353570040965402 0.06528571360906099 0.032357380985179415 0.010124734814362721 0.07524939036866495 0.10408856959869221 0.005984370049698804 0.04897192084867321
12 0.0502243487268479 0.08641074727212952 0.030701169263593144 0.006900970659184602 0.05683673315908172 0.06732011245729842 0.0010560333001623165 0.04157731867623082 0.025858416997180677 0.01735284854618969 0.05773449264537241 0.0840909149691702 0.08538867218229977 0.06338047262196689 0.08778903744624687 0.05238051546864327 0.05840810082662042 0.03348296444175504 0.0005375976528273649 0.0925685326871989
13 0.06652182797155981 0.06514242773665571 0.037923229407930595 0.03115206341159247 0.03952226086235978 0.0656688026617583 0.07945452846813691 0.05154337914675332 0.06586578727881325 0.08049887814706265 0.026443111955786396 0.02480588675264891 0.045171505707283253 0.030680240141667987 0.049222100535771154 0.06343889079012885 0.04368736644405018 0.04449936871541589 0.0642910623100551 0.024467281554569544
14 0.05064219984574851 0.021764283781168278 0.05446716512847427 0.04990752737879812 0.028311930436429694 0.09948419198686338 0.0367690066801013 0.06402469033228958 0.06196808179643935 0.028502035551245107 0.02356482714090916 0.029502033970656903 0.05854847548330154 0.02345135729136781 0.0036999214055826015 0.04746065441844378 0.07859713674658324 0.09257203362200184 0.07417043930275423 0.07259200770084126
15 0.029461848909335807 0.004299477881528638 0.004840437198497595 0.07435488296547084 0.05771212283525262 0.07489875605886598 0.07894665254000614 0.09803148610500205 0.09445580790618353 0.032051679450121225 0.004838530323267414 0.056791011608208486 0.03882061302022666 0.033251057365925984 0.07374099094186118 0.02873447317851268 0.017845351167647336 0.0827629994013461 0.05228031938432935 0.061881501758410104
16 0.025634327492521557 0.08666531284583581 0.0012131583534514797 0.06073204540488051 0.08334000712734155 0.07994129195493144 0.07109986202410383 0.04997294202368337 0.0006249455419412628 0.05326334126702736 0.05742631751850539 0.07740503777277015 0.04583871712367319 0.032581716210900905 0.04460821693398747 0.0029546853789553483 0.07121252310868185 0.06438883462153608 0.06984684020155713 0.021249877093714252
17 0.013731723064743752 0.07958915883813122 0.08089284878533597 0.03921356936391524 0.045217357299798845 0.034033803719465135 0.03526614295695345 0.07503245919678522 0.07676176671281924 0.0685722437554167 0.053114505815748815 0.024894449836026816 0.057492136018810355 0.05958646277022134 0.06266611053735614 0.03525204105558845 0.07931513362517394 0.018069377739560678 0.04409901109928925 0.017199697808859316
18 0.08309947153766689 0.0715945928780001 0.07874187149458646 0.08988985165219693 0.0031068123938432545 0.02507177627842789 0.03719508927630611 0.09653566739509019 0.052821088647515474 0.05903305382705696 0.06837199907979648 0.0036466089235151007 0.020903720494366923 0.043158330794996765 0.04441592755851366 0.060963279999996366 0.027925744039769666 0.05958599995199586 0.04949559538763838 0.024443518388720414
19 0.05481206260263611 0.04320559724026378 0.05362723526826836 0.001119351275104773 0.04731827700024173 0.07320921880044604 0.044447558431585446 0.07349807563391067 0.05754647318009216 0.06637575811726562 0.032541249791751145 0.07135656386560753 0.07001598482739554 0.015530721735513831 0.06652989933547133 0.023573397226700876 0.060898195489773294 0.02674541960905451 0.059179737829439485 0.05846922273947772
20 0.08180794476140185 0.027955411691108593 0.08222585552892404 0.07728801049887878 0.06339689037040822 0.04230720244542237 0.002762550869227253 0.02476431485759805 0.014623798013571727 0.06136539665716035 0.08548886524626083 0.04876640766904332 0.02784509648014231 0.05670224761586454 0.016389223876363174 0.03494614494862007 0.047197443046809125 0.06455811536372608 0.057002410134830116 0.08260666992463923
21 0.04787890371928379 0.08813866505581279 0.07988041210073708 0.059948426377113576 0.004585979542167609 0.0009125883771362123 0.06753627534057374 0.08208855267854212 0.09653209016005253 0.07040645969791368 0.018727240016837572 0.025258790669826628 0.032489573425251196 0.08398298930576104 0.07320593130520277 0.005252348986395963 0.04457553454843269 0.02199234387101117 0.0647187426587304 0.031888152163217456
22 0.04187936337812991 0.03355174948843197 0.012443778021407982 0.04192601211594706 0.05184666942842713 0.10385632478028148 0.05618640313381117 0.04122227203334113 0.008752762110251057 0.0031162386409430316 0.06804458844652256 0.012260070774860075 0.07287146553639046 0.07874351220877483 0.002153961856715105 0.02174283983781317 0.10071289937833099 0.07628666071109853 0.10702271561601366 0.0653797125025089
23 0.007187427571549593 0.0923696559103883 0.006553315228426706 0.0827815698485855 0.005734478343109609 0.008328296430232512 0.01704621728183542 0.08697702657968266 0.1009503554010846 0.10592790187781509 0.009501160302319931 0.11367877779210697 0.03416893707772685 0.02613136149012543 0.022421181805864842 0.04499908409436523 0.05264369922684071 0.027379466400202133 0.10733011064847926 0.047889976689258526
24 0.03623991189304118 0.027377233737036124 0.0769430326658657 0.06282737154076089 0.08436775589152527 0.05366578035143976 0.035019342460609934 0.013197195724596239 0.06680198268661845 0.046098566777602 0.036098559066032355 0.05604215253032336 0.06254555323196505 0.06821738153115203 0.07954816206449904 0.05952378236926139 0.06678730371751097 0.008437709210968808 0.012107675505246164 0.04815354704394535
25 0.0021646059408477643 0.05524624835779084 0.05081420628035199 0.041226616057128754 0.07461138156940289 0.011484118468126215 0.08654890306036209 0.03155057362436795 0.011652049727125875 0.011436452039336695 0.08152392598141195 0.007558589621013367 0.03814538733477182 0.09628430047093935 0.04440496494142879 0.014144802871993505 0.08282087612350073 0.08079327619553342 0.09494667756004625 0.08264204377451989
26 0.038580571609914543 0.08420164684404118 0.07570079730967517 0.0520335220136 0.002071511173928906 0.09095393797856641 0.045792171106362065 0.04451567015151442 0.061375659786662776 0.08842600766941 0.03482725347679665 0.06380432507431087 0.08675922650965803 0.034467880964712996 0.006885820138641817 0.0004945441842549429 0.04228779130100366 0.07416248983202028 0.03341083361374453 0.03924833926118085
27 0.022682756924197797 0.03797884707724098 0.07167336801646336 0.045373067784996696 0.011859560596737513 0.03435386129556233 0.09045955529145386 0.011174167026560492 0.06237454059324512 0.03148865135677155 0.06028344171542889 0.09793232321740433 0.09399542389213932 0.06333337035264928 0.058075204241132064 0.011301661585257368 0.05456849371306107 0.05786890627960059 0.008998787966204572 0.07422401107389305
28 0.07907709219111755 0.09154954687743047 0.0014624539118691464 0.028030964243410166 0.08559966291875923 0.0230633987091067 0.03512929841405913 0.08094734761342584 0.058016045242350024 0.08330251739059767 0.0158317510074504 0.06188629531743457 0.07216615670292925 0.010906620334057789 0.026894846192594694 0.0749175602150435 0.04436861656532284 0.06953403733385555 0.046569341741487295 0.010746447077698274
29 0.003965957641970725 0.002952407380987695 0.04020941509619736 0.04287218481958458 0.06671214676257638 0.015642511458746237 0.08172917183448665 0.08540699622281131 0.0654595934403662 0.030682245719989027 0.03574480296356366 0.02740503605863769 0.014120377363452253 0.08557639361902962 0.07700278681178327 0.10269312852311534 0.025966929848131672 0.03775140363426949 0.07573507630975079 0.08237143449054996
30 0.09672760062117512 0.0065384824917090485 0.08676858686415886 0.0008414832032490475 0.04620707445507973 0.029619202432626182 0.050966148514330616 0.0036911689975256106 0.07145171705264275 0.0868804344891404 0.08018266344230583 0.022994840761217883 0.09833070025348853 0.078645885679221 0.034865905795163465 0.06577841808342214 0.051791570470359254 0.021385435651147294 0.02703113016442946 0.039301550577607945
31 0.017979037762438272 0.1394559127163206 0.01732311694095262 0.0724854725440163 0.05633871205183074 0.08821355888400007 0.013214752242860915 0.0039066500531965195 0.05914930856100297 0.015226846694519408 0.11659125035062852 0.05274495958420255 0.0390140689005508 0.04434068029746085 0.04210498495599337 0.001459143437827127 0.11753459727919995 0.014209132023102193 0.0031499969573670285 0.0855578177625294
32 0.07942805200103129 0.051683771941465353 0.07657416296443899 0.03707935996434644 0.023026140489691302 0.10487861646050105 0.01464073597343086 0.1021547030032618 0.028497574869065623 0.0008753560439332796 0.031761134777365856 0.012486296264945925 0.018267871424695284 0.019145739819193434 0.03923383782025216 0.00617924204483366 0.09215508040842439 0.07550762326663125 0.10053116675505216 0.08589353370743966
33 0.0445955889956484 0.07009296770486238 0.014752291511795083 0.014080575207405103 0.033312048989301686 0.08281932987542409 0.009626719708310328 0.0829678326104878 0.020690002545448734 0.09102298026541314 0.10564694461675772 0.027670525142941296 0.011308056910559874 0.021235522984919483 0.05362453544462997 0.07689162527777788 0.04892344350893285 0.08920818445960299 0.010841241680759084 0.0906895825590221
34 0.022572686175362778 0.03929488180207724 0.03195140721950396 0.06550719751862565 0.09047401022683366 0.03682751129559533 0.022711656283235675 0.076896856402578 0.05685794189094773 0.08127624233959149 0.046292755158456766 0.09474540669243336 0.05495299142590298 0.030718194500826634 0.024842583100465634 0.05664124277202245 0.08188821067569917 0.02337614913342686 0.03165741495247396 0.030514660433940664
35 0.018333478651520418 0.025269433145201702 0.08127829548512025 0.05853071106766213 0.06775810538760013 0.1005204879062804 0.035591980885402594 0.05257463687630322 0.008696062099233145 0.043067565346645666 0.09080686076646721 0.08337504993487814 0.005544234442155206 0.09953264605470315 0.020841170885697067 0.02936111218134329 0.038601068528624535 0.03506459917396644 0.020447749950821503 0.08480475123037386
36 0.03700082965011365 0.025481704638435486 0.05798775105156479 0.07673746317830982 0.004828978291122017 0.08580752532979227 0.0933893678101705 0.09897195000036844 0.026104089216563545 0.03026839183298533 0.04840478241553233 0.08749422436661478 0.04789190949010106 0.010968246202360034 0.04849281520250745 0.04123306710068904 0.00944542432679514 0.029067019860645676 0.09356361932402024 0.0468608407113085
37 0.05323707673555375 0.013588335366248427 0.08097423712991743 0.06968895864451986 0.07991106974455157 0.02865046421133076 0.02965131135694585 0.015792660168537365 0.02560206766385247 0.04933507500761297 0.04440473770194957 0.06922823190884324 0.08046901553500073 0.07030870273380996 0.07885656156600562 0.011108028841729707 0.05171738499225114 0.05969965483789848 0.023952739567624982 0.06382368628581611
38 0.0824137636903372 0.10994402038824837 0.05347143026912399 0.05081298207865064 0.012001623877540701 0.040941301024198684 0.09844406473096663 0.020724969047834704 0.0014842603058302971 0.05303138420953579 0.05673962196110605 0.009924641122025546 0.07377825409540327 0.1130486519010835 0.05374938966476107 0.03220741120150491 0.032980887254954155 0.013739292436458316 0.05495008889458531 0.03561196184585072
39 0.045262589170198826 0.07105091890269302 0.07709253189044596 0.06196965955254169 0.02463393740859458 0.02916374077039384 0.08911834195265707 0.07361682896423338 0.01769305474654776 0.06813376226225487 0.04499580932114123 0.025400061490587437 0.05550541976262496 0.007851654065485218 0.10043478929218265 0.016346855949629552 0.07704954858253356 0.0028716586872491214 0.08744021204570462 0.024368625182300728
40 0.0360627979810385 0.09983146776207141 0.05837834031466601 0.03751944310853346 0.08147512021392048 0.031676308798066356 0.01713149408083487 0.03823803133563492 0.09835040409740525 0.04063206470463842 0.09837473012875712 0.03840524093857859 0.02430252586379018 0.08032431512520823 0.008378453107795128 0.09403944484168064 0.04495476839687905 0.01874838105546639 0.00207949007257828 0.051097178072456784
41 0.04127223288887357 0.03900994325964569 0.0037825004806578758 0.021902375199936732 0.06766810007030953 0.060316027218922805 0.08013056524533417 0.08023862959390084 0.040211297244381695 0.07823673365813542 0.06270546503806436 0.03865603338881375 0.0018900555445470573 0.02962920363478618 0.04362707360848849 0.08181958651065538 0.07047472130090085 0.08141138834077495 0.03958373333191802 0.0374343344409525
42 0.03766222167364918 0.030182256909060835 0.027076424048288895 0.07145401412039808 0.047172439886121416 0.07813019003558168 0.0581988124132714 0.07756340611999081 0.06734909655866614 0.06060518681721309 0.016285037061626206 0.03433028004643874 0.07449903079948958 0.030506984461205356 0.07239816445321781 0.07719546079822184 0.02678240405007107 0.02396147969772072 0.014018937038514267 0.07462817301125287
43 0.07013578097629099 0.028884460542524547 0.06531651803349817 0.09008644457606106 0.039497840366127246 0.029481281869250975 0.04918387174977938 0.016497622035611382 0.07700219678779849 0.03212234413371474 0.0019570782793974957 0.02445076895300647 0.02177917374085591 0.062486875699850966 0.0666244328525356 0.046477169961320196 0.07969969994556632 0.05766055857237646 0.059149742577042065 0.08150613834739154
44 0.009766515432112545 0.10862852516213355 0.11164343481465543 0.06129731675896995 0.04485117441063464 0.028727514054020672 0.008086368450993545 0.022249610823285932 0.10505742502724351 0.021323227702821742 0.015342916255020187 0.07429908296519375 0.0869235934480669 0.048707125732015084 0.0241838956058484 0.10628318025592062 0.07715154605856853 0.002478184852778679 0.03511094200439857 0.007888420185317718
45 0.052359396580115715 0.05336765912740612 0.045683039918827203 0.04921467138847426 0.05952338677649332 0.048798448299066315 0.06970447036923362 0.03796964441415573 0.011233130963582494 0.04855910109027675 0.0783281939654885 0.09512640174366617 0.03381655701998472 0.010608075008562442 0.03616189628120576 0.0842913664737399 0.07645982144643908 0.03660641453328904 0.01060255783854025 0.061585766761452755
46 0.025641514009479668 0.08569786378928602 0.10107813032016981 0.09010229713042174 0.06870457350176039 0.06081625424310651 0.03809294388907228 0.0023866457809806002 0.021463923584328706 0.05972907503187074 0.06632023895164153 0.03683296191953382 0.09878056090082417 0.031769019685494004 0.025980381181408534 0.05949117434986901 0.014399051332075481 0.04065461032458658 0.05354079333739649 0.01851798673669384
47 0.0713001434752906 0.09240085897023782 0.013966512651268729 0.051738462256368724 0.06635823024460698 0.026523735687280153 0.05782971178595054 0.0397957367609504 0.09240111368432606 0.060215751830908895 0.07333792032074646 0.028681596175060282 0.08093311406154802 0.055971148073551635 0.01847509965289163 0.004154155627316103 0.05232661764259053 0.04450051617894786 0.029207375584578116 0.03988219933558054
48 0.054412702143292524 0.013693577300495915 0.04885223632741371 0.037885456489741516 0.021888724411799402 0.08622295836549175 0.07146438261999706 0.05319185415095958 0.024217431560567892 0.0675953261938381 0.07785886503426934 0.04937709932197471 0.031015743604512105 0.08518841105446226 0.048013168342140665 0.022926862922432536 0.04241866770728315 0.041688228012563396 0.05967931365049722 0.06240899078626712
49 0.02527201016784106 0.0490679819460173 0.0800927578087022 0.00208492948936806 0.021250492334009018 0.08040992633660965 0.03548430836198475 0.07171575222475261 0.08659775303296677 0.04041524468521523 0.0441741786267211 0.04310178835613573 0.048950119357589784 0.07232325069252422 0.055449475131642716 0.013027787508914942 0.09433191252503521 0.07837987412960484 0.029309762175056646 0.028560695109308185
50 0.07592299282127682 0.050936900612226346 0.06910954976297846 0.04445896276436548 0.02271639354864224 0.039175393390978745 0.016602018368844947 0.0750810200797925 0.029379690122442337 0.04353296056072695 0.053269942104381386 0.03183186526482318 0.05694546205244424 0.052647767599195816 0.060584000528574225 0.06747053927932484 0.06180215929724568 0.06537607120947873 0.07906145751141117 0.00409485312084601
51 0.005801266107857045 0.09349189170698553 0.031821252474726766 0.07905587166624439 0.08741223279139669 0.02387029081448895 0.022464177361216454 0.08459108994839268 0.03298514851642289 0.01931296458703902 0.010681314823261531 0.03844576511780488 0.053144477540563125 0.09526991426960775 0.04489259546424376 0.0884004810324042 0.0528207190516082 0.001944282352874995 0.08516953411859036 0.04842473025427084
52 0.04580210407677833 0.05625208842867427 0.07249507484464837 0.006639645487440032 0.08332369942071514 0.040756429969363336 0.026666445425884054 0.07807133705170477 0.06184409873902368 0.08426115066890394 0.006936693843100756 0.06356899141415223 0.0681105637897198 0.04369246801497931 0.020584087609488363 0.07626788243437828 0.04985000659000409 0.003682073767826388 0.05026605648122431 0.06092910194199064
53 0.03623834340988908 0.017096506008553856 0.02904324029251014 0.02434879949329819 0.03902074075601997 0.027530552568786407 0.03006566036534451 0.07923393666608886 0.07431961308934128 0.007873141547144394 0.06175656379218096 0.03214791410173134 0.02834025431443068 0.050204747348079753 0.07741501792240763 0.10902968270647846 0.009541614365480549 0.10244833856147598 0.05287950252066671 0.11146583017009112
54 0.0901053218284476 0.012009004034103175 0.09282970295736559 0.033902212585641016 0.1012209400268104 0.10037297320622583 0.01707795925731692 0.029321617760255256 0.012300862398942106 0.09752914036166459 0.061502515222786776 0.05577274630640606 0.035399250326812556 0.10123970996474377 0.004368194810304705 0.039785191846557974 0.05175622578604373 0.00398795092710119 0.0052252517631482635 0.05429322862932242
55 0.08117087360723538 0.024032018113005354 0.0855889214419395 0.017991969769560856 0.0477712085806789 0.03389614722518518 0.03897311658708636 0.027864973422241892 0.040968203717954135 0.1009494075094048 0.04091103638448024 0.049075251672099245 0.10475869723603787 0.005794897712616832 0.10942914534887199 0.045752853648309694 0.00701995314094036 0.046282095024363805 0.03872076676271439 0.053048463095273155
56 0.0033416641452499963 0.08259210889178778 0.0429057444625659 0.01452495705328346 0.029283670959543814 0.03477029258726195 0.03279318168169524 0.060376720650507136 0.0369973051019599 0.0639583232186 0.05129014650140354 0.08106870229801594 0.07363485220289341 0.01059162917691756 0.060576694198278366 0.0626316234497666 0.02857822822269552 0.07226538177633164 0.07359390511930712 0.08422486830193528
57 0.07990099286488458 0.07549192082940358 0.08034160890103187 0.07243320576948613 0.05390718704910554 0.06183615505583669 0.016965679680940465 0.02489547904825418 0.029218886582161003 0.02953352213505054 0.05144003992573361 0.0654128048366775 0.0436307559217013 0.07896912335958768 0.02697615354483742 0.05831381711120761 0.04727371441152288 0.07983380404698591 0.023507947740941015 0.00011720118465062811
58 0.057091013896758094 0.007397981806605269 0.08380216551804182 0.016202698437331298 0.08545251183682144 0.02103079479701392 0.036174679321337215 0.04297689237962482 0.06420180627039869 0.07667646255348032 0.021289299046689122 0.047960873230952265 0.014677761585998986 0.06676121942467653 0.0774628600512935 0.010648477497858367 0.09577749972547024 0.04768815325797278 0.07324774341235554 0.05347910594931963
59 0.05366531754432247 0.02836336776704019 0.07096191523713448 0.0780986012851356 0.08274468522016636 0.0047722931544281165 0.0707880690017194 0.05455262170945949 0.07976627134902001 0.03678970500361092 0.03869373286232051 0.031645507923684556 0.0310083074300373 0.0734953886752723 0.030622595784033632 0.07644736545272451 0.038629593839313234 0.04990310061370624 0.024877433683883173 0.04417412646298761
60 0.057646229578598704 0.10154964529663586 0.05425483978024145 0.0455860084446216 0.018151547287234136 0.041520853184539616 0.006238411216595426 0.055966857065118586 0.09082459638003366 0.0450022769638594 0.03788369601850744 0.030958139200420908 0.016812359974316276 0.05466406488524613 0.07218232041366257 0.060571129905236686 0.020963025111879346 0.019495698547801206 0.09724209330166977 0.07248620744378097
61 0.056839099047854655 0.025426111271290474 0.008593649781340628 0.05773701258599488 0.04370964595443955 0.0488057722229274 0.00603108914776918 0.03512843387520947 0.02956889246971773 0.0958957234823585 0.01317155515110476 0.08863905007809966 0.06473053533320984 0.0840524820201266 0.06789826901899591 0.09371582678808046 0.08599810850306894 0.015470555073269889 0.033186715953717166 0.04540147224142427
62 0.027572377579855204 0.04948239293074399 0.02340571012725301 0.01818381366523071 0.05942596726662279 0.09412474321697059 0.08117548090183499 0.04337048579569307 0.07955541328168443 0.04807787701615266 0.004642306730823153 0.07906236667892313 0.020776904179448184 0.03978108864869548 0.03046267831107731 0.04160535185075499 0.09667695334772353 0.03850228993906479 0.03065413188084042 0.0934616666506075
63 0.06974793211288516 0.043421060463625136 0.013243376625900305 0.0822784441202592 0.09168755457303555 0.025450537782251988 0.04120239190828956 0.049904748906031894 0.06776391886995746 0.06776161732417824 0.05680151274472974 0.024151132590066616 0.07808835901931063 0.026499988049870245 0.07358344363947086 0.04382638768466425 0.03419458675397516 0.02385490135610584 0.07688717240184896 0.009650933073543163
64 0.10303279290977602 0.0021577878582139266 0.06504381406890558 0.0014545155324634648 0.01109457680931647 0.006627363785057555 0.023402016312058623 0.06208994135451115 0.006682380479357759 0.029441010208767698 0.021578952112104584 0.053023280100389036 0.08321609746898569 0.11766132136041305 0.030703514096015603 0.058553201956356 0.09711639153804225 0.08823122442113654 0.05472417638304002 0.08416564124508903
65 0.03759282150177033 0.07014725140151057 0.038766433201403674 0.002287758679325016 0.025624899298363594 0.08768846647712789 0.058024654992424214 0.08743169045596398 0.11969101704290477 0.04009368202479113 0.015764805082063644 0.006524118559864379 0.021332255570832213 0.005748288873772245 0.06005557261026995 0.10194995576496735 0.05789268220195751 0.09347789044886128 0.05565614897657363 0.014249606835252481
66 0.08089710626662633 0.058518211823609875 0.0704869092534852 0.007850149397135098 0.07231374481607425 0.06025541173333107 0.007553151395269702 0.06218567035080153 0.018617470594410955 0.05740219603025758 0.07818301921515668 0.08748829592024474 0.008849168763519454 0.08447256999014253 0.014345915871536108 0.05207692713168987 0.029493086430115376 0.05121036688980963 0.05991798545079391 0.03788264267599018
67 0.02028195429380727 0.10246513405714393 0.05038920370905379 0.05976125668837532 0.07911225523669672 0.056297500213652305 0.07388424000589255 0.029574402789486434 0.00011112464236683892 0.10138650763368087 0.08396121162017452 0.055690614986755066 0.10052974562613357 0.022757024371836788 0.05041236241005159 0.005601739444883915 4.887644539498843e-06 0.007148407460734485 0.01320743863865651 0.08742298852607804
68 0.0026902270346604545 0.08042588936282066 0.07286088131260421 0.07859627226840431 0.012114914570636567 0.029379348206232652 0.05775165618192617 0.02730865294223779 0.0899011519841251 0.0028554131555631208 0.10282233351903945 0.09453501752532223 0.021260763171235215 0.018598996776279377 0.010375368520742057 0.0451902964008468 0.003288283582608059 0.08627929305219664 0.07028136275117515 0.09348387768134411
69 0.06454862181807368 0.0907116899352475 0.030364525287961786 0.038101806514271065 0.02322802016414177 0.034299235905986276 0.019260442284018006 0.031274970948897036 0.031217293807285686 0.096824881885805 0.017292268455383362 0.09258707281001137 0.07755685940206926 0.03785240549287538 0.0686030250193057 0.019967462027539476 0.05068247472895272 0.0888976818799716 0.040920984332518194 0.045808277299685285
70 0.08658084963213707 0.023043687102119778 0.01563022538123498 0.02264789378751592 0.06125227026750101 0.07495759867836654 0.06883267494704756 0.010760442744653617 0.06649335419016432 0.014520976668000792 0.07987855724217557 0.036224627803327365 0.006932286117969411 0.10319249549648674 0.07209528206184301 0.05506127589451826 0.046823607663220995 0.030245549481735995 0.06359454945195257 0.061231795388028434
71 0.04838788200402675 0.027434239855294435 0.05811999975359176 0.058873081663800786 0.05103088433192762 0.0771416861965374 0.026595973704247374 0.0610191420021699 0.009428407771194634 0.01388822947349138 0.07433956978476407 0.07931060906165004 0.07887069257588711 0.03424203642326143 0.030238360080446523 0.06351254889972159 0.04847206866971457 0.07515063908369378 0.06362328902730405 0.020320659637274467
72 0.0443883660333881 0.05655042550588425 0.04957578653410509 0.06608652445731364 0.006392992612900879 0.021254721827187975 0.10283893589931241 0.10400417130534449 0.009438851877438158 0.04002569166514421 0.10075885291327843 0.04169100449582723 0.05920581770401024 0.0615674299251164 0.009624685886413974 0.041118620514383315 0.0627165866947964 0.0386951326007676 0.06685032774490965 0.017215073802477512
73 0.08538914221285193 0.07162455270981506 0.04724655795566802 0.01622734596307064 0.09445491199532416 0.025193416828201528 0.010968989370744349 0.05122804287201821 0.004330958233627192 0.05463302038107864 0.0482884961260011 0.016849723043258498 0.026570946519216123 0.056838649478762306 0.06961207944550782 0.09006199280380163 0.031962901120744014 0.09420224817805284 0.06376352939861178 0.04055249536364415
74 0.04269103317049797 0.05866005162071727 0.020236284446044486 0.07758807358776046 0.05717947554327982 0.004273019860315597 0.06599471047910825 0.0816992765159533 0.06235500381820022 0.036856239758994776 0.01272333388221196 0.08694358802700479 0.05514713533952532 0.056943928042047655 0.023623746935674227 0.08342085493843965 0.02478200447041635 0.08341362790918702 0.04459258461074941 0.02087602704387159
75 0.046321023434294686 0.01747485882833272 0.022084377080116045 0.007864454905310379 0.0633528365234284 0.08918630264903575 0.09079845336553537 0.08763865262840803 0.062349959508837774 0.04614931375182371 0.012163237032593331 0.015870684096500207 0.030144206127357128 0.019398068376409432 0.08168950609377783 0.04429845227130598 0.03228527056027925 0.06494774770088362 0.08554843232173916 0.08043416274403112
76 0.020263867857090632 0.04990203001844664 0.0447838244427133 0.05503051877471749 0.046347107834915684 0.06792816372625271 0.06531802698006606 0.022120554705458567 0.07550547668754211 0.08137145138168175 0.08038423437591699 0.03461237851736094 0.02201636030979028 0.059810286830585306 0.08590549862008348 0.01275083216033204 0.0058280737494975695 0.07533832546238763 0.02466852881206153 0.07011445875309938
77 0.07038891207987373 0.0156985302835112 0.08224082050058469 0.03702917429449151 0.07485993523215376 0.07069868358621506 0.044347986110427465 0.04987764100180214 0.0015534540245559704 0.03147743737492696 0.039949487589726655 0.06262186522266897 0.027343341571383278 0.07685220991906645 0.04839658121794946 0.07507922919714065 0.012170835528628356 0.02382561368424148 0.06554661933464002 0.09004164224601204
78 0.0480448824296642 0.030068934118277317 0.04544586689648683 0.07867517665721405 0.07323886236744014 0.09197724120829781 0.027748304435988545 0.07304242500375804 0.033390682536379016 0.08455090934687286 0.03200114891878103 0.0025297521002793904 0.05207229025832352 0.07453176093471742 0.060632339416245254 0.05380852379381951 0.0756352952952762 0.05283221995334399 0.009709218404455988 6.416592437898383e-05
79 0.06632459969708294 0.010236821295908801 0.010812373824349 0.05670605929759869 0.04295256240941087 0.024289714319185945 0.06418893737536333 0.08820968540718771 0.0773101521080007 0.0955867611015095 0.027994132093581748 0.016263943048358608 0.09204134450761224 0.0703794270904668 0.02189380964262148 0.0747104986503793 0.01808957295444195 0.039884732375435265 0.0636963238714531 0.038428548930051994
80 0.08535940716072939 0.06692934157805595 0.019905237244341203 0.008941994116514824 0.05164297428456557 0.031171191316682972 0.015845855877275973 0.0834964048936306 0.08421821192948019 0.07333547305963502 0.07050450933053774 0.047775381999114984 0.009202160490183344 0.05441435882893857 0.07116027056726226 0.03589101490698476 0.02935392800032604 0.038588674756023816 0.04640465405391454 0.07585895560580229
81 0.055646979666303685 0.023398142022725367 0.08776289318944573 0.05073102763325368 0.0695534581422832 0.02906931353574708 0.02387993132644975 0.03328878430695408 0.04789416000542505 0.008078193661125428 0.07700991814221994 0.0814798303041423 0.06634183319312484 0.08144458358149806 0.0033179815646625097 0.06516801932571013 0.07628322529504233 0.010809297827296225 0.01897229101354776 0.08987013626304291
82 0.06491515827358693 0.05991677312219801 0.08542115116625645 0.013357791482724458 0.06857129672819455 0.011335445625282646 0.01845909518250961 0.04986422836796041 0.05626428478838938 0.06097696636869246 0.06429425666323364 0.05675803028766907 0.03834810047785732 0.06669164602134507 0.018408271198657986 0.07670210356083419 0.042931815408913936 0.01602253210180862 0.08122299509746565 0.04953805807641958
83 0.02646159692354721 0.0058442487276642975 0.009223572504487841 0.0028045306210575586 0.0335316335237508 0.008969344470717507 0.05131721963835747 0.03655603376214148 0.08310623335403272 0.05591183174519997 0.004701117761007906 0.0797258105065769 0.1003824180975164 0.08824879133683813 0.0539772000647215 0.08543445092823594 0.08131256688997454 0.055726181183071405 0.09460475841869591 0.04216045954240459
84 0.027437730159731208 0.05049744243320731 0.030265234176220585 0.040218344522877314 0.004930872478204617 0.06310505527568046 0.07032669423824937 0.024075761903376125 0.08630155486270916 0.07392270521595613 0.06754722447666638 0.08409203391736068 0.044312676206157336 0.0074969999571737785 0.03909399905222671 0.02519784207903875 0.03415368175824214 0.05881222709548549 0.08787611336833238 0.08033580682310426
85 0.005260708289445486 0.07917164301491596 0.04330485133057057 0.03279795317129475 0.045616567444334934 0.017105250375464925 0.04218893203620758 0.02763834854356106 0.09070508802767291 0.08974742119163183 0.08376800355500484 0.03177067912761903 0.047788727061431245 0.005527598418360862 0.0511161259095256 0.07352525400577135 0.007133707003109925 0.0968804938436513 0.06104392718922627 0.0679087204611995
86 0.048829430325460166 0.07335316349371925 0.020414161710197762 0.04928832841931258 0.057737945261172846 0.014778054229240306 0.026816144568740947 0.07771755336017115 0.03620429008031384 0.035175602436159276 0.0403986838476401 0.08488807793994972 0.08463991150272752 0.006281761045767533 0.018332523539200687 0.025406981033080648 0.06758798652337263 0.07433104536010002 0.0769006140678796 0.08091774125579335
87 0.03473681505776234 0.10000855927609506 0.032769974515625355 0.02253823815476252 0.024117452699269015 0.01112840344729559 0.05719601096554419 0.02822930122578904 0.09918854458693808 0.061130139404774186 0.013422280365364823 0.05290603713437864 0.10351429181624314 0.030369937100103297 0.09639605344102876 0.07639761983602958 0.05688821773342701 0.043071016332097825 0.012659661085177012 0.043331445822294534
88 0.04311964969142134 0.02414980519479666 0.0007533561403038053 0.034255873996790004 0.02218080874956929 0.04077464769488346 0.07367292265462719 0.035810326891670755 0.10515442989527386 0.03217555943055705 0.06731777343376427 0.0328329171072894 0.016225866021471937 0.0033767788660582785 0.10431179014763549 0.09184051655577002 0.012030267157550123 0.07818943756037497 0.06906337895274298 0.11276389385744905
89 0.08316077803474081 0.0964044991605438 0.007989131359287785 0.05376815405386745 0.03978527480300823 0.09014906802257974 0.08493856461535806 0.053205631940254725 0.026171653393705346 0.07362146029178623 0.04188812956588822 0.04165831894151823 9.280020669290889e-05 0.09669822332337277 0.006634866574752857 0.055162343426763384 0.06397882041649972 0.0077246286658741 0.05674518706792032 0.020222466135585447
90 0.015320856270395002 0.06979417254380596 0.02201132269844827 0.01057798507702666 0.09308581605965094 0.08823535005141261 0.009689478286122297 0.0740927560324061 0.0266900614945018 0.056657003048420314 0.02506651583543349 0.038582677298915284 0.06290921017903597 0.06744299700269939 0.009077909441836802 0.08224309087453006 0.06160125805588385 0.06863208655844075 0.08915212982244267 0.02913732336859187
91 0.012022417204676776 0.017268085912841836 0.07697510209715289 0.04893571746786175 0.03411559673206764 0.03287296374639383 0.07567495798546535 0.0858951028890904 0.05759730417357852 0.032198885226673093 0.08366016425786571 0.06231128464839862 0.057559162027964524 0.08137386764857596 0.048923442276940426 0.05919164786536426 0.026274223700508945 0.02433631357354255 0.019215282464009616 0.06359847810102755
92 0.07142554293569373 0.060988262818703134 0.05027520872302158 0.024627640019419354 0.02912164374045021 0.039934281918271496 0.07715688178203056 0.028134733567525588 0.07260974551858662 0.04666403443618134 0.0749574411444899 0.07874874589681945 0.0023530955436542366 0.03796965065922623 0.05114769215307266 0.05081669973036791 0.05639067520546341 0.06513837404181956 0.04185041248018075 0.039689237685022104
93 0.016034494257567016 0.009388167673436943 0.04073092810615083 0.024749933856264433 0.10127222200727966 0.09992392308953336 0.01183283082639355 0.10408320264182282 0.029503933013614668 0.08928402556750353 0.09953111135148457 0.025868670392632593 0.05090261858819019 0.020194191612782308 0.10181265237301335 0.04557881406196037 0.03983310877970501 0.04929143699629832 0.0013647126484443617 0.03881902215592223
94 0.04940875050145787 0.11800415057508565 0.02109283146723956 0.12365767308574295 0.00201151687299261 0.039512225381067745 0.019470592532135705 0.022368703661312373 0.042461442755842634 0.09356494018744393 0.03347439258013777 0.09444039706580573 0.06712524641364452 0.0829345808625769 0.004624973638524209 0.058929334740953625 0.03197832886501589 0.0869175350074145 0.0022575591750713256 0.005764824630534415
95 0.031387682751915065 0.05696174411361113 0.084704546103457 0.042452123098899536 0.0149599505783671 0.06586273818177904 0.012561028102498479 0.07302918841547942 0.11370251461001309 0.004091724700234352 0.002386171729120392 0.009168683266364512 0.03546004163696323 0.06850522750307994 0.02990207314824967 0.07967146397431323 0.057635114791077205 0.013821048976138332 0.08742839741477801 0.11630853690366119
96 0.05811045063036483 0.07719296085745961 0.025472273962989306 0.0025698441098125006 0.0691966415729088 0.04662805373913708 0.09467683961625814 0.0887874265394385 0.020598604041017356 0.026137179548293935 0.06159891382360742 0.007553024563396951 0.03415570400976012 0.0743772426131727 0.012128169222050787 0.08416873487898527 0.03820208241872171 0.03155539242741477 0.059070670818054144 0.08781979060715599
