0 0.016093642053703238 0.029850343041605085 0.08720575212499164 0.08230446957702273 0.028335511753023564 0.06818271558930822 0.030060424669029657 0.048877450310127364 0.046990481107381854 0.023576578166438746 0.07543656679110476 0.04196320589971694 0.02602111106927984 0.05864987438582425 0.07717066035632268 0.0729149573624365 0.08625669235670909 0.0040373713486680915 0.028104061713981734 0.067968130323324
1 0.09609332139866215 0.054344979067786466 0.09757569336296358 0.07585645532111585 0.00633896209038746 0.015780799452081294 0.017940342396218938 0.06457608720416455 0.07349409874019597 0.016810440196964267 0.029450127747520885 0.03840138463748359 0.0859096604223864 0.05355574366506531 0.0533710901790027 0.07308834773731648 0.04083208433818762 0.01044656444680259 0.005678134450061983 0.09045568314563178
2 0.04282880498902056 0.03138694390616425 0.06094338517860292 0.07342999593726335 0.03502865634497778 0.045886758886872145 0.07749459893027225 0.05405064093279336 0.05113150401490148 0.05014491025024469 0.050593273563291526 0.032828378111924336 0.056984020563790316 0.07891119346315027 0.016887156819608447 0.01398608613670712 0.07706013115326568 0.06020500595685247 0.08295544393453715 0.007263110925759711
3 0.07783468734514216 0.060967606830583505 0.0278293745446619 0.058771557973083505 0.05426257552915322 0.09459066394756006 0.03837424887061333 0.07881434427172732 0.04650097912984412 0.07387508579508091 0.058985120795306885 0.08303365405510779 0.09935135133384691 0.014338542507321262 0.00864026820106218 0.016364913407627607 0.006135921932033663 0.007604279236226527 0.028054536264434226 0.06567028802958315
4 0.016030804685926294 0.014064345882224253 0.02834690239883878 0.07425639744527421 0.03546373280499925 0.06195850392551402 0.022167672869981416 0.058711637433372155 0.05462003833162872 0.022921286707719823 0.0800875158319109 0.020244081014086767 0.09550613243216852 0.029732212911846495 0.02687586834753893 0.09532826568638439 0.06843916948400437 0.06742184233173096 0.031675227217818284 0.09614836225703148
5 0.029054828324805274 0.029490179812795888 0.058502035512371625 0.06233625694422493 0.0362829599864624 0.03457521384351667 0.09316712739124888 0.07146970792766211 0.10763237063473087 0.04447185492431187 0.03598594708494895 0.023061638723403513 0.012486643290967684 0.051732902128025594 0.10182440615086098 0.09128818240096849 0.05175619422740421 0.002296674375153042 0.010789823741199403 0.05179505257493772
6 0.05815143517627677 0.05081616598327528 0.00928286788859599 0.08317029542024246 0.05324733237326036 0.061326549868180986 0.06446788604041968 0.0656166812884228 0.062078948251994136 0.007970147798939656 0.01509376340462448 0.0813500817643063 0.052233505670343655 0.013689600805585917 0.04305657585574271 0.01746094297016263 0.064513504820283 0.06225749166468469 0.08477972305087061 0.0494364999037879
7 0.07676962622580445 0.11722915414975221 0.0743598754765409 0.05478972063510441 0.03007104846025334 0.01028111034453137 0.024245866236762774 0.007789336537922794 0.041687518017500105 0.004651227449007278 0.07030681325423875 0.046106781668346884 0.08323653591017244 0.0006304347317040383 0.013552674098223565 0.0858301077392701 0.10310939337678868 0.018225734232314442 0.04849428942019716 0.08863275203556431
8 0.04648151602339008 0.08952178833468592 0.02235497042602996 0.05650994373053924 0.09079760062838527 0.006222163179725239 0.0052270320690054484 0.04941163306664931 0.06379861444797563 0.060481981169840854 0.04686273758851088 0.0795796351710344 0.03507723876522906 0.00017717155346930397 0.045818952119735884 0.056478938121641294 0.07841794027298667 0.10608464236875041 0.043529431992975154 0.01716606896944003
9 0.0028319757690373586 0.025941709749956368 0.00025077893083127046 0.0259557618300124 0.09613097491931816 0.09806636721075078 0.03765804969505884 0.061564376060442724 0.01094183986037198 0.09477979820162068 0.04437322836378381 0.08418626524415647 0.10322815297068347 0.009173585334606773 0.0764246866635029 0.03673515199392297 0.0912454957405847 0.043786321255163706 0.023457281765153836 0.033268198441040786
10 0.04146907684781509 0.09003860346463706 0.053806548428517884 0.019938768281917013 0.07977361100666848 0.020559744258177515 0.030654238392464984 0.061588880642643555 0.08768321432838282 0.015253478871720448 0.0931046085396023 0.06928178627308512 0.04604709043352961 0.021142722866734846 0.0582476275596153 0.03161422125561138 0.015931562076969556 0.015177463128619216 0.08820928382097339 0.06047746952231432
11 0.009401462674679218 0.018257336189999078 0.01049714368995085 0.06539611274237296 0.04754441213373965 0.04972963771503119 0.0665346702355049 0.030324429602325124 0.010694920910110524 0.0906135362843317 0.06434705183689478 0.043604832978687905 0.08979856329864422 0.09603116332396805 0.09154813378448291 0.05563270031687646 0.030611080869316527 0.08645510066901689 0.017439283297825618 0.025538427446241685
12 0.010337510818565567 0.040929548244153915 0.04665372473803018 0.0838700249591764 0.08680177745463531 0.007275325429603369 0.043689504870986814 0.008716912903087726 0.08520820512824327 0.06788588319199784 0.08445540107747627 0.060232609926948386 0.048748173222024384 0.03000245927001771 0.031084853723104308 0.06842570765142733 0.07957024428738554 0.03285380024759602 0.0795837278377174 0.003674605017822318
13 0.025450345670995758 0.044282074137263906 0.04545193824162389 0.04738123852627817 0.0894210504472503 0.0530636755716392 0.05316829707765885 0.04835723352912355 0.01652891963724932 0.013463045418705836 0.08030500591388072 0.07726149144457312 0.09537031613142603 0.012965363208391804 0.06902095546449824 0.02227610536805546 0.031091594172244736 0.047788903928939766 0.061662794636201355 0.06568965147400005
14 0.08015423342326897 0.07167283267767077 0.04063346320288966 0.0019387043592875004 0.06793233456917999 0.053421690607890045 0.03996978952919722 0.0474281824965519 0.07368234993525223 0.05062676456728318 0.06661948378290102 0.08169414041412701 0.0010735794435622087 0.036741453528485284 0.016765357418360376 0.04103092849015134 0.07343012606202692 0.04593194007955786 0.041302773067785264 0.06794987234457127
15 0.07279374475003947 0.042040513163634274 0.05923830399048099 0.07300525432239659 0.06705646039125757 0.01860066371941911 0.04237705277198329 0.016540571782695586 0.07707417539370705 0.009901498420526208 0.0590063750265932 0.060333838594416156 0.06430029795754792 0.030351526325226138 0.0625600827808323 0.03380744033793163 0.08623041228112366 0.033220753373254856 0.02597004298117859 0.06559099163575546
16 0.07658553613046519 0.012859747514396105 0.0441792466727918 0.0428244003200051 0.07655463914063956 0.011720449313616068 0.062487878461256766 0.03552366183965524 0.10480855467154952 0.026514354731425605 0.02004481345604981 0.02179753055862814 0.06364476190047598 0.021601030176454157 0.06639320286240274 0.027396405326230066 0.10379541588392376 0.05198572342814889 0.08611287949981586 0.04316976811206962
17 0.09120419060198665 0.07450865936742247 0.09068603303716243 0.07533335745266038 0.04083362667007216 0.06145652755504088 0.019821039238891017 0.0854762075341163 0.01316222775390091 0.035294761618927105 0.0778113532708218 0.035290554495765895 0.024006950801668685 0.0033226928289818757 0.0024609219064755704 0.09361543465023858 0.006495401780228051 0.05090100563124176 0.06775566465183824 0.05056338915255928
18 0.056315598079233795 0.023142657404711428 0.00903855207049603 0.07759841371103615 0.08204159920236218 0.052386511607246805 0.08583700106504649 0.07894153516266479 0.07215886527688382 0.035126847566810095 0.018990836720573334 0.07257798575501562 0.03101389166075731 0.05535436900118278 0.019179613427854337 0.05416907777831535 0.029270112034604598 0.0678324411081975 0.03743665609107696 0.04158743527593054
19 0.07507628071913987 0.050221694348472394 0.07122345039072524 0.04941576443961002 0.06001218941676091 0.06399157789142927 0.020680993107504732 0.037909916123674836 0.034011234660521916 0.034625434838945444 0.052143998772992216 0.09542551320142785 0.06633835913093197 0.05034069502384082 0.030533095018498373 0.03816495542238553 0.040849455485012384 0.01245328124820956 0.10632174510960546 0.010260365650311055
20 0.08514637498015566 0.037041508624275986 0.08667698670111552 0.03904400570330012 0.06350419607677997 0.06444680061365742 0.02650992406887305 0.08356758908585518 0.0553123108408401 0.06026077554437379 0.008830503479469495 0.07586831327057524 0.046665020238657665 0.05953425814368359 0.03145278122600601 0.025046135484780675 0.0012635784573676325 0.04652240668698794 0.059115602470305575 0.04419092830293949
21 0.04269340075894066 0.031189510867188578 0.04706851915846325 0.00031691068095762373 0.09561672126795215 0.029824497556204865 0.06469606543086798 0.00727506098463456 0.011551858374250452 0.09961056153012467 0.08520352230266437 0.0896953761238393 0.025452788532714578 0.0740000941621697 0.04382567430940674 0.059249625360964994 0.0071377120962532094 0.07366999483635728 0.08498594892217017 0.02693615674387476
22 0.09611025738537841 0.06010236265372635 0.07814212445567308 0.08784984106001037 0.0913254820366399 0.0204481821894601 0.0014307674274634879 0.07854100492837854 0.06498990964318048 0.09504120587183955 0.014952644580894807 0.0015827070040373846 0.019675324617160223 0.034614945442017764 0.04185239866250325 0.020844049851210102 0.03467239427318701 0.09408810978558128 0.04778354789258368 0.015952740239074316
23 0.026283490578679736 0.022470647092135997 0.011523459453048283 0.05930413808345375 0.05235037127920221 0.05753332006214767 0.07123432886571243 0.08308133942193609 0.09468864147619356 0.032606953209798915 0.09757386511662029 0.11215010454919173 0.006415526643286382 0.01426835266461796 0.05790680364531621 0.00822379734669193 0.019319011003699017 0.06155934758861759 0.016646761183927283 0.09485974073572297
24 0.05734403462180273 0.05481535257722752 0.03170117284915571 0.06409376234148637 0.06469684907746658 0.0837387354358312 0.043102485678013586 0.0395680605202561 0.06510306628748501 0.00010312841871588035 0.012581001108580778 0.05088487614229887 0.039426603921737725 0.08427720064790946 0.08531292884890736 0.08254495547901204 0.03404808456963405 0.07727937793774393 0.006463869772493964 0.022914453764241352
25 0.0665893222884609 0.05910921153023739 0.019672708154127822 0.04085731145528507 0.03688535279871969 0.014908003754569191 0.050951909686722335 0.07010947742449401 0.03346160047618275 0.02339548348628735 0.07935938192321024 0.08166601925406289 0.0653012561078165 0.0759099128114768 0.024983481985525573 0.06346763126047955 0.06916915478074809 0.003284891940790362 0.0842195708486346 0.03669831803216879
26 0.06615400236081975 0.03326429786269683 0.09965292685797736 0.017313636959215097 0.007037305450227709 0.10106010034362709 0.05762850054263855 0.06463311583223007 0.007486365830098172 0.057973861425929224 0.004944631616611019 0.03933321604221212 0.016539682500914206 0.07273893885254286 0.08415980272938323 0.09272625679329492 0.0037911689799915585 0.07253533587277547 0.04246611756026599 0.05856073558654875
27 0.04187506055514527 0.06793308139371633 0.07562662088676482 0.022387259529933503 0.08325170036316697 0.09647564232194429 0.002550752554389573 0.043002945200968305 0.012125356891621102 0.022337983602518475 0.011864566363749135 0.0704079954602988 0.03433171439222425 0.07689179237007399 0.0438097017455427 0.04338839352424685 0.01299962640850716 0.0996978568053085 0.04607423492572042 0.09296771470415972
28 0.01948925266949284 0.04893568639537854 0.07752491497483027 0.012422995883324508 0.0789436192289882 0.05995430571328224 0.018159755397084597 0.056730214267232355 0.06438107648623384 0.08973026289033607 0.03959531824705824 0.019488134122138477 0.033296827075340624 0.026900784609052143 0.04785992367609951 0.0922534193456765 0.047689739432239545 0.021936811181627255 0.037436280484787296 0.10727067791979711
29 0.015436934810973657 0.0342963021366664 0.006091359648816525 0.04210491958163157 0.05038704863831415 0.04925703972245579 0.0917991279966146 0.026796642901234517 0.02335661982076881 0.04036577125775602 0.06660374460310965 0.021063420677754154 0.0491233742267969 0.03978910722409 0.06448336861717026 0.11202275682717387 0.07792685715481135 0.08495963702475023 0.06554216723741782 0.03859379989169351
30 0.05293959610939681 0.07407551405710264 0.0708108169982298 0.08433523942976223 0.06137092566264931 0.03570438532368389 0.013544464916414143 0.044910500886440184 0.002065917935211195 0.05325157685267096 0.08033646652642845 0.07741903107584018 0.06239129073270591 0.07562181012995206 0.07440096356420431 0.02617040743576428 0.036712705666571505 0.005365421294764108 0.050822100848867235 0.017750864553341097
31 0.0920902095825791 0.022791168911687015 0.09145116548920731 0.04194208443176575 0.014138398304524973 0.08171158821577067 0.07651501233295 0.037638927944722476 0.027577478946776392 0.0172639604441939 0.05678529768365142 0.025519983402680278 0.005707430071043133 0.09438134185113468 0.09234365382859126 0.001855835423026475 0.024040302938830135 0.049765308832177155 0.07755236180239357 0.06892848956229444
32 0.0669510842804913 0.04153910671186565 0.040047791213943966 0.09590893746466433 0.1054181049138099 0.041810173979820835 0.05039524762732561 0.01903801140260512 0.10980826117681544 0.046122415723036526 0.012477820265482355 0.0007802600235031271 0.063147431646966 0.044898773617914806 0.034981016320158584 0.020882356980742655 0.09955128595933445 0.026243857063264233 0.04033210459626696 0.039665959031988066
33 0.047222940378524036 0.022034990972193684 0.07049894822097465 0.0680901866033275 0.07245806919495354 0.0843430299515873 0.011147037317537143 0.01902600088618526 0.01000527221704246 0.06961943854981766 0.0889558795732894 0.06343418228875776 0.07196975308036961 0.08965990738056176 0.0005822560528007738 0.0001284256924404277 0.05781547472449958 0.08725156591856348 0.024776564977899884 0.04098007601867419
34 0.006770275162182393 0.0685619976090148 0.07295100850955367 0.015715418597495177 0.011076185215649985 0.07841454389379499 0.06773590221289504 0.07882841070440606 0.030135813712332673 0.03174736607635798 0.050204623276712414 0.07201076831329775 0.010877041710883375 0.05594893257383755 0.03571416742765002 0.06241685604796518 0.07803414816394992 0.08158276128539768 0.015516373742400648 0.07575740576422273
35 0.07664181045811916 0.012824889114856393 0.02750477952968192 0.011120386953398387 0.04755733655037472 0.07376740853635462 0.054265102988839305 0.07600000277604102 0.050250469071730995 0.04321451062334287 0.0577120207710402 0.004932107449588562 0.06154764832497529 0.04885330139711021 0.07019882937989956 0.09433873153788941 0.08404240185941948 0.05563308390035596 0.007292083065714749 0.04230309571126713
36 0.043911579601952515 0.026632288685669057 0.0845652316348979 0.07739161624963516 0.0005635334748293387 0.007148682192907427 0.0552399121314024 0.06070700401860173 0.04685549992975653 0.0928706636069329 0.048415066567938335 0.04816780555179118 0.07786263685208278 0.02118391313494176 0.04309546519012649 0.0558513171170501 0.04555412922501824 0.046626265227921015 0.040216447077729214 0.07714094252881593
37 0.023696037778330226 0.07367352476121014 0.024155458256821485 0.10667450534744773 0.06426949314105929 0.04124061480420827 0.052725593870143334 0.04928305148310056 0.06365093328308806 0.021292463573765692 0.09552277895308194 0.09390939408965869 0.008949494322098048 0.012341843693348878 0.04446616718178827 0.02897846092156255 0.07092583626099246 0.03803742238099026 0.0030103136472815753 0.08319661225002252
38 0.06713087889162586 0.03134567880747405 0.07303492196462869 0.057388770223953986 0.008541816262299566 0.08772533781078445 0.061281458637905094 0.06601869757454835 0.01398678892157741 0.07963238880478216 0.02791412456565003 0.06685787727192315 0.03437739326057766 0.03364096942826401 0.008491290529676471 0.08382004713992411 0.01360647489807159 0.11444530740507508 0.05951497914708653 0.011244798454171858
39 0.022404113984382426 0.07126387159715222 0.06917242658657637 0.010469188343775663 0.05655573322922953 0.09333323837160151 0.07879427893629137 0.08146653397045994 0.09368118579640833 0.07072265220243587 0.012013105024411296 0.05122994374328275 0.015759280617472157 0.0005492511615511981 0.032774700503438545 0.020331768731650247 0.07597601853769016 0.024670212309634214 0.09878007874246993 0.020052417610086453
40 0.04695128272543792 0.10022870999272149 0.08174956647867071 0.015002845658535914 0.08327422118509552 0.0040235396512493925 0.039534846391416724 0.07225802143660402 0.025019095525242722 0.03783576005390855 0.04000846554432865 0.08005560145746703 0.02135728375246005 0.0951208432818673 0.04135712761568867 0.03913098851049743 0.016539917962102118 0.026002678070783353 0.03196542426731401 0.10258378043860845
41 0.08318028454328111 0.040305073852152755 0.0220890926628068 0.037745092676501835 0.059863169037150894 0.03357947943836632 0.03873774162479892 0.06961849128911686 0.09347623756483643 0.03697041608810702 0.0899883713509599 0.04663116176166729 0.04974210835885811 0.0728522430697489 0.06370744415500094 0.03976598957059299 0.012504078114877124 0.00016001561061784582 0.085808029060797 0.023275480169761036
42 0.022103720186561163 0.09960918570964244 0.004155776497699951 0.09706060842354305 0.08413447809410111 0.09864738165783328 0.014209524986405531 0.05989294507079509 0.050776357624983955 0.034970709576727 0.030877591432010233 0.016010684252993467 0.07045592800404402 0.06612384643209207 0.03781568207771385 0.030800288021112992 0.021740074644310745 0.08145405917298534 0.017727351748646973 0.061433806385797686
43 0.05915376406015671 0.08825443960590673 0.030769826000695628 0.026734571051142134 0.0070354418390399616 0.08952495921775493 0.021837323431711846 0.0420073555927989 0.07020267652932399 0.06221541235765696 0.05503307059015177 0.0013959316314268394 0.09103338120699173 0.08658357435960409 0.08186560435811509 0.07147760722139952 0.008255047847104102 0.05917996439138559 0.014792895424916672 0.03264715328271681
44 0.015799270865471955 0.07517267800078603 0.08175912440012134 0.035235371448008444 0.01252842722786894 0.06355307764650996 0.007291448309398987 0.08785133648654013 0.07910461884867057 0.05797331811549313 0.07909308799665915 0.0012155440567400643 0.09178632566126213 0.014891439926567053 0.07059111369681223 0.024485745754421657 0.0481062833121858 0.00633656226663851 0.05294863139753817 0.09427659458230606
45 0.09956424970464023 0.07946142346438276 0.03651043727056093 0.031268054118885204 0.06554442016187723 0.021176806026579904 0.056524014877147 0.020077988543756364 0.012789893485383948 0.05287192542290614 0.02415768109528716 0.059362984992983314 0.044855357266699675 0.05340552536098993 0.09330557072226732 0.03849291229345258 0.09701767937854074 0.04187978032574699 0.0493773642847109 0.0223559312032016
46 0.05610883013225362 0.0882843081895882 0.0009370527691921646 0.07732218416135414 0.005497013946186131 0.06873480770993104 0.07463757357320445 0.10371768134952844 0.07832415095863288 0.10866446052783606 0.058676169323893704 0.022545989758164464 0.0058336031666846875 0.02688828133829237 0.055233325882302016 0.06992554551850222 0.0007440377283464985 0.005377603505228333 0.05474729185405689 0.03780008860682163
47 0.09211737277446116 0.02674790275671448 0.06812032452534374 0.052452269534284036 0.02930841286835172 0.071949396301825 0.03569989849642886 0.03656725896995692 0.07596827900103488 0.05027392886542146 0.05611552075085782 0.03361438006161862 0.022273539517869846 0.011090629643851175 0.06882742770584253 0.061898538049109504 0.05694428530953137 0.06897945826584302 0.02913483022272763 0.0519163463789262
48 0.039496061362060145 0.09359598143089795 0.006675451183138331 0.032198565408604246 0.10058549999047306 0.013988134906514927 0.04612756280259394 0.03996068227847405 0.034984753825436206 0.0350589350302029 0.06708025753255818 0.054541789794534785 0.04462788387117173 0.11210486747075041 0.06290982104564169 0.05124036807595736 0.024500144366158903 0.017868761857647287 0.05717711821021152 0.06527735955697216
49 0.03548959594048539 0.014496406877300558 0.05572568767579418 0.07854823381502189 0.007039579721537645 0.0804243191754236 0.007053494259475678 0.023915199059736304 0.08049475102984449 0.04105326233229064 0.06356676235183474 0.11801937263230598 0.11371615668830654 0.037554226845141044 0.029406911026519142 0.039115699847647276 0.01108734990156697 0.006102972612436234 0.12141395257822366 0.03577606562910815
50 0.0028243352572244434 0.018835511204025015 0.07071251580486908 0.012784433686442349 0.07573487259809895 0.00798797502058825 0.02465384551179928 0.08310015549325257 0.052911404539646704 0.026789037874422682 0.06706433703169826 0.062494000207885494 0.10134981700455102 0.011029848144595875 0.07794712707381565 0.09885311797134423 0.08753375803242396 0.040168086700618506 0.004585128545446297 0.07264069229725129
51 0.07403675008257495 0.0917256813782779 0.02417230397366458 0.051475475123445726 0.04813071065180034 0.0011809142008805521 0.007749808272538152 0.06630277681905682 0.079695501489032 0.03483271549318778 0.09156916697241245 0.048029635080518815 0.015983058794859017 0.09010281453240945 0.02233079144517545 0.06596033560929335 0.008962266794587595 0.06613485534541591 0.052558252017236996 0.05906618592363211
52 0.08468454517575966 0.006645264496036636 0.09568958622065303 0.004158523712907307 0.05435380543541859 0.08442178260548792 0.04843217070326707 0.06693911941886865 0.021934080033239697 0.05496645890724191 0.06417281071031318 0.023933820474962682 0.06148908348849376 0.02765980183837993 0.01712243028603046 0.0863136492048138 0.06546551132572127 0.047519948278393516 0.018520252488315292 0.06557735519569571
53 0.036314287407722086 0.06590285508408009 0.07453657079472156 0.051071495203037776 0.04165147222145083 0.06127693076512828 0.022702357518534395 0.05921931792257782 0.027991142502791427 0.05198173711196338 0.0729847300579514 0.07127157336823166 0.034823001323543615 0.04324385132678998 0.010403811499466576 0.0789326214335073 0.06158617976717016 0.06712071977217356 0.06264405321118613 0.00434129170797205
54 0.06699371797073582 0.08420233317053949 0.029401176756470963 0.10841122501616035 0.012645874927335859 0.08466538122080962 0.07775638224465463 0.07917161602637532 0.048804582669922346 0.005145238261875551 0.008599314352522357 0.029579823308628288 0.024042840618171725 0.026662576864431898 0.013085231594262673 0.0667299096574845 0.038044605993038154 0.08191633417537583 0.09459541698773115 0.019546418183473614
55 0.009771730061504075 0.055517094878385236 0.07181872005804142 0.03408226797925184 0.0932117070571788 0.040671641104142946 0.07260075461592605 0.031494775485805065 0.03200180971660283 0.06289082775308506 0.05011207990258419 0.03832980760382923 0.09629199762032913 0.028489350791007523 0.007673194954110363 0.07095593816402801 0.03246579416414559 0.08903528505157526 0.005836292043573319 0.07674893099489412
56 0.032083235050407236 0.026321468153927607 0.06862799794320891 0.033572297102316837 0.0541737831027361 0.10695122928189515 0.03526246391679692 0.08034241031856355 0.030604649598921313 0.08355058776101953 0.036160383932083 8.954261422598776e-05 0.10039649747215394 0.05756653158151401 0.03906507371898825 0.036379156275377016 0.08259546408836393 0.05696732291165787 0.018103379814012603 0.021186525361830136
57 0.08525219582841402 0.06546409524892005 0.012554990178855273 0.08254848296475009 0.08493555600212938 0.02346562295623574 0.019580416378563243 0.07460660706785775 0.010112197301829105 0.04538699699302846 0.03709984860135388 0.05852041241824541 0.0135796689400789 0.07319916471519426 0.06679444293083066 0.058836075629448835 0.04852019929420775 0.031449173606752326 0.023677367673067114 0.08441648527023768
58 0.05029104954262097 0.07353330533292353 0.029549784838292053 0.03781726562668153 0.04196951357820632 0.04828563968861241 0.053380867198998636 0.0492826643127175 0.04994372686024749 0.07221339278155037 0.05393479814992452 0.06480942173165893 0.02027235771030025 0.07024494689561543 0.010434969891036035 0.03817219230559359 0.05476623846730707 0.05977819735563158 0.05548848679193022 0.0658311809401515
59 0.07363446696352194 0.07986392058300502 0.09007646666104606 0.0034112702581894205 0.05231406097061034 0.07893367380964728 0.02979687229005412 0.02179332264642775 0.05034627709634574 0.0819597010619111 0.020970740244136653 0.040592925682921145 0.07759620849458806 0.05662275982480939 0.01609637268559869 0.0032523588321344108 0.027651694435124063 0.05573634245689154 0.0789970930078244 0.06035347199521298
60 0.011289216055353398 0.09156995806739641 0.06678070522317463 0.041499599344275544 0.005217850749614022 0.07920364404589234 0.0593548482360924 0.05050638549481369 0.013743414999784502 0.07854156418334221 0.006456105533426439 0.08632822107114352 0.1197134497661982 0.022566430156977665 0.06255364180952763 0.04707675637959843 0.0002363530242433691 0.09505454596519335 0.027057591583362833 0.03524971831058925
61 0.06749645577366242 0.052771516962805104 0.042770576198873145 0.030824003983205003 0.07277901107671793 0.02389970572425607 0.08073686366427452 0.0003090939153901007 0.032102424151150326 0.067915939156299 0.06800698682084635 0.08732842314144536 0.0732684546668341 0.025569082691506286 0.028841134017649393 0.025537290493704557 0.049076795194275664 0.07346206562641036 0.02366806464124888 0.07363611209944534
62 0.024205966127434406 0.07425709238983721 0.005182612681014895 0.07675442783384605 0.06875764255368592 0.054879602489306005 0.0840295807999882 0.08045670708541128 0.025914297647721865 0.009381321552132062 0.08233338594730073 0.07751617123220521 0.03492493297834722 0.0775942062700083 0.05947159712035133 0.03324248674294109 0.009016678531081243 0.02784966671628776 0.07593943500051176 0.018292188300587684
63 0.03593637418088874 0.0719280433262328 0.06856707906522996 0.0837557846697759 0.007810389788428605 0.024817709671468093 0.039854980379579644 0.0568921870724739 0.03744670805793459 0.0630054392951526 0.05635081258061918 0.0513258175077432 0.07180490494772507 0.05195221896454848 0.0249196494243405 0.03462617336389249 0.029643197491572477 0.07453109961011892 0.06421475033357313 0.0506166802687018
64 0.03703856122274617 0.05283975092293936 0.09362738653486954 0.09633313565304556 0.07187719727407307 0.00019648756395283578 0.011114332456308659 0.041801572281797116 0.054286469887918624 0.012973314160909778 0.020903857189871405 0.07481094790110034 0.033520373707937486 0.01628812246372077 0.08932380820087846 0.09253342784622048 0.06581209479534902 0.06558566688648698 0.008435212653929786 0.06069828039594452
65 0.044685873777411865 0.002726739771793862 0.016717037093539968 0.0714009811725781 0.040071919114551165 0.05154637551647845 0.07256648451321662 0.08509459775027219 0.00966100850544986 0.08301876397564058 0.025329864747232648 0.019398945381485448 0.08765655629261988 0.03144669003228952 0.02482023777477076 0.08385532942225737 0.06753429660721107 0.050401438400693443 0.04802270339764068 0.08404415675286674
66 0.0010370326235927842 0.06367165337010562 0.08107706297032997 0.028211997478493317 0.003116664596457258 0.00951909299812309 0.0761727581715385 0.07957595962643095 0.03833871428105629 0.06728756291241188 0.00021140087083593783 0.09474786011194282 0.04990654106476816 0.07551700141573049 0.06067187036682057 0.002940461486462455 0.08597146568741869 0.08579957017294317 0.0006183670593189116 0.095606962735219
67 0.057482338416228934 0.06839173217041279 0.0023428389703312297 0.06741205489147248 0.08918796427749788 0.08616630243925472 0.05890758984635712 0.01731087135432993 0.04948423756980602 0.006757699471542595 0.06375884098907252 0.0535761695201941 0.04432616280515191 0.08848871259080843 0.017912520957256803 0.017130750440172777 0.0304973208141602 0.07756172929041098 0.08237674659619694 0.020927416589341545
68 0.09357298008609082 0.04014815921767021 0.061589503683287194 0.08898097345360863 0.02852618397907103 0.019170923977419024 0.08720772574997787 0.06784312027205801 0.019816744592747414 0.05519847741595248 0.029762279604176028 0.04968047034270014 0.05597013884002133 0.04951835308036457 0.06632159351484815 0.059154145102267 0.020733727295703743 0.016556039528736452 0.058504371399942995 0.0317440888633568
69 0.07078302172574284 0.07497218122666448 0.05476256759977543 0.03906681126011507 0.011069959287655208 0.07520455440773423 0.0509274890267279 0.04290344291714632 0.07466933492663401 0.04785532979114713 0.03916970387576085 0.07137561622062197 0.01342975443608858 0.06289825065783346 0.07481437416411493 0.034046997152791886 0.043339118432353364 0.029166688438136038 0.015447900609268466 0.07409690384368783
70 0.012827111454663054 0.0694080981040774 0.004626602844800792 0.040865314752465284 0.04468379078724957 0.03051853976588037 0.0049977076199737794 0.10564620355232571 0.10172126999047829 0.055565117459780794 0.044224330272744056 0.0005682447252525783 0.08621357070062784 0.0922268193654389 0.0010409253029367452 0.08039460750685797 0.0915230645627536 0.09432973733317969 0.011644138031536763 0.026974805866976717
71 0.007106270657954979 0.06659878809074879 0.059954025229998736 0.061337195321613754 0.02725450688954225 0.04489377490217166 0.05347804523391767 0.05389932797114247 0.07740901245775791 0.06076777795366502 0.024929996964094404 0.040793803758384074 0.06675661250328714 0.04169247710420486 0.04714286380580737 0.06058051229327005 0.06332683640529244 0.014873663716067792 0.06479902232361003 0.06240548641746857
72 0.009017946346363697 0.0019472611688460234 0.06666202540251616 0.032750141717748454 0.015185769010573278 0.004432445783857172 0.07836266798471522 0.06259488505760073 0.08744550346262336 0.10169457227847456 0.012280926485956602 0.03365792119836358 0.08415018204114455 0.0794222293054983 0.034571989865421454 0.022412940207266623 0.04555798718701224 0.023200943238072685 0.09604949721437464 0.10860216504357047
73 0.09127533837261341 0.05708223564695051 0.07253404235902924 0.026974329374026846 0.0118396605090173 0.047974729325547145 0.007709099997616064 0.0948510499138535 0.07102227145367863 0.06671409614700878 0.013430829417956952 0.06638715703190515 0.024666831782155244 0.0884921303852999 0.002080044062612628 0.08615347028608612 0.06154088695519841 0.0937850741691558 0.004947267480636872 0.010539455329651434
74 0.06131708706346083 0.01703069840081703 0.03469144366308626 0.04340602322197351 0.07274651740942124 0.06891974455325164 0.05235234032126224 0.040994591113710496 0.08006933447025658 0.0628803308079276 0.04312259787411268 0.07229846562816045 0.04250836895124542 0.05795911388029085 0.04376082619134752 0.06115583828919188 0.002988074388217564 0.055589031852587824 0.03394947715987832 0.05226009475980008
75 0.07102203895467706 0.03770696006417941 0.016333326488829344 0.09225903984852374 0.03165252023392078 0.09258255474327456 0.055314194787850365 0.06999743114025127 0.0037149827753543323 0.03093556845097138 0.03846691619977459 0.07961907189348935 0.08843197227560781 0.07932186303312816 0.027089882600532907 0.07500647385223347 0.00626388003606382 0.09396030971278646 0.005598314686915028 0.004722698221636054
76 0.010554737672874228 0.08860265454500382 0.08640801184068123 0.014265089699049506 0.08606222198753598 0.0448986380962891 0.07889228822697317 0.01333641648840484 0.06783210604041605 0.038119536108777316 0.09675894986426499 0.05277396256498716 0.01229687520825873 0.021233152687117656 0.0017573341846968528 0.01442932800178292 0.07841048250762335 0.09200468891854972 0.05461932890392148 0.04674419645279188
77 0.003808221501559023 0.051033299316877195 0.021436189743017257 0.09776681953867974 0.0844302554916435 0.02232159126535174 0.025346691752295276 0.08825844143769183 0.01929795191766904 0.05339707540317582 0.029619282076866957 0.011446127469010582 0.05794643793597439 0.009753034204438332 0.04827811197819628 0.06619375033295083 0.10698540118106761 0.0706603280095595 0.047308449294244305 0.08471254014973088
78 0.0339665109221616 0.024016323219325227 0.02321251197096691 0.01397360449047715 0.09144028651423369 0.08402109062818294 0.04343856355352474 0.042964710493190277 0.054095584682336946 0.05186913525351486 0.10089207478076563 0.03479923432111091 0.04272999795160856 0.08073332031267738 0.04526514763774558 0.0890477142097784 0.018247264057503338 0.019313468563345593 0.014474587755931509 0.09149886868161869
79 0.05092327902975101 0.08505998728621027 0.06457664727115947 0.030106007918283852 0.013493494419899783 0.0620946253478081 0.07112013406649996 0.05656380408702185 0.052933330535379956 0.07343994598252945 0.021428378610915916 0.01423228109476337 0.07037467744419823 0.03065190218849954 0.050631286324670816 0.07815256652798863 0.04261025757583669 0.04184875263208298 0.05154880483098798 0.03820983682551218
80 0.014539265030657958 0.06732323129536981 0.06400978550832286 0.014667014214746487 0.057663372541265745 0.0639652963972676 0.06150301795380138 0.005349863992852073 0.03182768112043007 0.06911325731586952 0.08545764941107381 0.08307691521872056 0.05809253689364969 0.0017584861884117641 0.04246482026481613 0.08394329289851128 0.057087498958831695 0.044243654731571325 0.07271398555049004 0.02119937451334005
81 0.06617115410386419 0.02622310059619236 0.050742178326660274 0.0774926056984474 0.07317756551937712 0.056992657034151656 0.06417382465009688 0.058703496149149305 0.04044100322841573 0.060647208875280516 0.0457530051867861 0.037020288867794945 0.0550337013514632 0.046334086919825934 0.055991532072214856 0.01944339541346357 0.06590118162814541 0.027474016853119957 0.007246484645521312 0.06503751288002942
82 0.026997988050731 0.07065242646426449 0.0689427265192759 0.01756112267894635 0.05299018501563304 0.008915274940529488 0.015281327684101701 0.044695618740388764 0.021458877646070077 0.06144375969052837 0.08729774272308535 0.07411283464687783 0.033841562549620674 0.06445408753325269 0.059237112446796684 0.07241127468074911 0.048984995957953976 0.07477885990609347 0.030389056433217 0.06555316569188414
83 0.053028311869155055 0.052002633297204955 0.06964061347916164 0.011317546850974991 0.043117391712098746 0.05502355981032577 0.04119667689806592 0.07150515301062096 0.03830774698984109 0.07027529238234481 0.03854311091340066 0.02608094754752396 0.06813303647569793 0.06839921015348023 0.043254781119012306 0.07036085624485747 0.01473061301012455 0.06498444299212026 0.07017843616672928 0.029919639077259228
84 0.0011258271773174617 0.08712199291481436 0.007886030166624747 0.06062931025692974 0.024188624594293523 0.08862168079898156 0.020598185505335303 0.08626498995824554 0.08092573370800879 0.03954938194694792 0.031152256948797263 0.04138501987494722 0.090313461183624 0.08242798289304853 0.04276895976247386 0.07301447570024343 0.01302218457242353 0.009430060166060654 0.08506113066065422 0.03451271121022849
85 0.06431157631483433 0.0574915317224592 0.044510635948158836 0.004551288013471026 0.04193766094891161 0.08666945329412815 0.045019160089058034 0.08085912937928885 0.01179665407855741 0.03359979425087736 0.07090857477351593 0.03453628297200628 0.07417693372799157 0.07538683514519237 0.03871590782611367 0.0015820302172783445 0.08246260663076918 0.05846058766817178 0.026726124865678928 0.06629723213353698
86 0.0487427615524006 0.041202185304651986 0.08247772051235344 0.005514008755409706 0.07837814779845215 0.05953645856328639 0.060342915516839186 0.06306749769478096 0.05198225570376181 0.0407213052910935 0.002295897169828225 0.08183635619713595 0.08236396199032688 0.06571488289953371 0.03485121863607664 0.02255262737403952 0.05814624878217421 0.0715260110444764 0.03503057451892301 0.01371696469445566
87 0.030904481447091906 0.04871332521765396 0.06042455129668798 0.06726354659091686 0.07085050167795791 0.05066150192790442 0.054157863349567494 0.04484408577705911 0.07366581769858269 0.041587227690444914 0.04930636151566043 0.06679803566589582 0.04585974649272993 0.03285351102578266 0.028745970008020903 0.037436303947686204 0.03895701037400997 0.047932574889477775 0.03840974434169954 0.07062783906516953
88 0.07988590339884183 0.04668519197748999 0.024126337249532923 0.07573961736523013 0.0625889462237043 0.013609193834530865 0.04615298996703915 0.046355782301771654 0.011790671041322287 0.054881368040639825 0.0313098708668005 0.046728016527224185 0.08571031122148397 0.05816312237851939 0.051335267509173006 0.07284936247950582 0.041680730477874156 0.02204665244099593 0.06013550259407381 0.06822516210424615
89 0.03944730155116181 0.04122981361993087 0.027046096024526227 0.0514123245933299 0.052341686479029786 0.015109263969912958 0.026674173863520986 0.060404806118703254 0.0034312713501868397 0.08661427051717421 0.07528094344561309 0.03311754947511869 0.06430174675767338 0.060513531049819186 0.03168251505294092 0.07623038518396492 0.05930867088831344 0.0002307209587425761 0.08944735479083187 0.106175574309505
90 0.020464784128438895 0.0017469524633134748 0.10332765333366158 0.009306502738658556 0.08621270984263067 0.09567052108071193 0.056066429995817645 0.10404827568600909 0.036443441381049366 0.05578500024271724 0.037678848668926235 0.09557410963200157 0.033731162646752307 0.046564822415978036 0.008100757199785874 0.011736314347126686 0.02383582632470484 0.06822406591572376 0.10083339643504183 0.004648425520950546
91 0.07008982845458492 0.028617998968576586 0.05829561372783077 0.0775994620069672 0.019803421870755396 0.06432756648802752 0.057431469881249975 0.013211165622662883 0.017093536209178254 0.06162748496003155 0.042507831203114174 0.07207999323680221 0.07202877301861797 0.06880495225858015 0.059645182696332115 0.06793869671548372 0.004331745425018124 0.055213311848163193 0.07663459764598064 0.012717367762042756
92 0.006207048304308451 0.043326335389460596 0.006551770689041264 0.09654562330469785 0.026810686018952003 0.0028089607152076562 0.060651652314203636 0.029432410032977592 0.04482635151322736 0.0382393436314782 0.10136617570085373 0.09913887434552501 0.0723631633722618 0.05288880347262454 0.020759589274740878 0.10085312560846053 0.03544525566873082 0.05205967025560623 0.020618765995344433 0.08910639439229742
93 0.031095816406963052 0.021123928985990022 0.03222362380596305 0.06053599525691395 0.04565373502730018 0.06663306387692297 0.03743034146425116 0.038311416161418255 0.05822355498470427 0.06092994464931972 0.0493965027647035 0.06879596238860669 0.07786486031172633 0.07201765384920555 0.07666396110406787 0.016185828704306324 0.042343415318279835 0.07967993565819602 0.06253381609480721 0.0023566431863541607
94 0.07309159897783005 0.08122793230181154 0.04443921527616123 0.04316141913687679 0.043732218325007455 0.034564618513464644 0.021488325689356297 0.005626320872574358 0.08035842204742932 0.05136442258510323 0.027025284384919183 0.0735061710898125 0.02948475836541138 0.026550550652637228 0.101899611089372 0.00011110493704182416 0.02682021972578663 0.08736003677742411 0.05277215348860052 0.09541561576337972
95 0.07434517867928789 0.04856813183657024 0.08457827890107976 0.0744727693535223 0.05281527515239253 0.09613882591272666 0.06597584512607614 0.022147857594300876 0.08049680599337855 0.02274066761716035 0.05324399563215545 0.042171763342327556 0.050367109453601754 0.010759473203648659 0.04525802298788726 0.008252675849520875 0.035409953369223986 0.02916586314772064 0.06503791052361949 0.03805359632379873
96 0.029226794148842345 0.04121764490267801 0.03530497038278192 0.07100064814806732 0.08401216347782302 0.01415138157904273 0.04915693053647848 0.04859051537349992 0.021064387929412676 0.06167572419141599 0.014462881546410815 0.028596005711930397 0.09145913358969518 0.06358134292343347 0.06419734982935402 0.07403975368710711 0.03454886228538528 0.05581934263955573 0.0723882523472961 0.04550591476978952
