0 0.05094086801446418 0.06701554799680509 0.030851403513311212 0.012426664520814874 0.004692641989530105 0.02590077874721754 0.09062379866973927 0.008063101813275313 0.08862878741063823 0.049799363893323845 0.10983649818068192 0.06595161197402419 0.038996586468794316 0.08540786010562959 0.05984464069620127 0.08629519087318682 0.02292301045127826 0.009770588131288527 0.06864246801111362 0.023388588538681823
1 0.08040785813297183 0.04016920521552549 0.08684991067639079 0.07161267994980852 0.08479714084024542 0.03933426570679095 0.08506426473425344 0.04468554636214226 0.03078313497340004 0.01904592873342533 0.07032739156307817 0.06585968767611176 0.019845336507506094 0.06171803702646775 0.0539508412509024 0.039813501402219474 0.023779045752003014 0.04965427908327979 0.029931844104395366 0.0023701003090820156
2 0.0767972976315819 0.020084916259355715 0.08716862201627096 0.06012529066043072 0.005969528963753135 0.024096311041916403 0.040967583275712094 0.07845384855305676 0.03722680262138953 0.03274071282546065 0.027538520430896787 0.07184395151006623 0.05169349970551257 0.04018496451807913 0.009883004037677594 0.030181375326460237 0.11149078931335044 0.07423934520446315 0.07656380922303366 0.042749826881532324
3 0.038139987057491984 0.0377273266613948 0.1062242326008629 0.06143740258853349 0.09875302006803109 0.09274419220140444 0.01755732702512656 0.041588489089468036 0.023664788477354443 0.068931107204026 0.09172350854032026 0.04105178988325277 0.02213821947125855 0.005939912615398689 0.07333250851469096 0.10514582696804066 0.017370685133764243 0.009680667762580105 0.021677722241308095 0.0251712858956919
4 0.06593579624043466 0.05781463281274427 0.04435319879632047 0.007803351725907057 0.0670243080294665 0.02088343277145041 0.05206739021967774 0.07444946925629561 0.047028737703213974 0.03126720187692289 0.07331325656397729 0.05796281021769086 0.05984484830355891 0.06225678723781189 0.06778479747720634 0.07932889804239936 0.02222031293991619 0.04092792271021268 0.058127593916872 0.009605253157920919
5 0.06406895776763005 0.06900864789274566 0.03314043021964939 0.08512070219414085 0.036528627729279645 0.03578434098911523 0.0867678845847278 0.08002443884716616 0.0039661174865815154 0.005263568532162045 0.0046709296326726225 0.04276026561087935 0.06461608222514598 0.06636777604623598 0.05701753048620738 0.03995139585298929 0.07392626257710026 0.07789600992393468 0.02136574781709213 0.05175428358454378
6 0.07438664538864145 0.04292225443834892 0.02008140443996752 0.07627467569393981 0.08398560892818176 0.08783112545597484 0.0013183520388707949 0.04331812639003604 0.04204558350434153 0.06652419483198842 0.046869511117513994 0.05182865666664342 0.0788811890790671 0.04211530710052613 0.08078319063300528 0.037727343635751864 0.0010148850147297648 0.08667689531362413 0.03088132190471775 0.004533728424129498
7 0.06378711822823167 0.04193945529222408 0.07541164902269894 0.04960970060139087 0.04620437327252799 0.01021600065421978 0.029085350867510244 0.10333704443762137 0.0020877388506640483 0.11568646816221688 0.06419346662617714 0.012390904519364563 0.02611253459356126 0.0019411320371840505 0.033355503583939544 0.08767350735368039 0.057121048926884826 0.004669057389136269 0.10338437319935882 0.07179357238140725
8 0.026487796200203178 0.07571503281208475 0.05847757631246283 0.004796387447970523 0.05276262599024041 0.03058996680639706 0.11696413646431773 0.1150372050826655 0.045901261364350784 0.032502888168249894 0.03879190818448008 0.004856911863578546 0.04269054366927391 0.07327045512299407 0.029821042331899774 0.0018779188242303514 0.10007426895161083 0.050070158137808594 0.07078945021341025 0.028522466051770834
9 0.08871524690541717 0.07793011258776417 0.022460560972257404 0.01909057724712296 0.013614419003604791 0.03934379978840223 0.10122468238177011 0.04581440699785256 0.012516325092769048 0.036031514157262426 0.040917897208300365 0.0204365134362841 0.04928565997881374 0.010316183358068548 0.11038729652236345 0.03667417665866798 0.08388044097562779 0.037973892192117456 0.07173767000088588 0.08164862453464794
10 0.07799640543844752 0.03641230809721832 0.02001117940818356 0.0646283728820581 0.039833072454949395 0.07579910512264158 0.0232121999709442 0.03593390517470496 0.0651746585052082 0.004500903108803555 0.02113432043830613 0.0434997022592184 0.04035641136685185 0.0755479544941184 0.0698276928052703 0.049873142021773516 0.08195245614138216 0.05632856213414365 0.0441105040327815 0.07386714414299479
11 0.061703800958172655 0.07964559738947655 0.024549073161542655 0.0571501053315886 0.0038981905619359667 0.056904880630039865 0.06039136105681863 0.08624572375870267 0.06573638776586356 0.004112705004955739 0.08371976470380062 0.04880147352577715 0.05456258301763058 0.07884483693588114 0.03767347336982912 0.015328732413998826 0.027364713222935926 0.06332214932983583 0.08052429709965403 0.009520150761559824
12 0.025064530649173168 0.07119351149888699 0.07223483288698918 0.07334716382748727 0.06525875286236034 0.07104889704680974 0.0739760312862048 0.026077442829360115 0.0761787386356559 0.07121212506864422 0.03862576272921426 0.027602798245800347 0.07655573078046062 0.020641284098048683 0.07364597709236122 0.009878512020780727 0.03007313927597483 0.06141208349559629 0.0024181578698014585 0.03355452780039003
13 0.0713903000775428 0.05428231742632001 0.03922242496977672 0.07672516867618694 0.012833787130315561 0.07929690490373843 0.04114630833069987 0.06798374424591783 0.04984759218525684 0.027412543356311252 0.04332210049402637 0.07325970309730423 0.028444530950285374 0.024674302980919518 0.07452812662496977 0.04779009041364974 0.051924977442471314 0.07357119247595766 0.02410988844098147 0.03823399577736817
14 0.026730484970918976 0.07290522177515718 0.03490380283159192 0.017595382650211613 0.08244795332010907 0.02143272077966169 0.04613647798261864 0.09107140965706637 0.033449933696714666 0.08872727850240396 0.06575115684632481 0.07973678076097042 0.04245527608731043 0.017826456447958734 0.009829726240030544 0.02424496851278629 0.08807708306709634 0.02276421022443294 0.08416660589432716 0.049747069752308325
15 0.0008579649022109993 0.055042875466469215 0.084503638778092 0.07424786168115255 0.06568862274986757 0.017412761450875412 0.01150732567514488 0.04194732800912455 0.06530902705631939 0.12017024507895495 0.054347067197357476 0.016916245989329923 0.06749259701199263 0.007710371745262336 0.04372672911326581 0.10079025230670548 0.026267137032525267 0.021017223186752372 0.024906041619723564 0.10013868394887337
16 0.08542181249688763 0.0485235184152606 0.04459712258809345 0.07706223930486171 0.07730457191048334 0.05067599859239321 0.08319550417636244 0.08389270142059098 0.07413727175489894 0.01193392864601612 0.022562791273488668 0.0621745127982026 0.04190786032359986 0.031865822962454944 0.07446787886779724 0.030206231362423838 0.033457871358483694 0.03589055116019952 0.02202984682254388 0.008691963764957284
17 0.0037677040800413483 0.0404355434789696 0.006431694643073064 0.006501404454352529 0.0036664072081048823 0.10988452356192471 0.033958047363142 0.008851739641900558 0.0974531642096643 0.08245025168422833 0.035185090558314924 0.11807148464012325 0.06153668407150351 0.06311491162493141 0.10300798634099581 0.08821996592897728 0.036736593515107704 0.056883302913393476 0.009688545204046887 0.03415495487720457
18 0.037709645884588854 0.03761756530643127 0.05766866329210991 0.11434714087902663 0.0027361571950350163 0.03198118602157143 0.025435385200875883 0.06661150584184956 0.04237683100581418 0.059568407066477584 0.06572140064961858 0.009304125778297683 0.013956712742251014 0.06873145705123349 0.058496187193251906 0.0497237305718461 0.012464775760288345 0.026904395454763114 0.11981714228577121 0.09882758481889824
19 0.028046083104459583 0.04523407548529659 0.03240292779966807 0.06599350862864822 0.03136481381470819 0.00736270448484613 0.07640918872599035 0.012150609074755353 0.049092344549183584 0.006218330653069923 0.045240206754319286 0.07910662641024607 0.07196085594119121 0.07175762649955796 0.05986502477919659 0.07681071830366307 0.06790903508631554 0.0642321485000802 0.06841736002729236 0.04042581137751186
20 0.02933949337830824 0.057976158369758876 0.05086605325116231 0.008770483643398035 0.03602105622130838 0.03983314247807782 0.039458772173057204 0.1086911958411844 0.01994735367947729 0.11251524413181443 0.04916023016279635 0.08373700734833214 0.05785841123139664 0.08132442269981079 0.06371337519761064 0.10161116126281623 0.012789621394775252 0.01985611747195987 0.019971882820181742 0.00655881724277333
21 0.07574704518320617 0.03714218258740376 0.005501177009068896 0.05137319589165738 0.007399842649732658 0.027414854674097683 0.06633566508104581 0.08238517588244847 0.030120588168558355 0.06176375020370312 0.039871201904650905 0.07918328353068414 0.040855068235095986 0.03036271522292863 0.05839475863420155 0.06563905016232524 0.07931246002852896 0.07815148954478615 0.048411033575800504 0.034635461830075494
22 0.0416612359518578 0.05594840921709486 0.041015361142974584 0.005095023241083959 0.035563068769457265 0.05589994186566158 0.019027942343430505 0.02348273667827055 0.060056181385185745 0.08556984617749816 0.021422090339234603 0.0707601440893772 0.05212662693481875 0.03796001806503506 0.07373519504099872 0.06590781843420783 0.0783278476631623 0.09245168594455112 0.0037062676817313255 0.08028255903436811
23 0.10876540698811565 0.09851650989096514 0.016979177393252647 0.03426104457535569 0.005039413362134747 0.04130645921544927 0.03328266027215068 0.08510666696495243 0.0009829290484145515 0.05590841490302295 0.04848603510641103 0.06651560590973873 0.051621944279610116 0.04669291115779166 0.05612507287447998 0.06210510313162964 0.04879810912417423 0.037571179141064434 0.08458149269297664 0.017353863968309933
24 0.08755743503240136 0.01761293357960954 0.0006126846977838273 0.03320506359008505 0.041487889284698314 0.05411508263323714 0.10597594754643458 0.0038051309481319357 0.01864260537368093 0.0005593676711310131 0.058144401730875296 0.041744431642084266 0.03280774839424821 0.07464759270599626 0.08471845318961518 0.08276705937468777 0.06270969522729705 0.10239775049405163 0.07466123843354328 0.021827488450407447
25 0.012251291272007254 0.049657908850512425 0.040444050544241446 0.07238343230460245 0.020275965184290763 0.05980461091661451 0.0599522313546411 0.078039429341673 0.034902797184728024 0.03402530124175983 0.01114515905827856 0.0910664382938415 0.04338109650577338 0.02887907986245697 0.013741508487368138 0.09150730392463603 0.07733457300528382 0.004283809781583964 0.07614903145428882 0.10077498143141796
26 0.002040546443139355 0.0479668601779199 0.05688819826982806 0.0895061525660922 0.025190731346132648 0.09042158932090812 0.07573774849711484 0.08632651641767818 0.04096720520764028 0.05778246059009569 0.02612459855720873 0.004353949841345712 0.019175064904173724 0.01760023768940806 0.08860621036318829 0.024769196995128317 0.09576719938143338 0.031773750319660114 0.02011172831233161 0.09889005479957294
27 0.023332870358412756 0.06382689392454749 0.02797143744717995 0.048683984893320105 0.05505964260329423 0.06811308891435357 0.05473700069946624 0.0545654185042351 0.07903641310537957 0.056756211175115916 0.08289704958425195 0.023599838840908688 0.004992190960255956 0.026870596868260703 0.06512829312688935 0.060598470906738484 0.0582639341054095 0.015872156877509803 0.037216847610581104 0.09247765949388911
28 0.006207801830701015 0.03857847549425561 0.04652893644160735 0.0191983461941022 0.037915735426024444 0.023238805441167916 0.07032425105812808 0.05099215701267621 0.06704000347777175 0.023647203314937304 0.10535555980307396 0.009944587988117171 0.0650568732110215 0.074944464063285 0.08094503926046143 0.042007531763779866 0.035703022869880016 0.09252489312370649 0.09100892378151453 0.01883738844378837
29 0.02353171900845974 0.0166259934869812 0.010084171439748709 0.08652039689605108 0.08855055643964745 0.09053565900856442 0.04805029963068049 0.03647073860270147 0.018959676227594563 0.0916407153236193 0.08997142915909263 0.02662912892247368 0.05642928726362601 0.04371205575859808 0.06924320986670539 0.0059499013960554485 0.07843301165634864 0.0456345471113011 0.07118066066987512 0.0018468421318754442
30 0.028978616168375403 0.04688120543623698 0.029726866007019282 0.07452005194729991 0.07205081420053841 0.048892081247892 0.007505331780605215 0.09925294846665307 0.06281520537481322 0.021608742860116586 0.06034552910468332 0.015948146711419336 0.02397730591005942 0.10049065340529201 0.0699315557008276 0.06325907483952498 0.03247816344234651 0.09111190289832571 0.033144551385477325 0.01708125311249377
31 0.035764524342667664 0.08582433014288046 0.04217709593226292 0.013770268896309591 0.03894573100931908 0.08796334617983706 0.04029458001091084 0.05707287931507056 0.01891265906761189 0.06700854438357201 0.08230427219341549 0.03623786167068218 0.057108746080817806 0.06504813917847467 0.08195560144124343 0.08068917068943066 0.038296706100503626 0.02036307622616458 0.008863021880073763 0.04139944525875153
32 0.0728690526116023 0.06606477388422324 0.04502836972798491 0.05903147133373274 0.07726008175509312 0.08921614127376049 0.03921329429878127 0.02044366576932752 0.05487216090309201 0.013042326505597784 0.0014599541907829054 0.05628288817913527 0.007760372255872085 0.079285465111283 0.03482772173158977 0.07841922862292107 0.07028379457261591 0.09638720870060828 0.02438113540211667 0.01387089316987948
33 0.01068553714312866 0.0791878223133792 0.018697318003680657 0.03177199503619725 0.037935416876545384 0.07699184858142333 0.08401274672281941 0.06085321188410928 0.0708352473655132 0.07909182123370764 0.06038748268561786 0.011263253607700604 0.043328063994477084 0.0397227642270489 0.034130409976719185 0.02904339536624945 0.042452360338498404 0.08291243953123228 0.07946367151501899 0.02723319359693328
34 0.08345196130690398 0.013193234939356082 0.05290295864542721 0.022082010237912158 0.06891869563840905 0.05841534744585687 0.08820168333723943 0.008998140277246464 0.0395435112584337 0.07871403918417222 0.007462159995843754 0.08306929809645197 0.0534317061930277 0.017500466918662316 0.038857725811130374 0.04625078755690734 0.04258624689917009 0.06488338831313095 0.07017270426768238 0.061363933677035916
35 0.01705011803743438 0.045946077613458966 0.06769354913132954 0.030925175316312385 0.053870000053973986 0.01941932793929203 0.05057757973454994 0.05668139416854555 0.051702895459124446 0.03780185274959196 0.07045418699996231 0.04151393670434067 0.02576330184773598 0.033233598395511176 0.051421326373847935 0.02237891305537987 0.09488284736723279 0.0824560031077653 0.0774066666987503 0.0688212492458607
36 0.013358100691674457 0.012683322228585136 0.040681827032042296 0.015548217064057153 0.09171539739798604 0.05949656971397896 0.09428309881025564 0.04811447882969618 0.05678543662764 0.07289969823477133 0.07080593893835159 0.00876366463231902 0.058926540071061045 0.08812174335871492 0.01689906699378478 0.053681992241564516 0.0561020661004045 0.005308998238988131 0.054145779280030996 0.0816780635140935
37 0.08182217149063188 0.04876529474174693 0.03202362732333636 0.04122424289365097 0.026119546308911973 0.007826293040689694 0.055768030267273797 0.004012781068329596 0.03441460176246944 0.07026289807844979 0.06605260139401048 0.04442702226104709 0.07381937089320707 0.078607363620083 0.03871882421572722 0.03658491523254078 0.043114343854313106 0.074301112921303 0.08032177554080544 0.061813183091472414
38 0.01654307228333568 0.0365202497332888 0.09405030497408168 0.031478326511407737 0.015216425332395608 0.048190126378046955 0.09583844320981727 0.046754495596256766 0.018397421550939073 0.033928460135725966 0.09692149382187415 0.0924479982799863 0.09169361273675779 0.07108006327577171 0.09428602464315028 0.04881053624152617 0.005564434995218589 0.011074455763009125 0.04408456622028972 0.007119488317120687
39 0.041729654123786986 0.07345141762860193 0.036808892867716284 0.00472370705387808 0.06014491872027329 0.024946085054739643 0.0802209658897826 0.028117724645586425 0.012450681355187522 0.08259340013859563 0.07132771814466625 0.010284741346102378 0.050844446501214134 0.04727418718303333 0.014130190627194915 0.05280546429510678 0.07105928051947016 0.09244175552796745 0.054083717527221 0.09056105084987523
40 0.01179488196923854 0.04665962658876869 0.05832352396039158 0.021663932285382662 0.06180591618244017 0.028277147562531628 0.02454519851248861 0.08429762165854741 0.0706168638314098 0.0861394207041664 0.021766549588946024 0.07350275975278212 0.08410158309010271 0.03240915431326857 0.08799552308318495 0.08826068736541523 0.025261584552303453 0.07969101247261078 0.01049772587937935 0.002389286646641485
41 0.020704088260102546 0.05658140941636436 0.11209936301414007 0.012722996424018761 0.021466327433941997 0.02716515776039189 0.006994184418618382 0.04276290132786654 0.08287928474133463 0.10645832417139699 0.08358074871876159 0.02914752063176511 0.10188339209359548 0.02316994423564339 0.049240518197819286 0.06207174930176327 0.0055276103049741775 0.017054417385043354 0.10552006058127704 0.03297000158118126
42 0.09836424526857544 0.006562292498317247 0.011497690217014014 0.09530893479596206 0.09364132528063421 0.010588839707451175 0.02895245356213638 0.038897275632748515 0.03517123602654268 0.10550766911127776 0.023183615442762887 0.06611048199348508 0.0801893929280239 0.025318171418536636 0.043617374734187205 0.022011464094816843 0.012874629270996783 0.05213911793140781 0.10280206816566916 0.04726172191945409
43 0.0722786672948487 0.056442378390922865 0.07714329364959376 0.0593511697303718 0.028429800483523976 0.00012612244070452525 0.05652505986926893 0.06049863593462064 0.034034575429272566 0.02593982728360764 0.016581538754978715 0.11128769872191098 0.09226769999444988 0.01325474321756075 0.03826711405333098 0.013756417957037376 0.07272827049613473 0.05814505228097091 0.003969364343921495 0.10897256967296871
44 0.011649953681386938 0.020530689510980873 0.04613617329834079 0.05534949893122465 0.06362162239969098 0.029558306936785884 0.09161859757187278 0.08581680268830874 0.02553788959827818 0.05751142236186246 0.05180729740292071 0.07487804305094065 0.036765189874611144 0.08462323859453971 0.031540343060468386 0.08093503398770088 0.039122150369004925 0.02032276402415298 0.048350120238307134 0.044324862418621255
45 0.02953316352750156 0.013759490992292943 0.07781976695886761 0.06672636417185063 0.016787138961859266 0.051891011065624326 0.018431785018718474 0.07980488605389305 0.059051864014500355 0.08364843113244708 0.04050999012833739 0.05966969388746036 0.05882352599983545 0.03192283575437617 0.026833103571619683 0.04643562218146897 0.06832237534796412 0.04564553693268803 0.08711313668457235 0.037270277614122084
46 0.07176237304750198 0.07002099546035473 0.01782672895989304 0.006179654089815566 0.061504735976177755 0.08565925533763591 0.019348781598641066 0.051938054798339385 0.07232993115063473 0.0022700128479055046 0.08174602061420189 0.08661373147635305 0.0805423846011102 0.08030815299190884 0.02394255956284952 0.009758233389699108 0.06415546017975993 0.02407051085127304 0.025113223538471254 0.06490919952747351
47 0.003005169281653005 0.03475052165710743 0.07758116941647296 0.06903996012699246 0.015565306806941213 0.1052865863257079 0.018611179025397728 0.07076544294046361 0.02799618243235538 0.07779278926230486 0.005776091721758434 0.05764280460731102 0.0881266071855185 0.044347729976814826 0.047579585476136936 0.0074428978599986526 0.04275899507666572 0.02301437848983632 0.07390672171045022 0.10900988062011274
48 0.10429879645516099 0.07250951982749194 0.03106709330188592 0.02768256804203935 0.011276387455405839 0.035585542636599646 0.03348499312834607 0.07644119153816531 0.07258537867782426 0.07959873182275032 0.07303197941327826 0.03411489676972016 0.007509124606776884 0.09053875647652404 0.0008786522924871714 0.05555560080979989 0.024794495017195526 0.07357598004343331 0.02880778643370475 0.06666252525141025
49 0.08465562890884445 0.015400629653459055 0.01398034186132852 0.0713430832936955 0.06032178704140679 0.05445728792941438 0.08033532316074786 0.08245657153419411 0.09498813550882951 0.033071074059763145 0.009445604511451097 0.021553098610067312 0.047514125827745814 0.07656955233451325 0.01666242077483111 0.045271365961693226 0.04073530544292913 0.06808770965942076 0.06076904260585324 0.022381911319811657
50 0.00918732526308044 0.0007755605227121486 0.02547337996059018 0.06578025032448336 0.09925336164585921 0.06498958319539784 0.05193371896393214 0.003255052077307815 0.03071254350437391 0.09916765424083589 0.0018445364198031897 0.05453504016152599 0.021253062276841022 0.08663101997683666 0.029858415314068368 0.09344401666640628 0.09063636672520893 0.020673095777619045 0.07349869980379076 0.07709731717932694
51 0.07362278254992767 0.041204101324614995 0.08416268984848098 0.0884990408390774 0.09596649835178486 0.0267549908941267 0.020491917114958205 0.09694910089345572 0.08519870444111886 0.015758646152779957 0.010932947439940895 0.0010399603709113716 0.029938066778808316 0.06916606448086057 0.028617329385602457 0.011021970982297397 0.09427990768243974 0.02439365665412391 0.09587074777201128 0.006130876042678906
52 0.08976500972172381 0.056696984482579676 0.060084720845007815 0.027297437822864597 0.05359654751710429 0.07555870532907456 0.02658915042197239 0.07158179581394403 0.03859972895772432 0.07403856461500763 0.1095470617253316 0.0016909663290067636 0.05202847885068551 0.07334478124314502 0.028642875929857738 0.038808255458099385 0.005724953822151761 0.0185692730201969 0.02220238518853017 0.0756323229059921
53 0.028991999236699848 0.07526046408066014 0.09537147175492355 0.031721854651462454 0.05498791616238959 0.04274845010856318 0.08398039516768042 0.06346965226549495 0.028861698787460973 0.07845510872338718 0.031187672682634407 0.08681093022312918 0.0879235090505089 0.07357978966634815 0.0034488855261398397 0.02670740765924399 0.02663819322821371 0.04133656264486151 0.033868175337779215 0.004649863042418899
54 0.08141054109504516 0.04276518186390196 0.060130062102953186 0.01730482440582528 0.046013679347320514 0.0007488911035042527 0.006497870650256457 0.08848631436124747 0.0659042121258711 0.09059530573298333 0.025148465718730764 0.09568612196800684 0.06721993748249255 0.04022993324279051 0.021142337480913598 0.007678815212273157 0.04831075056470481 0.07089765007446097 0.07963883336875452 0.04419027209796359
55 0.07300342434529926 0.07512595514362799 0.021216253842161754 0.031868911145173505 0.052566149276014475 0.1020139535827827 0.05083944156807872 0.07892241209008961 0.06841641298668867 0.014514493055328948 0.07731062492169183 0.0900930920143438 0.016325115275275165 0.004311409808658669 0.04801276251850074 0.0732310317744815 0.03789545421174089 0.01110222143316651 0.054579235336512544 0.01865164567038294
56 0.0792155937619481 0.0113983014995549 0.011226161188116267 0.06271741493467871 0.00944853726778956 0.07670098528458143 0.06257339657655843 0.0025028000669216374 0.03512249646629824 0.10106204777872556 0.07476760890544601 0.07959368672329557 0.04096891753924791 0.017083071044982048 0.10228931824080682 0.05021129040614952 0.012361931913439931 0.013555946992078577 0.07499565691250384 0.08220483649687713
57 0.05093160122971991 0.026405073715206416 0.052667963549542264 0.024554677752616782 0.05892706989695648 0.01934999479261562 0.0424497933080319 0.09275244856840144 0.06976865164202987 0.09024005748189474 0.011011297257913126 0.02854334629327272 0.05774859270994866 0.07082298982520117 0.04549197431495839 0.04258529327848248 0.07332276908694778 0.04108051992358008 0.06370353268795112 0.037642352684729215
58 0.020835642876486742 0.08651881764866003 0.08918367878928919 0.08778973833436672 0.05008136791961637 0.03106994112694637 0.059220529039360106 0.07332432890101223 0.054875355176279506 0.038483099884764824 0.0013798618891125622 0.08004007278792853 0.07981937179653505 0.05080377242030409 0.06493033342515961 0.08828618816674083 0.021285554054865447 0.013065065762916635 0.007397051509319999 0.0016102284903350876
59 0.08743497921622614 0.05184049289217846 0.0034274883220228912 0.02084376617728328 0.01791458874172179 0.09227943685891356 0.05226070464859718 0.08863722618389983 0.0023906170614037413 0.012442521693428172 0.05864675456995694 0.04120497919876598 0.0433045024474204 0.010083084030895976 0.08810489437217181 0.04494355802166841 0.07472639610092917 0.0908478325782644 0.09453592790215665 0.024130248982095072
60 0.007351678284430149 0.01310546640199595 0.07264151348703389 0.04550018286562016 0.011208806895444874 0.0707267262787724 0.044225650488977995 0.06263703982829487 0.07672124752729301 0.05761673841835211 0.02962044599595713 0.07873736046248214 0.05564096952357666 0.04513114102860168 0.05932461482218911 0.02053547420369425 0.05181604800804502 0.046670312901778734 0.07708497611465187 0.07370360646280782
61 0.05993225562337336 0.05763264173066352 0.07496835276550601 0.06997337142236237 0.06084655854360397 0.061608589687519394 0.006909811771458074 0.0066207251437098505 0.06154548127264675 0.006879363133858424 0.02841445981045349 0.08260912614670773 0.08018120819814563 0.0718814591395664 0.022941313106792587 0.03156691032735718 0.08239514530997959 0.002875894872517795 0.05007533070151617 0.08014200129226173
62 0.061787798466709884 0.019956279017810212 0.04987314756460494 0.05711074624470866 0.04380095447227101 0.028160312630639613 0.041033687958143966 0.04906992345052291 0.055769091379750654 0.07578063598375573 0.0033486812598713897 0.0862562250206595 0.02391073748973604 0.07306453634797937 0.016961424255147777 0.0964372711590174 0.013380117124854105 0.09149790708535979 0.024234709428018385 0.08856581366043886
63 0.033874284863066456 0.023869180737803523 0.010314994376293395 0.1022204009891625 0.018321498556752313 0.026015868111713688 0.10369439437955184 0.009213785077237358 0.05533296622876354 0.06660099972283766 0.05907324092766258 0.0136916641962047 0.016528063300586225 0.09819641475180695 0.05583258191217917 0.09500273090721516 0.039659564305543626 0.09620842004235579 0.0473203982338162 0.02902854837944741
64 0.028884517674998732 0.05536911096211221 0.03684030488817425 0.048790376302867394 0.09003824491015198 0.048648470638922366 0.06720082610427186 0.07345202719832515 0.038030710940269774 0.010327653925958134 0.09142946602103512 0.02951470624694666 0.01712100337069552 0.07193934213432865 0.07588112442928065 0.03570475850290967 0.0062947423533087545 0.08694049918168051 0.0006450287249165447 0.0869470854888462
65 0.06513652644384728 0.0882121339528254 0.06654467336852422 0.04864496172312007 0.08760601158802585 0.08629980820611385 0.04917457843909992 0.01855292204269926 0.049453810521848135 0.03971980165216361 0.026757895159070136 0.06280809263933783 0.08841774631954491 0.08346873236940407 0.008801620250496661 0.011672293869883072 0.009303543678601573 0.015887831756952537 0.007524861435239042 0.08601215458320237
66 0.012530546503743018 0.06099367649609654 0.08736216269899519 0.06612399670650496 0.04093616915195255 0.04155938507739303 0.08258204266791486 0.09231687339348146 0.017111812533103357 0.009393205079261023 0.002646361407655094 0.012709240072599392 0.03280344206015957 0.048529643584235414 0.0535004310354562 0.07013694689858388 0.08428286274316252 0.060564858580439945 0.07240953102614442 0.0515068122831177
67 0.04853931330021992 0.06087366234732456 0.09390094352437729 0.026831475200094365 0.0776453524930182 0.0031356549317872427 0.007012942508087887 0.025463157933125646 0.06698226777549618 0.06563039569064397 0.0817653692140514 0.0009643210183350432 0.09722128485828975 0.05398091141842988 0.048735413425837294 0.06555384061899255 0.0696340789875224 0.06148291658945583 0.010896288578951568 0.03375040958595894
68 0.08452341048179571 0.04489531045714855 0.08662106024475558 0.06862432986035645 0.06128392700198992 0.019413455586361733 0.02093990325317874 0.015896927332670244 0.048222889332891025 0.11797315093385331 0.08734189760669053 0.048256665169562465 0.02235465385239222 0.09739821714903067 0.055180946201429944 0.008448700124241076 0.02370985090903365 0.030132044207864698 0.021764678790864404 0.0370179815038891
69 0.014785541059801508 0.06811663006739899 0.04586739522318534 0.030059235744181508 0.01626277100327687 0.03167442358300791 0.04381335758763841 0.08392629872453626 0.005356037511001412 0.1073978805730426 0.024684258463271172 0.09127099688521957 0.0900400271754203 0.02850667378319425 0.08758443619742728 0.09847594577152238 0.00396503560028354 0.0383988393989277 0.01769656409246275 0.07211765155520031
70 0.06054034317790124 0.03221826590073559 0.053255330920879904 0.005820732066821591 0.03046235855907074 0.013619686357839155 0.0496368836147032 0.08759676245378223 0.038288604117671925 0.04494185088056884 0.06458272946405724 0.04976088205755448 0.04506122042513093 0.1128160679323282 0.042939256865193544 0.06276232080335746 0.03547015515869533 0.06788186509472709 0.02413635282178142 0.07820833132719975
71 0.07792871039764712 0.006084726175217868 0.004518581747076174 0.0822046117415516 0.08400569796936912 0.062885574279514 0.0507892347464479 0.0141034224108281 0.04549083455810554 0.06285704359843274 0.014943022638848212 0.07840238552195901 0.018145188442904393 0.07943907715346007 0.07315997644301232 0.007538237380523837 0.06601783115900754 0.03028413916488185 0.08343132683496049 0.05777037763625219
72 0.08201210200306486 0.07166819721689105 0.03667611281064017 0.05969406399342153 0.0848204798301136 0.06447915414954707 0.03165282900324208 0.008646788840930555 0.05627791067695441 0.03634636843917915 0.08791642933547911 0.026657771287808746 0.059667300355785866 0.03610541207020803 0.018834364846306666 0.006418131296155017 0.048007051173050826 0.0897447952878437 0.03790207521145898 0.056472662171918965
73 0.04920284681566894 0.06774144161543319 0.005697867060267905 0.008613174517305209 0.0680511923008568 0.057957493152711384 0.09160913793628077 0.03995183237488049 0.029719585770124547 0.01179310212533704 0.07496983480685487 0.08830478994796322 0.07508332829805642 0.016281715535597863 0.03898710898493115 0.02137927017275795 0.09079469916215509 0.021553872095547953 0.08418636334089037 0.05812134398637878
74 0.048289005604181756 0.040071285772464715 0.030567901860024827 0.07157400966333816 0.07941517578486267 0.07412992545669195 0.031175640379684642 0.030760996426917736 0.015624238782346584 0.048047706914012035 0.06568727275751407 0.023890081870959857 0.07719688054765896 0.04999650964548599 0.045327325679602286 0.03251122276036463 0.08575483272928756 0.050829101146639286 0.07424975435563916 0.024901131862323043
75 0.05346751301672572 0.06263313362432144 0.0298650038242273 0.08214247442420305 0.041693420369112145 0.012811087424905563 0.09606000693871992 0.050143982608492774 0.010426292279509456 0.08068298534782149 0.10396079265778563 0.09736432815533316 0.006836142602266236 0.007511357937727948 0.012448299956946143 0.10212473741227845 0.032736779792736544 0.05986450052229604 0.05474978587709848 0.0024773752274925907
76 0.0933204795330358 0.003511908377380116 0.05419311057668226 0.018985865892812072 0.08699292844488024 0.057180831059640405 0.07181620112218459 0.020350428771988314 0.04963269797941867 0.0875120329384664 0.043456668751368985 0.06700868845638865 0.03312268177972518 0.002094674701454583 0.05971397691894041 0.0797463777121927 0.03524782072480807 0.08131638703198392 0.0011108460332851717 0.053685393193363524
77 0.09107487191556193 0.035690814662979624 0.0012634298726546787 0.00788460129579217 0.03688435504627213 0.01880152147031832 0.09989156588909576 0.021548559376607563 0.050937036251907895 0.1004640630811482 0.03581928105085723 0.03906002733302461 0.06286655399946471 0.09034521591359419 0.047199370676399025 0.057621286284594536 0.11094304301986263 0.025103135948503108 0.03292867215772691 0.03367259475363468
78 0.0013798218298749902 0.062191287695335086 0.04621743427435992 0.046651774048142775 0.08832399769076404 0.02275694003332528 0.06238813536170847 0.08871804358495372 0.01499182086479606 0.024056941364243585 0.08438500758757238 0.08418464522973536 0.08393990517292069 0.030579181611945446 0.06117161239241864 0.022055841851857695 0.03626514852331378 0.09397221224630681 0.017217365823282284 0.028552882813143395
79 0.0259229266205631 0.035935573475067505 0.08194565107406114 0.03990711917914087 0.005984964730141925 0.01618046664639794 0.06849060710810713 0.11055260926636047 0.07977638520730361 0.0550045078705068 0.05864429510185461 0.009662833365105383 0.008410505557599542 0.11375847093290785 0.04481988327481053 0.055018935249615486 0.01342075591782473 0.02013773506189283 0.08760646074375622 0.06881931361698251
80 0.00300642359396007 0.020781073738322626 0.05734172807523405 0.00041481234936098076 0.05471271870288902 0.06638461724447736 0.08611744761910557 0.04834307450174571 0.0803801474427402 0.06576373711194579 0.072099672766275 0.05578281188870933 0.08245223424765243 0.037392801796343994 0.0328535636303501 0.025321582478792022 0.018374728268062357 0.08318974346789099 0.04565920099494516 0.06362788008119735
81 0.0498260634850922 0.09583248444603627 0.08273901421179163 0.0056844914425344915 0.017919689477785005 0.03601482307512556 0.049732174786048036 0.034800635787745574 0.021261823066491686 0.06843394853206158 0.049831046789519426 0.07570100217667662 0.015162382504848845 0.09728568874514797 0.02103938277893776 0.034488589330076806 0.05393715177142222 0.045992423885018494 0.06701435814762045 0.07730282556001943
82 0.009589085641035392 0.07638120638641596 0.09579659333240798 0.03764058037144304 0.03170592069460077 0.09504312192118529 0.04800334503916612 0.02535337522032568 0.019625128785830465 0.01973535984133776 0.002062312990504769 0.07601537726116578 0.08472185920076149 0.07618747199550055 0.09029824270454863 0.03720658822255922 0.07566291328136898 0.08212751434864027 0.010988224378799831 0.005855778382401892
83 0.07497778830501062 0.031649055619575886 0.08576961935802922 0.06875829193844395 0.07791824641837583 0.0760489727411045 0.012013657426059112 0.04891377978775407 0.036064363633315555 0.07144101789912566 0.012071003309483005 0.037230710227927545 0.06880498267179729 0.04545044062443923 0.0023712103388990385 0.04850975477397813 0.025341791334815157 0.038493450895690465 0.06593381874139673 0.07223804395477892
84 0.08214525417939746 0.04301489487123767 0.023982644800517892 0.029768499854551333 0.021276758776142452 0.07213894944953816 0.07212392489002144 0.0031452714397575904 0.02797950485804372 0.025772764843429823 0.03360288234889622 0.03387783655661806 0.08594232136128047 0.06579833320553953 0.08027916270511964 0.05941936718893426 0.006117739829885787 0.06244242546776598 0.08196345408732418 0.08920800928599838
85 0.09511078862148234 0.017776419841860017 0.05248630198693948 0.07116832201496229 0.08974543978339397 0.06193179322859617 0.019469049611730436 0.02451232075682508 0.04471390803572073 0.06594376335410379 0.06196154799810421 0.013387512111072197 0.06239815908910915 0.09594992728311737 0.03605393403562722 0.03924304105999855 0.02974269132935305 0.004606150612296289 0.07482257312541929 0.03897635612028832
86 0.06699312019841124 0.04116187330395027 0.03966908598090596 0.0331484034462985 0.056730801590582976 0.07740730553613995 0.0269949527876838 0.06986070414873503 0.04802449254129406 0.020639815442809285 0.03286471192976046 0.05442626382827076 0.08117955473485376 0.02412769345952226 0.022720375406124916 0.05294640220433076 0.06513197262606499 0.04824267803684806 0.07640433277146891 0.061325460025943905
87 0.07485504091619936 0.0037817062700346072 0.0580431225509283 0.016101556304679465 0.07224520362069897 0.043801371912787705 0.012128800563953537 0.08114974937112711 0.03774306732852556 0.02427550258755357 0.07760503737161134 0.09219451104626601 0.021845584734081373 0.07091247503894109 0.07132453460799784 0.031280016446470604 0.07512902044815506 0.0019100460372049317 0.058307961641322195 0.07536569120146124
88 0.061747071998023144 0.062185559108267854 0.04235608640774994 0.07379910245104876 0.0454603844920444 0.059803384207332985 0.09040144276708285 0.06617879903735202 0.017279967063577845 0.03521438943594879 0.05882064529284321 0.08037766150685095 0.006624901690309033 0.05827444668582918 0.030031616139347638 0.04700604284534897 0.0842606493510326 0.012622758048093506 0.034312720131341456 0.03324237134057466
89 0.06912447907068206 0.08586459527039045 0.06212852301236952 0.05635634294607425 0.07089793572970893 0.040712595503654095 0.012144987849975149 0.007026432041878063 0.050537910139015825 0.03319400328390403 0.037642218109677696 0.01651392620862661 0.057223605623116895 0.03476328576174461 0.07596146662616922 0.027246107019660383 0.02383087453114702 0.06731458412260738 0.10359321371129705 0.06792291343830087
90 0.08787119728276765 0.016354355482064757 0.0015093954678206197 0.018681558247588992 0.07728955543028944 0.07998930879629516 0.050719379856428735 0.013490021766014763 0.06486208261908202 0.014597305098188147 0.05326204525041495 0.04436699632637507 0.07535828221255259 0.04088807830014058 0.0616265406639343 0.09561176013426564 0.019323914334548966 0.028101956153647408 0.08092569163147388 0.07517057494610621
91 0.058962696777215315 0.0035399313746892307 0.054730370754336476 0.005410981373882062 0.05201247306129138 0.002338443559739148 0.04028212521840794 0.07198415458043586 0.04910149342447617 0.09485754458928754 0.002407843283048566 0.00694863363382333 0.05634704372221449 0.06599712192147458 0.09965185359929846 0.10520227917117413 0.09972157110331942 0.06890363109422724 0.009686439867957622 0.051913367889700995
92 0.08211336031262965 0.029299623139219588 0.03845990885900489 0.02315365677042528 0.07913531834350909 0.009598602454215895 0.05996235732215945 0.07442045621390384 0.07632674898829583 0.03845715351400103 0.030508172198967554 0.02675542862213493 0.018358065395459006 0.06264147177144312 0.010549299585237369 0.04552926897403779 0.08171497161782884 0.017908202189319915 0.09536565038580667 0.09974228334240032
93 0.07038300726851789 0.04320563896725495 0.03152178517446227 0.06386572228726065 0.0634045298859873 0.00878605054060581 0.03933299893944735 0.05855084252252184 0.06169659892040531 0.03023055625987861 0.06685132759732836 0.08177310240575825 0.017087086675951085 0.06899734865073996 0.011659463280409312 0.04400931401707043 0.05588017346391655 0.08369556289510437 0.09128630348188407 0.007782586765495669
94 0.03339645694004872 0.00024249608000371378 0.05714277912626455 0.0502190582928461 0.07144556907730873 0.05274502788301929 0.020821953133379176 0.018618937875606874 0.03317363319848939 0.08600073273812692 0.07488970307270636 0.03615874078227867 0.02104708096396188 0.04097705426459351 0.07796387953610637 0.04080103179715724 0.05011019161842748 0.07311411110201778 0.07576467121966268 0.08536689129799453
95 0.016573443839378046 0.09573968157196364 0.002176244202252488 0.04433960333374529 0.04971699365327595 0.0943655535563783 0.03059273637989005 0.033149612659837666 0.05139354311140598 0.0862961740525206 0.004463470216371054 0.023865139755749717 0.02527089537546739 0.09561017455737154 0.0698674083478448 0.03648666446730016 0.056532081864611464 0.06843067383196906 0.030965696501323574 0.08416420872134338
96 0.08597202318941626 0.061491040955891585 0.040996407633850505 0.06530773276541403 0.028064750211720592 0.06495535665404284 0.047194246227823713 0.05457314944465123 0.055318153543825764 0.038173775298476764 0.08256112117128017 0.05218356131096598 0.023406918682025973 0.010797824331227389 0.06606739775472815 0.0429804796563565 0.01727846950789451 0.03640867274446465 0.040894871742930335 0.08537404717301311
