0 0.05143383189936307 0.1102821989539969 0.0005115243463747313 0.011898943947337693 0.07562463184350995 0.01884967460532575 0.09983530250873006 0.05675363656266947 0.00480277722051501 0.022627205632853406 0.014272615465730963 0.013154905748063002 0.019044050412376164 0.002534680630591814 0.09273807427789084 0.030747936184870445 0.09010050046086672 0.10917719099597409 0.11465066189185273 0.06095965641110723
1 0.08927644488084926 0.005588390086479734 0.01685647353787409 0.024323470906639517 0.0182101875312542 0.059455832127732845 0.03501584438233901 0.05755704700274069 0.05587914376452502 0.0714358124363917 0.009027087386870858 0.08779640299200378 0.08122786504320152 0.027372037168700358 0.08650793381528017 0.0588401530266476 0.08697314418571435 0.03181906641779867 0.03769459140855471 0.059143071898401796
2 0.043617086962691586 0.048167688957204906 0.006311972280012411 0.010188535333698925 0.03482999662356597 0.013128863892543089 0.036460559141039545 0.065818741704343 0.06290702718869062 0.09632922541255803 0.08517132449730352 0.005989280970284533 0.10726557335854875 0.08477211290386504 0.07447158572154321 0.10717427784366772 0.046477197471439656 0.006948317197559808 0.004716316784317469 0.05925431575512233
3 0.08557057033985106 0.048418582460748906 0.054302251093763 0.058274820314947476 0.05155995045892238 0.010749639263994505 0.08222185069243824 0.023218589927196852 0.013712417198934585 0.07212080009565758 0.07698779987666991 0.021089337409307768 0.037175098418696484 0.04638665071965097 0.0856292319238133 0.07553105757756294 0.05828904101535719 0.014247010768096216 0.030881009550852503 0.053634290893537946
4 0.08421839733377687 0.002271888587683325 0.09522561893966441 0.014535780605265568 0.021352507920947734 0.07063617936820363 0.0691001803000374 0.05912654922988151 0.08486492287676824 0.06637161841051382 0.05863545664846808 0.03760009162193627 0.05053970228920687 0.0026768139796171236 0.046287871834592924 0.08595068164545701 0.03441177878330488 0.0677467602944276 0.039227550198771326 0.009219649131475383
5 0.05178568374428014 0.04849536240512062 0.06479426713038894 0.03958098502652327 0.006749891872954617 0.047344432919427526 0.0788687412299982 0.08491411700273693 0.05447015435361369 0.09175577816163137 0.013762009795645175 0.09235307975903786 0.027774238962572244 0.017366792392144753 0.07075314965469033 0.03697982297564661 0.02502089777634513 0.056987758838641926 0.08375936477505691 0.006483471223543825
6 0.006300919963005772 0.06985700596302875 0.03413395298467293 0.06726652629004669 0.03602648817952762 0.0478057811563308 0.044716587804524706 0.0792623789156587 0.024753530291018105 0.0959547241706276 0.05667883458040313 0.06563009526573596 0.016401061593625102 0.045382144251750065 0.09756918380512473 0.036548055312371784 0.0017222053484837504 0.05451607599705277 0.07435240881298441 0.04512203931402661
7 0.004160717827205539 0.005267760688564462 0.06719092415025618 0.09190243431050925 0.05091494072021777 0.061931411996966244 0.09935602584576661 0.01630538061168244 0.06618485080633864 0.03307691187750975 0.033689022773369035 0.018380950983765125 0.07782834321494592 0.060323610139329395 0.009805982951120586 0.09045860964041982 0.09583723875286339 0.06055153498800839 0.03828732097852105 0.018546026742640324
8 0.08114851979083156 0.02740330318430163 0.06913741040592092 0.0023900512030493623 0.01897774383226563 0.04058908047095468 0.08955372593622765 0.07828611785630481 0.0627211952076863 0.09204294744290686 0.06303956792083441 0.03203615578360634 0.029856528894128077 0.07682235354606905 0.019949662648514752 0.026674413800575104 0.0302452310410638 0.006531003552199323 0.06903131947776721 0.08356366800479252
9 0.012473619204547775 0.07819085204309797 0.08115885988747816 0.08773991014653745 0.08379154644253313 0.07184921457008425 0.021688266592462098 0.03327407464810677 0.009496918549833522 0.07269392397479839 0.08147477262081619 0.04070512333731332 0.07922019255347525 0.03149164090539836 0.03685093276733898 0.01900868128416397 0.06482696055546312 0.013756730702773466 0.014217855322228596 0.06608992389154916
10 0.0011558485415546732 0.034951564360033015 0.09131186917960842 0.09855305683774888 0.010720797652361388 0.04933751077607947 0.01183249417309984 0.044481522709909585 0.06587864426386222 0.03771932873515422 0.05530442146225365 0.022308794277493445 0.017033766581451983 0.09583684297128368 0.052904461118599574 0.058549479754358584 0.02811687307600085 0.0804580042166513 0.08068965743766458 0.06285506187483048
11 0.04739956005780184 0.028099235847590158 0.06445436129010093 0.018887949103012388 0.030684763259165887 0.05931186275444468 0.030602216207129437 0.11094178332613339 0.035484782810062565 0.04314544670486659 0.04004982216480189 0.10997896717516753 0.1013487515925533 0.05082536039087013 0.0011385182568905779 0.049325458304603706 0.010928186355203644 0.08575226782604793 0.02708061027879484 0.05456009629475874
12 0.049917587939424024 0.046133404824976104 0.0480775638508476 0.028586506189190723 0.06597306454938148 0.014513575938652618 0.0727427283606289 0.08486436594487592 0.07628107904319478 0.08120631339937534 0.07136447110222796 0.054653952326259435 0.06881599102851767 0.05955573926288509 0.07985709219757084 0.007492728639981708 0.012782633252360726 0.010340140839923805 0.05866056659576335 0.008180494713961867
13 0.05428580577082216 0.022025974554274203 0.07216159064687298 0.02189659485717678 0.04208190952447083 0.05312918639185373 0.0618331119002762 0.05642910925545043 0.028560322791854248 0.054297147255281834 0.06005067864478201 0.06013741933779351 0.001657840526774632 0.05509474092076399 0.04917068645885598 0.06637389608323598 0.0488018259349692 0.05438918078994739 0.06521892265856873 0.07240405569597494
14 0.0806248174234878 0.046670904405726306 0.059154648252548014 0.006129946983548365 0.05563836525021944 0.020912438856838005 0.0539014027035859 0.03575542123480708 0.07318587375394799 0.0471747027689901 0.01693891971100407 0.05660894849482459 0.0665011259931766 0.0233711292224304 0.03301437721201561 0.07756154628778342 0.0402235597414672 0.0770530779944739 0.07228339990424275 0.057295393804882494
15 0.04870433647117901 0.015126219381848575 0.06258774242054417 0.05402385688833682 0.05841034387957428 0.07377945051142279 0.0037968919365560395 0.04518673045439744 0.05232383046686957 0.04640628459531007 0.05185961764254301 0.007333522900478028 0.05295515250823522 0.043091754869787544 0.015604418405714665 0.06979289121210625 0.04152337231025301 0.08853862738187199 0.08117238328969759 0.0877825724732739
16 0.04221515074804758 0.09306252204569924 0.007126360104624538 0.08165596101891698 0.10341013352698121 0.04988924151650949 0.013079565446357288 0.08912926089223086 0.053542284284999846 0.0025571867347964987 0.03595675301109946 0.028480781624130428 0.09020026536392005 0.009957639369930885 0.043753215182899825 0.04423482353463535 0.05429868663265839 0.10159063053785793 0.0008584981053815179 0.055001040318322654
17 0.03373811629622054 0.05575693669088267 0.06084182588519873 0.0758447932167153 0.030355507236446373 0.05913630530790463 0.00840005859170533 0.04231938241119 0.006715637631901818 0.08256301812025563 0.07744684245080784 0.004783122505769097 0.017455638857603678 0.06013948671324861 0.09489170366820932 0.014164393231689628 0.07946407291190433 0.0975937900347533 0.06797857003019027 0.03041079820740292
18 0.05759799787914832 0.08427130519328055 0.09124349065646464 0.08290410836336362 0.03261109454696419 0.08683173729162602 0.03123545902017025 0.043299622482390575 0.03460996194172287 0.018386433684678922 0.05331636996356183 0.01721547158873678 0.06213737590748796 0.04231082645892931 0.05277461024563809 0.039765132405496 0.0665385254314113 0.041524908269319386 0.030019853737270986 0.03140571493233831
19 0.06353195709607151 0.03683456916291892 0.06408095041476812 0.056614692292526775 0.06691343599148003 0.0637708917976532 0.06300164394026879 0.04353874742682655 0.03363747849459891 0.0597450025733563 0.013905436233587039 0.061257381925016376 0.05920986720556746 0.06124882660737096 0.0434022619424763 0.003650699165566783 0.04803355655467521 0.06202432104045431 0.05158458591797927 0.044013694216837276
20 0.09543181790179396 0.006728905938977284 0.07405911265429241 0.07290363416580826 0.020658403723270217 0.11057292175238778 0.10887904704616178 0.098890018578658 0.11240090106007489 0.020825698071276596 0.0431526196164536 0.05782115171167926 0.018836535218469157 0.030377139484427808 0.03216539031746005 0.06541882437228386 0.006448048720989845 0.007265731618347424 0.011267322459750099 0.005896775587437833
21 0.03564623111457682 0.03621522395838531 0.06066565413499694 0.035966412186955926 0.01860985440625117 0.06444634850883699 0.09138138165869181 0.029807741274464603 0.048720923892175035 0.03329253638895129 0.09944050282984912 0.03020574560452474 0.005037588478177099 0.005191132984604074 0.06482715493019692 0.0430357676642898 0.09770923163614098 0.039183963387557426 0.08020596031514295 0.08041064464523089
22 0.04109270093704617 0.08180644917883359 0.036600827721342835 0.06743426506946128 0.05417460319654701 0.0696499896809828 0.02782816055946479 0.029615418610213606 0.02425638926828527 0.03318953745361452 0.07037783003393594 0.05110573789696024 0.029403911576114203 0.06695869849085223 0.06116718671511768 0.013289954784200959 0.06471033776393725 0.07618819775587218 0.025760670968832604 0.07538913233838475
23 0.08177457613793783 0.005278089767611879 0.08835946963159638 0.017027752691740873 0.046061605046716206 0.08505466048104651 0.022631022731268213 0.07571683051721814 0.031456679679127866 0.006473984456510222 0.013826723944790289 0.07329877616490595 0.0768797094990986 0.02845139156533843 0.04251555996004868 0.08409149225993001 0.05837352493430643 0.06341028784687293 0.08474766473652044 0.014570197947413929
24 0.04415919303432979 0.0018274688555203352 0.023844852469315166 0.018123130610256073 0.10363908906846332 0.06293500175209532 0.02450258858072963 0.029505759775298377 0.11648462598142584 0.03840287826768893 0.06018617290626519 0.0876796657848683 0.029185913974369402 0.0975584372013061 0.05392170352016079 0.059675102518017574 0.05400149711888245 0.05305357562003989 0.03938042467482827 0.001932918286139184
25 0.046749824102699046 0.08389848471567882 0.00414052902990346 0.02716023205644643 0.03950944536567432 0.02346360583210725 0.029690915329472503 0.025690546140648123 0.08832881674202839 0.07629320441477017 0.007819486603423124 0.07176875579765482 0.013576069179422534 0.0668242335468926 0.08779149135898388 0.04815607496190616 0.036664092597558484 0.08510332277046936 0.06344483927164087 0.0739260301826199
26 0.037734645994136104 0.020072133411864226 0.08300900466061598 0.023551413470322413 0.028606197119089412 0.02447976111176584 0.02981936459516191 0.021817547137049104 0.0648283148881193 0.038371516754307715 0.052619365696652334 0.030764737650533665 0.04452068341497126 0.10006934623525168 0.025263417040584 0.0692722006257018 0.02768514896695379 0.09196115900178113 0.10239346058122357 0.08316058164391478
27 0.06437532974592591 0.05091154238310695 0.05846547614305967 0.04681881823625798 0.07854018828257094 0.06488814678451534 0.027378765155769667 0.041539507645266996 0.059334384099527286 0.03362680821770838 0.03188283402716279 0.06940547931504835 0.05172434013777791 0.07653570659341259 0.0505057382299834 0.06359329079615161 0.03456493599568904 0.04459764025126351 0.001950848834628421 0.04936021912517324
28 0.027355557161629587 0.030120461054930978 0.06176914586772676 0.05986086046947233 0.08390348532411226 0.06113797023009418 0.00487110146536985 0.028728943441202033 0.01576603836772075 0.08607207750721725 0.05653802947497801 0.0510582650465653 0.05069829926744627 0.06774094985905744 0.0859781525174638 0.07567060143261216 0.013598304925163103 0.08125734519790316 0.020512152869090968 0.037362258520243594
29 0.08372488652406203 0.019566700036265438 0.06957502679150948 0.0015713880485784283 0.05870166212606775 0.05310557966801984 0.06660187343322088 0.02395492709317907 0.05016864833538368 0.0257007367108666 0.04140762515114261 0.07177923190870428 0.04669777965829088 0.039687327385172715 0.07757877947015078 0.06268894513935072 0.06743831607528046 0.017907420774155806 0.04572585036153015 0.0764172953090685
30 0.07509813150105096 0.09504335171714129 0.10157932503319808 0.032412424453971994 0.07181734529161993 0.01973988179286173 0.0897932340482346 0.05346017321550403 0.029391772391537306 0.045595171928868194 0.04939498420319485 0.0012078188900030754 0.06630291806844242 0.001468132598956319 0.042835461749213224 0.058155223009464505 0.0005662307890859083 0.024369959874267585 0.10735464438981913 0.03441381505356477
31 0.07603434778915841 0.027215384514361615 0.04370140972791373 0.09903371977543858 0.03526545090350936 0.09202125756405702 0.04889515576669485 0.08877637566475106 0.07715664760766447 0.03218790115791367 0.04561895082585175 0.033074192384448024 0.049010220584651126 0.07111515392763253 0.09609843420184654 0.001438455263504308 0.024878956606604514 0.015613242873019507 0.02076843590296506 0.022096306958014036
32 0.09454891199235219 0.08817304832304695 0.05353480425282277 0.030096943774995045 0.04175685896056895 0.08716929856345519 0.06048212425936723 0.07905032343700286 0.08465264874631966 0.048261432517244206 0.07016072660182969 0.030143735347208288 0.0515946870312501 0.07489215398208042 0.01400646654307071 0.04947881541454181 0.012506467524624728 0.0011458653319003538 0.005010707703948746 0.02333397969237022
33 0.002390299743383463 0.07781736143817604 0.07310823895397593 0.04353827108590594 0.0656905855914907 0.0767539382153435 0.07953008599962814 0.06817944953220681 0.06253048923850027 0.020742577080345173 0.057392118208533675 0.01631580318074794 0.037985593290515075 0.07062793282167035 0.0466530354930419 0.04898281120763025 0.06488304511759374 0.05258826055927312 0.026889366403156287 0.007400736838881803
34 0.008704949238273106 0.022154620491903303 0.004700228570483696 0.11025491785393225 0.009481835822727838 0.024456695369805867 0.040827016534258055 0.12499974334468122 0.08331348812612273 0.013293882270484466 0.04578672886369468 0.004036186035193851 0.011093468047094423 0.0020769955022856418 0.0763038961374538 0.053048007902177466 0.11775364840205403 0.10259742545323458 0.12489147629530531 0.020224789738833668
35 0.021563080281821627 0.00766235523775344 0.051568563798321074 0.04370844677227672 0.040866868624360134 0.06644869274293057 0.02502270304108633 0.045794654803718485 0.09584106482978448 0.08225767239660646 0.09230210037564218 0.09105282326847579 0.019592589063367208 0.03616707648319614 0.029405290851065156 0.02754923529404538 0.032528424063831815 0.05886410168846078 0.08912187757035908 0.042682378812897076
36 0.06361328188416508 0.03649580924383344 0.04367540692407727 0.08416210992997676 0.01813226995424024 0.030532564706050938 0.04287487713472985 0.06236237928887915 0.030710171055648088 0.05839761446733639 0.02180055239047607 0.06090079419048377 0.03353139946099985 0.05839922205863183 0.0618326209482438 0.07505395151288942 0.0702121214534196 0.08009534993839541 0.003191349079513831 0.06402615437800906
37 0.0043736058917713426 0.08519101383024033 0.06908286027492795 0.038366143771906315 0.07222821817346362 0.06059099777303263 0.06390374804821043 0.08210425058691741 0.07808988153821328 0.043970591552258215 0.034528973947586604 0.0017373059498267242 0.039221373869735586 0.058931989290054235 0.032083993460199974 0.04006962923673271 0.0780906218938026 0.08220098514082164 0.03252040317479909 0.0027134125954991965
38 0.03233911973619434 0.022815759812584605 0.010107202951019478 0.018076803930974935 0.05024138572863057 0.11048564101182905 0.0969188222253625 0.01895760899902534 0.06076332050354515 0.024703109104423478 0.03903197433104811 0.11465535334400921 0.060569729822400775 0.025325427978734577 0.07394858753710154 0.04043223782965638 0.007575360178398709 0.026655292535107143 0.05696381733521541 0.10943344510473868
39 0.09641221599327893 0.057277104466725993 0.02380209748314153 0.09267600285613267 0.05063674498777225 0.03010874104302026 0.06313084342260895 0.046445836926099375 0.012259997030148071 0.018245137690009447 0.0723928758022278 0.038278599833496914 0.0482648869068036 0.02951372300062394 0.08559159514870668 0.05953044402820308 0.036244608222368746 0.04703361353047048 0.04839657350068362 0.043758358127477665
40 0.09035082342558474 0.0665055607401825 0.0704305422042907 0.06369733757037035 0.061914502484150515 0.004639268933353175 0.039060453150056865 0.04233972185098186 0.08835044927401914 0.03764170777430599 0.054627800034501225 0.027948846477109178 0.009357622666692138 0.08517349731207156 0.022128657986747815 0.025028368209877208 0.07247675753420893 0.049776813246977004 0.0695479026937879 0.01900336643073113
41 0.027428065670846737 0.10510118460411755 0.002722217104144946 0.006079653797556673 0.1105932281298346 0.05023819164601777 0.021267256025302776 0.08793934672370077 0.038188334897407784 0.05808562116257905 0.01968900812421581 0.02305250704356801 0.01592823405560295 0.11369326635050336 0.03835332062384294 0.09391181095448364 0.027335156523977024 0.11001844375892583 0.027614325241114564 0.022760827562257384
42 0.06404146246117347 0.06875119304856582 0.08688492116921608 0.06406941995836883 0.08310885255094123 0.04760298766330944 0.0020036652175639165 0.06203899792852877 0.02238471087815499 0.08792719279960234 0.05265091735003649 0.04521320209056848 0.07821726248832017 0.05629719057744438 0.05689277544395122 0.03129686802804763 0.010941981256206691 0.014596527519734614 0.008811195006613459 0.05626867656365192
43 0.013700848184456785 0.042243007549940814 0.05687178140290918 0.05267169948761796 0.08106785391314585 0.06200416778605509 0.039725487428117615 0.0370525115949594 0.04592601974536384 0.03996154988287419 0.0751600945736135 0.03475497496159846 0.0235127705240283 0.07975730340982728 0.06756554559064079 0.08060639029359572 0.03681923280420026 0.01769150373955147 0.05492007662200353 0.05798718050549997
44 0.06201872035310055 0.008612792464001012 0.04842092871640673 0.028727617552609306 0.07526066046560553 0.07110995852163342 0.03198766821272853 0.022853239944146852 0.05708842832204306 0.08546305505759645 0.05551611865544077 0.05271529289321365 0.040633685667328744 0.05669949771144104 0.07970461454379832 0.050340103686525646 0.04274630113513292 0.08124424760784685 0.0012649895911910965 0.04759207889820941
45 0.02743678847620099 0.08106361139498146 0.059136561995619424 0.08403803771571314 0.026880409760560314 0.07563050910067255 0.0021192719949740166 0.08484625133970751 0.03345721385954591 0.028437262887193334 0.05412001889184251 0.028204314748263667 0.04323969760156706 0.02301283181671751 0.06269079331021378 0.04139986678942792 0.08808668773440405 0.023300300631327688 0.08162086093491416 0.051278709016153105
46 0.048482379632033175 0.05920552516384802 0.06417564427475182 0.054651416458265906 0.01408128846488228 0.047585868634030054 0.067087720626308 0.002527094134274876 0.03965061123199113 0.05926573789334158 0.04939339044983097 0.02249264084048491 0.07009136416259636 0.0920458304166271 0.059774414182975084 0.010243592725685457 0.08316047180201357 0.09478696058641457 0.0320243579919748 0.02927369032767025
47 0.02640149772180699 0.04025677013235146 0.047809260592023374 0.07298456844678833 0.0410623120779895 0.012662362113321474 0.06605205033308002 0.010195417939012836 0.08743607414834784 0.054626460084989635 0.052263518843842637 0.07222714395551186 0.026435066370583075 0.062412848178472514 0.09374538093680077 0.05176808205742015 0.04989268503165391 0.08480180076760764 0.03369801783654926 0.013268682431846689
48 0.07519595632557609 0.0668788831631112 0.03206707384458103 0.06959559675487602 0.030451813097354032 0.06701005250162953 0.04970296041191563 0.05283857753228718 0.047969595898185016 0.08552952008084556 0.08554664544801069 0.039336423167850396 0.07609139706379468 0.07321535251255311 0.042913390161770995 0.011588322489414273 0.004812943288108481 0.005328246114540445 0.0019938938467323306 0.08193335629686321
49 0.0132085300757454 0.11446741991804242 0.06671126183018605 0.018508558219034233 0.010513770564808358 0.07110090355215926 0.11071552356435946 0.08075347544222224 0.011747157014890094 0.06857502413588255 0.04679750216472651 0.08405994144700371 0.03419659175363915 0.06526673687598875 0.05975865392999183 0.011239921422888455 0.03364706097086718 0.012797841710559915 0.07413708913368827 0.011797036273315922
50 0.07233304602262718 0.010869242550016082 0.03621435766437228 0.03536299520639893 0.003822987692796352 0.08172336945685597 0.07066152423238145 0.10462889096580498 0.0359862166626191 0.06978664985598436 0.06147739215177003 0.053351076522000065 0.07985352391273072 0.04755873689513163 0.059582428848814324 0.019285693646279363 0.006912102231670479 0.013879675757116421 0.06457540300180331 0.07213468672282705
51 0.03464384944522369 0.05596653865939905 0.011256064078721878 0.06518273423052846 0.057883155477368914 0.03984857933545164 0.012946415972053489 0.07067046506784468 0.03561941367636837 0.0868032924602812 0.08671823806449368 0.055383693524399286 0.06412575959716439 0.062217493119668635 0.02669024904229611 0.01517249527246339 0.05690675844764383 0.08782667437912609 0.05208438926348903 0.022053740886014438
52 0.08863414978957712 0.028458479681901832 0.018550545152880297 0.08586954258297713 0.060518355127840075 0.027883149849829574 0.03221167494090974 0.08000564857227974 0.026947866776110888 0.012977480290272854 0.07146827755872764 0.08584834536785332 0.04003582021788898 0.03869348348387014 0.0372006612509327 0.06227656596551224 0.01602781778760543 0.054937108588883656 0.055019564916758454 0.07643546209738822
53 0.047102504413762396 0.031671497516120174 0.001903016679262487 0.007378202075000708 0.03803169118741589 0.006171652099513436 0.06113925731500096 0.07859276619353374 0.05380131756374872 0.07254804312887898 0.08014023181971411 0.07975869654266732 0.078088378362801 0.045937801586620475 0.051741223730886535 0.016857971210646402 0.05888739969597105 0.05561800001415386 0.0823388220294338 0.052291526834867964
54 0.07731169473179002 0.06855441841694673 0.07143474549939423 0.009195642774392745 0.05529822851576814 0.03483673717317974 0.06356418757896024 0.016687283929342902 0.056884480973660695 0.02667866704764716 0.02783796985162479 0.05349503441503237 0.037190625121767316 0.061303552111424964 0.06447575247181117 0.07712240585846702 0.060037221827188916 0.07465788244163091 0.04613565223430823 0.01729781702566175
55 0.04861632727337677 0.052132463485238874 0.08224379514926516 0.08543172172729446 0.08473702054369431 0.0721121762576529 0.009688632090037974 0.05682309856485891 0.05490447627731979 0.052723873875381425 0.03877392230544296 0.018416059672039187 0.08212560852413885 0.02549273262382236 0.08477786418065435 0.04122061907319598 0.03251675369432318 0.021318117496690943 0.024715537178013367 0.031229200007557956
56 0.0196171678409792 0.0357961648834143 0.0325389024225469 0.0070837707067540135 0.09059878685778401 0.07079131101004771 0.05922211271477457 0.013609904378232476 0.014867323091980045 0.060609520051382405 0.05036637936634134 0.005624324782692407 0.09042438652238936 0.08871004540537791 0.023887070607515205 0.09369362774755417 0.05801992533465762 0.04813435652946179 0.054788095344398685 0.08161682440171601
57 0.005510693969381467 0.13707230742374008 0.04971752871428934 0.06754947475784938 0.02842385175111955 0.023895300424933905 0.10440157073337109 0.0098404814185975 0.04785937124485956 0.11022036384878064 0.00939965464490679 0.020099758404905528 0.08788412150984304 0.04185540731022483 0.0008180608720420606 0.03959803700263954 0.07919929748664878 0.061865672079097246 0.027325812900099028 0.04746323350267079
58 0.06784102630703726 0.059645456879209836 0.06362237991317543 0.08326245624721927 0.0590599371798424 0.06800265391408684 0.07520397069166739 0.046759054703444394 0.014707671182931963 0.05262574869398489 0.03488946840138181 0.001174264254793934 0.04284864681226129 0.0009761075738804839 0.04153023942111119 0.08989486780026006 0.05311310388452398 0.06989855358844911 0.07016409797902132 0.004780294571717092
59 0.00013903822472635986 0.046210600026761146 0.0632018456048035 0.012472618553209561 0.05938457985754063 0.02993510439175064 0.05702091738846417 0.03396204152628727 0.03385675886237614 0.08281737321583435 0.03307983109912854 0.03884553629427849 0.04645322423616508 0.07125313880805711 0.06415592885108488 0.06036573349648931 0.07151726705205783 0.05066701642090476 0.054757133415629454 0.08990431267445068
60 0.1024714953694571 0.03080515405746637 0.08146214363578877 0.00403614948905156 0.0498990325649349 0.007782530205806255 0.01722585314307182 0.07334977428024615 0.03725405349751553 0.08918239909271362 0.024912987202416775 0.0032012914012070925 0.07466699354216723 0.073012784043956 0.08104182612897105 0.09220518771321977 0.020213221047392288 0.018917406055368183 0.057572550198825144 0.06078716733042443
61 0.017396284801242792 0.07977539240423635 0.11487371097999656 0.03367131463564029 0.02959880003588945 0.03587515603740145 0.10496599109222517 0.05734343420310741 0.004045073921851696 0.014422333889264503 0.010418855782373108 0.09092788785811254 0.05381850345243835 0.11570819227823632 0.030909236423015754 0.018440550532668198 0.03319226892052286 0.06054680402318772 0.02545137518500126 0.06861883354358846
62 0.01688455568886763 0.027562612410933864 0.011897509289121897 0.0841220835474 0.04092093797270178 0.06373294366052625 0.07549563812715704 0.04643138181225571 0.05767729957943627 0.07359029193421182 0.014131782053762285 0.07980706925595549 0.06435083166610132 0.08627005768942975 0.049610187832199115 0.0070544636463811825 0.0847864095585261 0.06956314833691897 0.024086806697007926 0.02202398924110565
63 0.013560996835764862 0.08479104514774337 0.033543962600817434 0.059346813923998216 0.0918243289923229 0.07487669413135686 0.01123352585111213 0.01133767788185008 0.0800280479387278 0.09108427830415713 0.007382219943432619 0.08292626908354567 0.07912983621601113 0.011338758908582488 0.03267983287026217 0.08190695245662788 0.004513444502401059 0.019341674530202496 0.0918747501211832 0.03727888975990056
64 0.09330632264026077 0.026505718172605216 0.042625267135262754 0.0943678211618192 0.021444142044877722 0.0548636596497993 0.08125450417139388 0.07702856032512577 0.002416078515207598 0.026577273280855258 0.03287436563611971 0.05964875505883811 0.00849298188051605 0.02194476094610746 0.03297742285607508 0.06200117925500655 0.06315157752381885 0.08164110246766101 0.07392593662002642 0.04295257065862328
65 0.08331710784028429 0.08625362664151227 0.06134804664278355 0.09194947320102247 0.09572775611489442 0.010151048346680354 0.06704691794437576 0.0721677827746674 0.054055510326289906 0.023466141437870385 0.04092166203977515 0.0018808241249544178 0.026310426785375235 0.005505575939568043 0.02172505742917887 0.07448501799533054 0.08649084606519791 0.05847188724424872 0.004230540983940808 0.03449475012204953
66 0.0007352026197050039 0.07345236832315662 0.049815504225137794 0.029038805140587855 0.04593910781574144 0.07375047074134136 0.05677426647543149 0.08150281304425028 0.06149966080182622 0.04034744450185106 0.017158575671952864 0.07766869687633239 0.07090487803241184 0.06201371868294328 0.045934876977435576 0.05523564457327761 0.011001797894872867 0.0421166330033148 0.04573082665593132 0.059378707942498395
67 0.09529301221821547 0.014541834506507796 0.0029435068993649534 0.0072583253335981816 0.08016504817183182 0.058768875325706495 0.10818670070600987 0.06718289081246533 0.06344541486400054 0.07002034570399922 0.07155318929577487 0.01654157640145627 0.003243233349804133 0.10681523819561428 0.045525049695596356 0.07278790958368586 0.023719416624590005 0.005275839489306385 0.02206095237224148 0.06467164045023087
68 0.009856031793494719 0.03073883413967955 0.06846868734389197 0.016159038285080092 0.06676239450310449 0.05475325552965304 0.06355286306668018 0.07704147478826244 0.052698075900314806 0.06991840053190475 0.014751882401422665 0.04002116210667442 0.07553696502350365 0.00771181058679159 0.057659816330425745 0.07374123105616441 0.07735531798320032 0.06058317203570101 0.0352832155310497 0.04740637106300042
69 0.10935137562252908 0.050856614097456725 0.03161794952824033 0.04933278710184772 0.059767990086236164 0.034610625430882155 0.08431678250931297 0.0563694679336155 0.07907613059633906 0.02778793943432343 0.03285310629776968 0.015533543972678917 0.03551375832892391 0.11389318154681609 0.08094786480691284 0.024114282646117476 0.05543571727734156 0.02965895700250298 0.01950474667743524 0.009457179102718183
70 0.07730752763538638 0.07676329556664746 0.049083151466023545 0.07912083667904526 0.0314210688049761 0.07043962662741457 0.0237521315961039 0.03891297324497952 0.03524519424222498 0.07985657288230938 0.00711378375711589 0.07614283911026433 0.07871982434520063 0.020647940821492978 0.07704399503135191 0.03362731896717189 0.02368657497101635 0.06169114254504356 0.03205318450631976 0.027371017199911543
71 0.0032988101799916376 0.022011244350257576 0.06796034964065652 0.08481136242407235 0.061873419571888896 0.01662773525298217 0.08779927126461277 0.002096266722070769 0.07490103981421366 0.055447125502194904 0.07288321319183609 0.09343348951169722 0.04460524200972779 0.01938892425931808 0.07158220683569139 0.09246483072973741 0.0005196231526071979 0.03843684197858226 0.029714053253258495 0.06014495035460286
72 0.002236798797512011 0.09527277232027122 0.009589100311201972 0.08462207236380127 0.0469149688237263 0.009836924856399698 0.038974542915841265 0.10426355968946344 0.04475862776489579 0.052134854676426264 0.06731454864817507 0.08274241797360848 0.10091525900534937 0.048237560607122046 0.055735124754771645 0.011302167139426712 0.06563363398444451 0.02141533519776842 0.05643521170308346 0.0016645184667110396
73 0.038822506223978155 0.043448589459487506 0.017402962978783274 0.02978855719843445 0.07951114251428545 0.06499701439216972 0.024377993237718495 0.06708334488531163 0.058605242348542766 0.0791208216711789 0.06945000446512205 0.07024678537748608 0.03831793343641265 0.06167991937788529 0.05633972070162574 0.04973045898885382 0.036933172685010236 0.02430219443218828 0.08005146806817474 0.009790167557350795
74 0.03630280578714912 0.06280098069191475 0.02552744015317557 0.002260075542130662 0.08582511579898025 0.05017900223472226 0.06685777667717709 0.0005557248408950198 0.0765527536162146 0.06302382797727239 0.07375707576065665 0.07669209353715835 0.021142041610016035 0.004713879859432075 0.0758094610173156 0.0657781934934699 0.014621691374540058 0.041341111480603585 0.07082969227303612 0.08542925627413991
75 0.010705437748800327 0.05839959473248399 0.03474375715095775 0.05986678347130471 0.0265390556393392 0.08368419721340428 0.04060082474320443 0.05573168703012372 0.09267258038024939 0.02543275368170937 0.0002852778352980096 0.030988512184181964 0.0060063869623666055 0.04425778249687774 0.017188684368184697 0.04244172058175757 0.09231290567697703 0.08936960841724294 0.09308050093593356 0.09569194874960273
76 0.10908280342114302 0.10973423906407484 0.007039484465878362 0.005171056362676812 0.04750242304106731 0.10348741875550733 0.04200934666822005 0.014755909552000814 0.10289335930046374 0.007956265720022542 0.08644308576107716 0.02432194102729953 0.022476782326022262 0.0854345012343946 0.03932049150772871 0.040034342626008634 0.03316908050897514 0.055734596465279555 0.01572691694181667 0.04770595525034272
77 0.08085898855837051 0.0014063426020777695 0.00962660683213459 0.08620160513308583 0.05112297390532421 0.06755546687803367 0.031976062752127624 0.04579241374212767 0.09230386560283982 0.05687706365666976 0.02537363282370849 0.06055213129730151 0.004573816250109656 0.0775563208936273 0.04818029791235391 0.010787972278102432 0.06732788542368284 0.08874509057221795 0.062043564259650005 0.03113789862645444
78 0.028618635010750047 0.04167993366147836 0.07763977710907263 0.010344933965260027 0.03316430025844604 0.07365249425681178 0.07069838655838045 0.06993109770098274 0.08940670932825116 0.04232483959700385 0.054844734057047165 0.021151773032290794 0.04036961780468317 0.007585682977122784 0.03943618959775906 0.06469465999210591 0.08249816091875807 0.033461070218193445 0.09010001790988416 0.028396986045718244
79 0.05395814582936575 0.04544673595893163 0.012885901462058914 0.0270287627192401 0.08758614853855637 0.06857451842925934 0.02183701957019062 0.04796521677048073 0.011051562469910582 0.0798033480037324 0.04810543792864692 0.09281651856643466 0.02081666675694332 0.04799254712736911 0.03447764608828646 0.07812729085680412 0.07444691975324015 0.047531757605164045 0.0021641142544864328 0.09738374131089833
80 0.07088430192880035 0.04564115305765171 0.010518879979609902 0.10327577082878354 0.01676792098102613 0.001862809057990309 0.01355404605453775 0.1086687414922952 0.0890806271722522 0.014135675594326751 0.11504212489879097 0.002833584726635098 0.0038439208226253387 0.009896337599953406 0.10359834546406799 0.041144136264462575 0.08062300108037701 0.02710029521039202 0.034795917333501854 0.1067324104519198
81 0.01565452770508631 0.05786480110237164 0.008157318109484722 0.04095671623840253 0.05809868031431949 0.05793215917997557 0.05126111635963123 0.06621678675600583 0.025266539033567174 0.0917252431672608 0.05411074524404443 0.007801374251524044 0.04981047319506583 0.004917726761185629 0.049297435748761304 0.07969354064113396 0.08974723086364084 0.10531867496172875 0.050306400343376696 0.035862510023433325
82 0.06958323549604578 0.024393685448627984 0.011775088793453674 0.032591436784877574 0.07512030097881021 0.017177608475767287 0.08828642905498481 0.057447810032900185 0.09474026308601653 0.05517166087553884 0.008255145683473833 0.04653241696035216 0.00889545278411858 0.08754212924050896 0.00916078778411106 0.0957000276976187 0.0890962216000551 0.02609677019142348 0.05633864981530191 0.04609487921601352
83 0.044123424111853285 0.062352000244729665 0.015571583142364398 0.035799838679138454 0.07395307534570036 0.05322896459574518 0.020971053984484036 0.03932695598715985 0.06525778869203969 0.08158479086182414 0.05238958289026163 0.03584814080776913 0.04214273504500676 0.07101593858869724 0.0828351651832236 0.0006858228982138151 0.04105478589686227 0.04609789719221423 0.07273147203877596 0.0630289838139362
84 0.03757617678226114 0.08113094181914514 0.03243956979855285 0.07670711779725561 0.02779288577964185 0.08129212610158679 0.08917160167131373 0.008647022252667396 0.07831406396566108 0.07003041890213063 0.060393245856552924 0.021910736084489794 0.046462278189611524 0.03082914002425779 0.023056684923998264 0.08260453752267224 0.028458095283399026 0.003967518877699055 0.0428337982932097 0.07638204007389368
85 0.06383258632498862 0.03283861033711891 0.02859489840165419 0.09702335650995328 0.07038098540758447 0.05713066878861117 0.06925199019264813 0.053952354400301904 0.0770650566990453 0.03150605164694912 0.07595118981850271 0.03512143540610535 0.07501438589364892 0.023353446631319982 0.06652843853257646 0.004244927076941517 0.07433464869107231 0.014113354806213816 0.04813983351869043 0.0016217809160732864
86 0.032815035233464115 0.03193892773911903 0.05642504560041185 0.05536738708107012 0.035252223237877967 0.008448637526214154 0.05034173064872513 0.07718488966871902 0.005410262850802354 0.06365819504542068 0.07751595370960263 0.04178800513838101 0.06988734779917499 0.0029428714583725857 0.004424025361420823 0.07210256353501451 0.0805497488735737 0.08513504849367752 0.07131937959664597 0.07749272140231184
87 0.010518013788417522 0.04818838145569281 0.07088290828097984 0.06765173750712591 0.07539403661089145 0.028678311470870313 0.06230107494477512 0.008597905408546477 0.038971805929876896 0.0043681002027361315 0.07754716792442178 0.1034354642097465 0.06792427833394049 0.033104197251245804 0.09010568281396447 0.00011481544689063788 0.04317244183293389 0.04496662577088959 0.09726530524062274 0.02681174557543189
88 0.09712476090753093 0.018026418438234472 0.05758057893319117 0.0426640660726554 0.035426790527817234 0.05574158869356594 0.038734024198745776 0.005720424359812482 0.08004407115708237 0.020965464322959176 0.022534155858673285 0.033040222686110295 0.08103300998575183 0.022834704954072756 0.053406632431066955 0.05697549050603868 0.09920197432520637 0.019791036492295556 0.06176668877361778 0.09738789637557145
89 0.10191272134931954 0.022114459771288106 0.03186993845410455 0.020027544255611904 0.05285693953549125 0.03836132740662223 0.07449211348946398 0.10179761856282113 0.02423471371515414 0.07588902667862985 0.08646198221737256 0.008157473143742487 0.02089833121487503 0.030645402547677704 0.05465383313672494 0.05203326571436054 0.037984282278276084 0.016287565635099564 0.0841769371659172 0.06514452372744707
90 0.0819156261904238 0.05742966872670184 0.033487622157770396 0.014905017326992542 0.052535518257012366 0.07095261442854399 0.045430757378841675 0.06442434394064679 0.003859904693260847 0.0029074146434563343 0.0013910637581028386 0.05858411835401505 0.08263315877182906 0.009029371559587246 0.07185855309032974 0.07203159890023694 0.0824411571448797 0.008698974902233711 0.0932657768606358 0.09221773891449936
91 0.046096611821158685 0.09015580962680993 0.07125460980925181 0.017933772392563135 0.08391249818619224 0.0220490400849632 0.04295650663329864 0.0005410177347117097 0.007191667567612302 0.03051545569508908 0.0561881942021956 0.014700144397218258 0.0908061055186507 0.04216758970798809 0.05107438841902595 0.10477526208346541 0.0005926009544782833 0.10402845563108833 0.04459894466121099 0.0784613248730278
92 0.08391628738103012 0.031708084534508234 0.0695773706690776 0.03539879794354366 0.0007604190367152148 0.061424645828463936 0.010157990895813134 0.10332679467642437 0.07245000478283074 0.012907253504242896 0.06674376601123556 0.040649399795217984 0.025579582469514882 0.00481929254753732 0.06088657900157428 0.01812409017324283 0.12095983045040952 0.09623965483309481 0.07630315965891499 0.008066995806607899
93 0.005065548592852591 0.09644151412408257 0.06157339196510139 0.057991334806898394 0.04358854202670375 0.014445797022412669 0.02857437767867657 0.06941365050766983 0.05073044133109819 0.034229312368357336 0.07490115758227517 0.07068183252628941 0.08983765582614545 0.06968393695517604 0.06951098787794258 0.010883465542831573 0.026738544713551752 0.03069056297387822 0.02885382317300408 0.06616412240505254
94 0.03643432726278627 0.009606031141141181 0.05283162752294806 0.093659674190098 0.06513604607455112 0.05323266687150145 0.07431360007889919 0.00167278291464179 0.036173916207049364 0.09436371575955292 0.011986541559409647 0.061238094337656285 0.06969135894905408 0.0748387269795101 0.08687611284448811 0.08572140111243554 8.371242873450513e-06 0.029178601629038438 0.021300870277164225 0.041735533045200654
95 0.038349363458993875 0.08988432689734893 0.09299334120855218 0.025328482611503382 0.04636579894712185 0.012206007535839308 0.06387332745752522 0.00823254030510962 0.07162085307477185 0.026505727567769904 0.09434578119429456 0.06464162911705588 0.052910410657421095 0.0742022869437183 0.002391331387244505 0.03327710743930655 0.02203625556331133 0.08760801431056355 0.026350629179882623 0.06687678514266536
96 0.09987627535865802 0.08975464326955626 0.014907573907590907 0.01139262521590354 0.039259194842843646 0.04933770470740777 0.012056539340173008 0.02698816195430724 0.09688200635406916 0.09869606333334752 0.01053536649742376 0.06831287348547048 0.018957555828830994 0.042052145082286 0.013947755315820168 0.029767952875094275 0.07585090999441925 0.05710232219601336 0.06407447040339966 0.08024786003738492
