0 0.0537360418936723 0.0314469232549334 0.022314475248162442 0.09319404965959893 0.020011798324941515 0.056800132865950925 0.015713019229290744 0.021098552319778623 0.01957071254516246 0.05967619690618961 0.028813902997639158 0.10602140543622567 0.0584185502191719 0.030316200390618588 0.035948243370903334 0.029028305609152455 0.07850849665879807 0.06950830388493506 0.061418170219602886 0.10845651896527188
1 0.0343937831482979 0.04549021082713203 0.08419919656727902 0.09732222183583472 0.08812367888417548 0.008280612467335875 0.004027096584227151 0.03441447444271305 0.05958115514372288 0.04420841878299471 0.06281367119145455 0.031127287640443837 0.04445413723409121 0.07569036736525019 0.06415250792462697 0.006825023168907598 0.08112134817251561 0.02871293828323995 0.052931504388114656 0.05213036594764275
2 0.03285346183843968 0.09932046093007392 0.0020604344292403697 0.058423821288515684 0.040328795080262145 0.0825523574813958 0.04940671397310331 0.0688351803424339 0.09175094585061305 0.013406204998443161 0.029642700906573716 0.08842359444827527 0.026636142115460993 0.030477112901145405 0.04754610213798661 0.042420167375163305 0.08698482973269323 0.05870298450003571 0.0010302852318189828 0.04919770443832551
3 0.07387387011242741 0.02957725352553851 0.07504237770429295 0.062161924473597543 0.09109913330118082 0.024789859299493705 0.043460890307280786 0.010742671991763821 0.062211512512178296 0.02530890848116175 0.09289550580223224 0.07972393428866138 0.023838151324859048 0.04293245968780751 0.05251030006541614 0.03630257763610274 0.028374456041145347 0.042158578480261215 0.06666195002195135 0.03633368494264719
4 0.02125449653298942 0.11440224322617368 0.10861964800997048 0.08180823865798502 0.018884224350066772 0.10664635906120737 0.01435230486261108 0.04356574136006092 0.04662983922284039 0.03994263814063867 0.02557922758558328 0.031340266568115935 0.033250797571881485 0.06207645213092085 0.034906354493401896 0.05560044273544142 0.033508074161166815 0.02846845329776192 0.056239093031617775 0.042925104999564756
5 0.08315826548594649 0.025548956681222014 0.028332172717032984 0.07010117431599949 0.07047917926762061 0.02550112919641193 0.07772626102349461 0.011862572877532581 0.03283060043319163 0.03763479091694421 0.05346250955577929 0.06423217791716053 0.006438082603797421 0.08504853926647087 0.08536046647550913 0.02655775089403989 0.024477199884547947 0.05263368265410385 0.06020787439084353 0.07840661344235089
6 0.06813162076871813 0.056957754060692437 0.032448628912321725 0.011004058242271082 0.05725832044045881 0.08588911009097575 0.03810782490057801 0.05382142003041812 0.039496626837715 0.06106434992855984 0.06113562386175129 0.03199970862672786 0.0560687782365673 0.08742235706104828 0.04645977303259898 0.06306801312676169 0.07301625903514158 0.012923677642129306 0.012505955458290908 0.0512201397062738
7 0.04688484830098593 0.06761273997203865 0.07389698733784239 0.0704117737438146 0.08502787660054502 0.05048536551921681 0.05370767319838898 0.08562817292255392 0.013114854050154083 0.07971098763277226 0.0049498241008887525 0.022622406797415062 0.006954117843273398 0.05533033670977987 0.05275250582089284 0.004411954518861012 0.06459339080159822 0.053033236423096965 0.03451820328346022 0.07435274442242082
8 0.00792844653279289 0.05856846751246322 0.0479924087958313 0.06345674603688331 0.027113475977421263 0.0766983998242243 0.06991834633351506 0.0256786322721808 0.049798784029712044 0.04332947016386244 0.067975813080195 0.06688504644046799 0.03782648289386004 0.02807591486484393 0.042266323158559625 0.03721360589810496 0.07801109150755563 0.06947876573086813 0.057901272787495656 0.043882506159162324
9 0.07306866757329929 0.08856782997713224 0.08376144136431064 0.009371159766177532 0.059344893949258286 0.04349031527506499 0.029999242131535438 0.06187543657345319 0.06641729222585635 0.007821108289754105 0.032234447966692316 0.03719445277391274 0.08185381968363942 0.08461509143668107 0.06654782501036266 0.02440513713732454 0.019419474300230163 0.04140262221964618 0.00861614091521186 0.07999360143045703
10 0.025266442152221808 0.02532113485472019 0.08853093161379684 0.06459940180213973 0.023414801181428094 0.014837606645415035 0.07015350694728058 0.07967200194865905 0.06487494738697264 0.09752503104132185 0.09597844005758377 0.08733038047092583 0.03504760570107502 0.014599969765031993 0.08703501383486276 0.048388146107633104 0.008583880986327359 0.03627634548759842 0.004397269221941541 0.02816714279306437
11 0.06690977335835352 0.06904227259828835 0.05798195991708882 0.046234000352020334 0.013937940711108283 0.010665473326942326 0.0010889280798338187 0.0036460411569012837 0.0620605088343343 0.08134213097380327 0.02967332457829628 0.08218360457233302 0.0480245859034667 0.0067133103563435685 0.048428664076447775 0.05459439909836387 0.07080910051386706 0.08145301839460053 0.08521571474500832 0.07999524845259864
12 0.08739723488472274 0.09438184844546813 0.09394396293868094 0.07739901404349198 0.03819166017894258 0.0018442043344765262 0.020409165475165053 0.01681611364168246 0.053028657822845035 0.014852683720142786 0.044736131196421905 0.0694838979483055 0.052881227383499055 0.012886518663806145 0.013137958475605794 0.05147571847900753 0.09862405336397351 0.0533986140417275 0.009652533920703515 0.09545880104133134
13 0.08635049361874292 0.03613882404700868 0.07940070151293396 0.040159806592642074 0.007600655061386275 0.049005027828086314 0.0035205645857573306 0.009804876192046444 0.0721131782972559 0.051501825831933745 0.06053157847668416 0.08390875010288697 0.08808140016346377 0.062337149915388496 0.04419949014388422 0.015189994810635014 0.024028714638184026 0.031037677799013275 0.06753747220505711 0.08755181817700942
14 0.03913296086323805 0.007416304642542348 0.08150878229133258 0.0884601995710536 0.06749438702505423 0.0881772672033295 0.009452297161475795 0.10998276319182035 0.014885705275329045 0.09262342344982062 0.019656075340556977 0.10423642237452668 0.028815464832245057 0.02887038422451421 0.07280913457276887 0.012840241824759775 0.01582830760195702 0.03423041480961072 0.04473981204070585 0.03883965170335857
15 0.03555105346908985 0.09149077612060774 0.05762014076908494 0.0796673432151316 0.00034217919078028644 0.017453730103206114 0.013216415602785275 0.05356068945212427 0.09677248743181459 0.054435141687896135 0.06922723180055301 0.0940842677037898 0.0844299333189294 0.08398470051761288 0.018973445586926423 0.028957453719322124 0.011252643542524171 0.010331019267570801 0.09184131997733105 0.006808027522919586
16 0.09598209000410166 0.03656220453033649 0.002095277367285768 0.07794052767171859 0.00016213804003997458 0.052756380664424056 0.07287781875864761 0.02550432906489096 0.11796087268952322 0.013833018513255997 0.06701386172297684 0.028544215151495796 0.00362176852148977 0.06282372147674116 0.004186145562677016 0.07027168656643427 0.0928173991261601 0.07460388295159873 0.05926812399179677 0.041174537624405115
17 0.07376837135091836 0.0348256811927905 0.012445637277170159 0.010229617933962657 0.08183521869991998 0.08729692137062406 0.052673396163290705 0.03253541153833805 0.029249486878922433 0.0661625865157003 0.04828588243918106 0.055644903248331566 0.0439316494681447 0.039826200657188476 0.003221331784781573 0.03241268613413501 0.04765905736375175 0.09864285145435174 0.09938702163846898 0.049966086890027926
18 0.017538953436341737 0.03619192467733964 0.04908532635038164 0.057156001211487936 0.06415786572046364 0.01343854177473286 0.04340744362829318 0.10075628110950689 0.07688603030194599 0.05794465578622625 0.03433337764743657 0.08767878871665466 0.06715726310429669 0.011355246040354334 0.003720631148228731 0.045496877896512015 0.10480482084651956 0.028713606328890216 0.05119801071673762 0.04897835355764985
19 0.057134641198822084 0.06568210070950692 0.02145520490579743 0.004323925776206782 0.0721377987348249 0.008580774857394119 0.018054620946068717 0.07822214619331747 0.03829736341249271 0.06817757994106553 0.031559010944054985 0.07082558579035185 0.038606578965137646 0.05681416340779848 0.09659394167661677 0.059407083489949636 0.04314832452984975 0.08316071357911974 0.0605479964774199 0.027270444464204565
20 0.026116225606777257 0.07287593697615165 0.05738774999710977 0.04551097841135598 0.10121152211709136 0.062078922526763815 0.05207080719790987 0.018384048017998447 0.05295606869693426 0.0763642704699375 0.06124558519474542 0.015175456115605694 0.0490599364009833 0.09964324322296432 0.004721180908138077 0.021265355992953535 0.025067540933561942 0.019544411200454862 0.03836533458934712 0.10095542542321562
21 0.050446330362200836 0.10975424774080399 0.0013225213195135095 0.001265440486652868 0.03181278258992871 0.00462319471839892 0.10690823237169324 0.10322919628558619 0.02915898180093811 0.07568381148861997 0.08115740501128783 0.012778865007619648 0.027698035966380936 0.06259987475336234 0.06883806124868613 0.055971443609905545 0.05216995650314679 0.04169440548006497 0.04529749647997295 0.03758971677523653
22 0.021328110977067497 0.09023643879900882 0.05010766087438298 0.014271530497549 0.06902043418325166 0.0800684508568898 0.0613063823350527 0.08372891705959082 0.07080000527046237 0.07283864221702935 0.053538519033969105 0.03789192850103804 0.03822257242271121 0.004538223924651867 0.09138405310657169 0.031836473589778584 0.04126748761964589 0.06269994174336581 0.0028091120461775755 0.022105114941805264
23 0.0014545178508322252 0.060272028812194074 0.012296204626438455 0.05712596605393055 0.11562910532836937 0.01681395799826108 0.04149185360939044 0.05128792172080657 0.06112394796253224 0.10111946915029044 0.024238448891105997 0.03547898444984526 0.05108630897812617 0.006897016430690715 0.040883815438250176 0.050988553593393014 0.03745119084084261 0.08641409184068935 0.07085891324267553 0.07708770318133572
24 0.04346759871950767 0.05797526849538855 0.0038651452180154216 0.019057351504523284 0.09016977184251566 0.026147148085141014 0.08111079947492214 0.06813465882632895 0.07502307640970969 0.06818197414427915 0.038319356667689604 0.07750167701555433 0.008859385057354488 0.05169977728931333 0.07005073434127211 0.02073404015760451 0.029924495062609073 0.05353290145995316 0.0539760193125004 0.06226882091581741
25 0.06281385753534899 0.06017457345420361 0.011718286902220633 0.04886521996675514 0.056670423887015334 0.08298132645252299 0.07211505063260615 0.0804441540902746 0.0851257476757545 0.012048594254402191 0.059498960625324865 0.01859458137610442 0.015317552398182973 0.09359519915636258 0.005760468123210108 0.09494734097220653 0.011259439104481864 0.037392892511333486 0.010503374571927166 0.08017295630976179
26 0.05970921862674479 0.011924724600969593 0.09487375074693584 0.09584346515719197 0.011909942958412151 0.09321621632066686 0.011677231285839723 0.02187740153789654 0.06119996670294137 0.03137731182898612 0.055363213800840826 0.015488132580441849 0.05143949867674802 0.012911628164103506 0.059593528056130704 0.09111258507783376 0.08857795449405911 0.02131589406893001 0.013932719680315217 0.09665561563401211
27 0.034494079716694374 0.09204752803384236 0.022051437270777942 0.0749684060257649 0.0037758205674777463 0.04166817224189746 0.06156410210176488 0.09683381040899669 0.05900536651867659 0.008837552713805541 0.0742521528411066 0.015668243798294654 0.049108291099551254 0.008116399016625836 0.05932944051128975 0.08886745416563324 0.12271203397328809 0.0011299050469220243 0.07280091566944895 0.012768888278141165
28 0.06339168141366079 0.02843931068577603 0.03923376814335149 0.019768620765517893 0.05506189528371516 0.039616658124389074 0.008683008731102783 0.029353790967481284 0.08134329898425723 0.013169384273805209 0.07679913840192014 0.06832064713151244 0.07766979235648598 0.08055531710519838 0.031944348087841426 0.08404430080647642 0.01596887995345318 0.07828910757252604 0.02087184836432546 0.08747520284720348
29 0.07234268435721962 0.08765283939180202 0.038447183663894414 0.06072306679893234 0.01298286341774567 0.016753959682304344 0.0732280927897017 0.049767240340522184 0.0858110994109583 0.08064143596502944 0.030360899396264913 0.020909855804776344 0.04003813526445272 0.02243238864531969 0.08333858383206857 0.004029561415298275 0.0211311311390025 0.0580177837400715 0.08026843848939569 0.06112275645523979
30 0.07293535747302782 0.004146632504202148 0.015064856125560341 0.04143623322858328 0.05769950117380923 0.03436658752909226 0.017686081818081054 0.04253153699202875 0.0948998119983834 0.0036463911952058694 0.05248423383909855 0.03120318869218841 0.09919016180522976 0.018326310802858264 0.07618200615132319 0.0360418194165188 0.06538085929003212 0.04578733531761586 0.09589418731856106 0.0950969073285997
31 0.05048541443399593 0.06241314657045993 0.0756644438452624 0.08143091504033899 0.07836948216438386 0.005097475868057936 0.04700480549386371 0.010944836840119947 0.007379326145344329 0.0045669044849402 0.009293692430880133 0.06402683752608579 0.06707933161134005 0.0817594652802768 0.06899058280074936 0.08766996645844452 0.07707769220909547 0.06297956058615861 0.043932678490655984 0.013833441719545933
32 0.013962484139879452 0.029872281133017594 0.05779615962884538 0.06633331191861265 0.06818960718672575 0.042092213291569446 0.05973944068614579 0.010177980453633393 0.051918633233926675 0.05666011851322664 0.08215485150031156 0.025611665206993976 0.059597881738434486 0.0019336454432885629 0.07198546708605012 0.0782505988329222 0.08203970240878138 0.08072727156921886 0.0136806622604131 0.04727602376800325
33 0.02243506870517291 0.049849676901661054 0.012631701853127423 0.003545685903493063 0.09578755922072922 0.04765928913749 0.0891266364240887 0.06839720617192625 0.0825724603351346 0.06326517381924263 0.03440374771971061 0.048534042980402634 0.0447727530632444 0.061335529875533965 0.03304057218056295 0.051892399795087064 0.11251072187118887 0.0740177075474029 0.004169085549366813 5.298094543375177e-05
34 0.07617167177487916 0.04592952304090447 0.02135075889367131 0.037059365014271595 0.08039133299650994 0.03244376843324137 0.0873384828852078 0.07505135791151313 0.054852790730421055 0.0840561102036005 0.014910332430926475 0.03586168835980185 0.059405896945528974 0.0495066537512891 0.018391371923800845 0.06873332283345215 0.006564894592204032 0.037811864455513204 0.04861717788864032 0.06555163493462253
35 0.10666682113305832 0.07583987289770029 0.0008061584504708908 0.1007974576329013 0.01798648507645353 0.015631477615167085 0.023868432675706538 0.03502739139153808 0.07684483469080851 0.08109806363638361 0.03247974255652474 0.001392320864160018 0.018835867375847307 0.09616786554219912 0.04290417623841609 0.018582615213794725 0.09509816864589989 0.024686939455622284 0.08011468667719772 0.05517062223014998
36 0.06991236402054093 0.03402506462141056 0.033408739581791275 0.07498516049467753 0.03051509454802278 0.08952594543496599 0.026846811311462784 0.013028578699158253 0.00510657091698111 0.08373931021877909 0.048554756113032976 0.00429936044459288 0.051477405780442805 0.08799635155755511 0.0956138001448674 0.0685424911052708 0.021698563880994642 0.10236517259799503 0.033201357206060274 0.025157101321397733
37 0.0714769852382492 0.07213888729953888 0.036406549187677495 0.09153481064865994 0.0007986365253454348 0.06224425687536898 0.039382726899296776 0.02565992014328164 0.0790553258506378 0.08342574104631008 0.0506381284220365 0.015070499263042294 0.046043100143422735 0.021596343107864083 0.07277444022684576 0.05955606605806182 0.04414997540678444 0.06144227930511195 0.0030461226993514262 0.06355920565311282
38 0.05337513331949009 0.016891625630063523 0.08950058487927197 0.043365846331908736 0.06019164309276208 0.014138419930590009 0.050848776494473294 0.1050782742301094 0.05155637459973305 0.08388758867719617 0.06029090500286246 0.03149492432758867 0.08524394022859237 0.04110876699771349 0.0007144982958843215 0.09308239257253183 0.007869870399937652 0.04663246651972281 0.030884941482123552 0.0338430269874443
39 0.03978297988628483 0.009525631206066837 0.04140907841980375 0.058860090826082526 0.0542111440341237 0.04388926278962392 0.047783458747233276 0.027945710464948578 0.0692549725962607 0.07587909384535811 0.07474887396389121 0.08525000048013935 0.07614070372894279 0.022210832434116947 0.0570979352556937 0.019990245152616607 0.0738083953051727 0.039646429396238185 0.06010067867178006 0.02246448279562206
40 0.09231921329975447 0.04889486226259931 0.09389399650510485 0.04379629932718876 0.022213656032999723 0.04481861645327928 0.044316146707660195 0.03397665656020644 0.07394354026781877 0.009002174465889284 0.09413552636574468 0.03001543155882474 0.058027561279417314 0.03412069845758944 0.03371181976368229 0.08856035088019495 0.041263477359114585 0.04129046616609188 0.041569213935363745 0.030130292351475164
41 0.04788644501063192 0.042513014865100715 0.0314007177178116 0.06969257082345967 0.020782255304904296 0.019941422458097352 0.01290444064485181 0.027043437936135457 0.0394186375766016 0.03202041983875821 0.05929047543997409 0.04217086178832757 0.07836980738191604 0.09594314115348879 0.09013146400387807 0.03388596098124005 0.07953301694402176 0.055850129794653175 0.05758449308912208 0.06363728724702579
42 0.055331271268035775 0.04200386054178851 0.052924468883128094 0.043202083753322906 0.03703076176647017 0.02417331790006786 0.05803868370581704 0.030406817172382822 0.08413658893806114 0.02524805779384724 0.07815963143544973 0.04558596433786871 0.08530896543356618 0.053005863892478994 0.07955618133731553 0.06833379887125422 0.058698323970165736 0.03250784825537374 0.03229681612011655 0.014050694623489342
43 0.03637150710443425 0.05239041940925706 0.06939536512566552 0.0377430173483504 0.06834009873293072 0.05284429867916791 0.034993617181183156 0.022786095648737084 0.038243240659926486 0.005485068585014449 0.04490038333640696 0.048786256171103534 0.03888458567348274 0.08483060933734869 0.055552716751567324 0.0603596713767191 0.08243016835003852 0.0740673301979854 0.038414520339680264 0.05318102999100054
44 0.061949705202718655 0.03350352747716229 0.053294152502011125 0.007311072742671879 0.07441257560523645 0.012760854702076914 0.05220720216204708 0.03093548796874554 0.0749916255122175 0.06647141881489221 0.043156054096687525 0.0611303703416716 0.04458960902878466 0.04696060833678909 0.08557816058619043 0.055483806215147556 0.06320113040544939 0.06541592519869494 0.05869215738037946 0.007954555720425709
45 0.06309819554250676 0.03193993456762605 0.054403910199024644 0.08076353681586874 0.0726433849557242 0.04528055474166471 0.015112104418706595 0.011285681190582287 0.05949936482735939 0.06887304446936957 0.06637008564185588 0.06335768204126571 0.024137283004771484 0.05077471831188867 0.0820487255385355 0.016147395205246915 0.02959638483088745 0.07656236384568284 0.07994676660018463 0.008158883251247927
46 0.0012226533055957709 0.05340383406211124 0.0781501082968618 0.02164855173200267 0.019845078815527533 0.07851373270542338 0.0053322783416553205 0.06087645917787063 0.07069348843300499 0.06931449237274513 0.04682705359464706 0.06646228547343515 0.0854421425160766 0.02588656295857718 0.056208709986919576 0.030906382708854263 0.0194452195990209 0.08373118460720862 0.0452013474870708 0.0808884338253914
47 0.06447605011289373 0.054183657921328614 0.057160289098396315 0.09544720640730923 0.019937106275266434 0.009337470794447125 0.06800021241526835 0.10061062564492061 0.014395905495703732 0.008089894812249001 0.02569865602440887 0.05875922235777439 0.07932303438240368 0.019581008867470464 0.1223905574693429 0.0199791767110236 0.027084287059376783 0.0886047441520472 0.02183794935236532 0.045102944646003784
48 0.05125504807853589 0.054547553796710016 0.08294701821605398 0.025108550281775045 0.041153573310864194 0.07209846131571668 0.056470177650725706 0.061959114518721006 0.022452852268753293 0.0360028807138127 0.004016408439840829 0.06779432556613817 0.06934619553604546 0.07812901324466243 0.048260164094209905 0.0674679282898972 0.018037528832297204 0.04320367853473539 0.06488213058020978 0.034867396730295076
49 0.029456078585475665 0.0052917154657925606 0.09110669853840105 0.09486353549366862 0.0003305547241455855 0.07360776693462519 0.021079118619870718 0.08641496862185437 0.024656669346164516 0.04399448606989813 0.07539879935858332 0.0466015517603527 0.1026256905213904 0.09058286577175506 0.019979097631666345 0.07189681126262891 0.03171192081493924 0.011939158521967034 0.01232955643069128 0.06613295552612906
50 0.00040584640047586776 0.0698414470645482 0.02445755347825116 0.07150490924762941 0.00855352982172645 0.0437589510734865 0.003557356170299559 0.09161866173220076 0.08040006723833494 0.04416888456005014 0.07972156418972878 0.03748222151743575 0.08527734333713555 0.07355670055850547 0.043600721440737955 0.04004120028252779 0.01653143825115208 0.03504986227672696 0.06802883167891753 0.082442909680129
51 0.10539153047359334 0.008088766077729074 0.05200569560203321 0.029273727769624266 0.04926534100775566 0.014899241599881284 0.08373469725760842 0.03654979485839564 0.036312869582032156 0.06406203812850965 0.1090327247856283 0.02634016026490955 0.07431856255071513 0.004697033393846089 0.01619005502935606 0.0629683795206457 0.11282359502712373 0.0066488091649776395 0.1040694184776987 0.0033275594279365693
52 0.05471780385294233 0.04658268966391925 0.08914315273114752 0.08116585893721424 0.007383403653610096 0.0023738267991097613 0.10504087349446246 0.10344209060230034 0.002992174000563734 0.1123279415436878 0.08833659937309156 0.04374009349611291 0.006794140812407986 0.02869003406773516 0.02374097043032136 0.009671808903604993 0.03232457729803171 0.015395454797061087 0.07355147462721447 0.0725850309154615
53 0.07649045480726017 0.046407992678193836 0.09075044961448864 0.05894408656181043 0.04429673337507465 0.06000349845709997 0.07191368909400023 0.06594972976704638 0.06879192107598893 0.06624403864015968 0.061517579292799794 0.034678379597280505 0.015284365977193059 0.022386476579651718 0.054376481862515806 0.009772379600360643 0.03327904627344558 0.002283609668855701 0.04643846700009653 0.07019062007667778
54 0.05028211078565852 0.04336319748032054 0.04674450318655657 0.06889346499655645 0.052948523357037425 0.0633911855245002 0.009976604512041052 0.05995681604620226 0.02303134705837331 0.020508767164853062 0.07455147056858141 0.07927247659249317 0.03847682161280123 0.02596254254522572 0.023229331739481288 0.06368762702160215 0.07003661007868514 0.03716261405300746 0.05799805150339049 0.09052593417263256
55 0.08280905707588396 0.010245661345189302 0.044069379933976374 0.022525658364928133 0.09064937564623515 0.01225419548588305 0.0876858731254772 0.05139162752710836 0.04173119031740328 0.07100221667314527 0.05581686789852436 0.056439325748014996 0.04169844305707756 0.06004593990182071 0.048997506354873537 0.05589619128178349 0.0285102592117879 0.004599772860351028 0.069418167339682 0.06421329085085448
56 0.028395485753507015 0.045917797217753846 0.11392609860527349 0.05727473309171775 0.07723727105040418 0.09769801017174298 0.0032238529941406497 0.03524759468665392 0.06748881151094648 0.04897598352990113 0.09145553095620353 0.04404960802134068 0.025042866260254343 0.0859393567608476 0.05451282571330709 0.03520072341191267 0.02254668333298414 0.025000674272324448 0.01759513483607771 0.02327095782270641
57 0.030314134387748215 0.08970767284391717 0.000501845361994922 0.0741365929130002 0.022025867956529353 0.05524667485285415 0.005308412720120435 0.0029754446656548284 0.08455040509773089 0.08982825153161118 0.07493220129726558 0.07700788606312 0.05309657149646415 0.0605479461404894 0.03207026565471494 0.07692755887744605 0.08380739330047535 0.03312009699015914 0.0434277122010433 0.010467065647661101
58 0.07914981272689857 0.0780705075795172 0.0032120337731271036 0.017781231816200473 0.09001566911782997 0.003187131497172768 0.09696515501061555 0.02508879227489576 0.0033403043730356086 0.06311455187020953 0.000825577209256662 0.09938186513734093 0.024617840885069218 0.053452484397087725 0.022335540983332087 0.024970174351374413 0.07120218995415298 0.062114196824614575 0.08253818476248893 0.09863675545577978
59 0.053772927915153416 0.04170352465067646 0.061643174447311704 0.08179818959675338 0.043773629452298124 0.07867131549273303 0.019389843576875933 0.026998490128103306 0.05860379491265138 0.007736576356974748 0.04811686749965868 0.06086471922553061 0.06508552175880986 0.06960323999819196 0.04605940446155377 0.06524632921346983 0.002571457115560382 0.05300836084784574 0.042539195669513905 0.07281343768033377
60 0.06747162445846457 0.08484634441314502 0.051060935788702425 0.006237185132057988 0.06315422753292946 0.08147311461075499 0.05922851967325854 0.08847226549367257 0.04184791347364822 0.01129765330657806 0.033998106984434104 0.019851457598540356 0.06310074627604517 0.03330529310498053 0.060532201712916976 0.006719006846361546 0.05637210457712846 0.02671948175047424 0.059566680512668405 0.08474513675323825
61 0.06615882324752585 0.056376613136989176 0.014204715213618168 0.09803071811748261 0.009190957212786965 0.024279772743504933 0.07208601784337296 0.10316848335827998 0.022561413790174224 0.040814514962297155 0.01076768605071739 0.10433269035750822 0.019279233054707526 0.0818721076552519 0.07218350320191394 0.06649498710857178 0.07319536933874879 0.008488178360416456 0.02134571587037284 0.035168499375759124
62 0.09364395735968443 0.01765457736431958 0.07463634833003371 0.021300563934921805 0.05995050157975564 0.09360969402065045 0.020662622122508897 0.054893608457045245 0.03194075456633152 0.03815168776900344 0.06435199690221377 0.019119347107582077 0.08116667797811038 0.010232097274803773 0.03377262235981327 0.07936309632567347 0.023668005792421884 0.0380950960124519 0.056747505115213225 0.08703923962746175
63 0.005234617491441077 0.0019227652380156615 0.07332994931515581 0.00807268769810317 0.055024976201396805 0.021987743931039118 0.01999596947949204 0.06910961756320134 0.04788809447935045 0.08973422361485539 0.0883117653999561 0.09523492373517799 0.013843890542425174 0.04065664898388451 0.07168137334542331 0.006538924865198443 0.05248010945723472 0.08852778791839576 0.07808210115585713 0.07234182958439601
64 0.06512765355540545 0.08498650776967497 0.05699519754399933 0.059692673239650086 0.08045903724949734 0.0742277202565068 0.02123170975174823 0.05254399574144183 0.017907281444060053 0.023443013245669227 0.0306733949912937 0.03746900115193887 0.08033148550327716 0.06658238361277415 0.0414216721671182 0.019510349293437673 0.02905249195346729 0.030384958318504313 0.03746882056606406 0.09049065264447118
65 0.044840040139028245 0.0439460506608315 0.01572519688997193 0.04591706250359431 0.10200476038353862 0.014898553972464172 0.008385524037523653 0.05776994686288649 0.016454364213199603 0.10358373706593438 0.021961001651241013 0.01724924425786137 0.04020067034054286 0.07865584216528831 0.01802453112522723 0.08461337676631367 0.09784846985473337 0.09472436332594635 0.05681165518572883 0.036385608598144055
66 0.009511548525767705 0.017087783059411138 0.004585713785903559 0.08640714806775197 0.011208143598718402 0.06910317724139867 0.0896786455055945 0.0933624556576487 0.029043454060107235 0.05861419519296404 0.025780404190467517 0.010476009365199152 0.06461928712570676 0.0007638793833856249 0.07419366061556819 0.07484748659388762 0.08108344142740051 0.07729499246358364 0.04393686093420182 0.07840171320533315
67 0.0934941828791064 0.04079870023429411 0.08132845436025236 0.08906472559809367 0.043557000683450545 0.0006619409782099581 0.029989944732213482 0.054310554089877255 0.012531905260954832 0.062312805208058784 0.08176063681317229 0.09251515101884415 0.016003462252742923 0.01756627941665533 0.09505351930325061 0.0015318721415702183 0.06717334419197282 0.020059773889332187 0.08473491671520324 0.01555083023274508
68 0.03488342513311751 0.09273681915717484 0.04588504574983713 0.07399674285763219 0.03834003802994955 0.06032862023729943 0.03893529751012156 0.08523802006655044 0.08000591922957738 0.031749413865986634 0.076004158351595 0.012076787326479946 0.005567046335327835 0.022640716962092404 0.03993631394321168 0.021836999762466728 0.048229444440774795 0.078506027340784 0.051181430318143664 0.06192173338187732
69 0.06846012894811518 0.09908610612829714 0.05313870964464907 0.03176530964237585 0.019809011122347533 0.054557493487117296 0.08062929416348887 0.06587153833861788 0.007404969028878342 0.027628824059618876 0.09294899763602026 0.01301489072176421 0.02438826328247194 0.08764154787945612 0.10464041660700672 0.05076975724985331 0.05760936466930105 0.044136677980682174 0.005505867231409334 0.010992832178528708
70 0.09919146770878075 0.08297397880131215 0.04814426009820851 0.03795558130118656 0.009530136784410895 0.0015137750850767538 0.08218908236987729 0.05721825044895037 0.03389779306659779 0.049504333573332275 0.003213445803746853 0.08309817525178047 0.07984451591544275 0.05227328687240488 0.05390555257268473 0.035812635955498696 0.0333815854236839 0.07738279369729856 0.0005658516271746724 0.07840349764255133
71 0.05676015628897667 0.04914713305324883 0.03684606422980342 0.0807840348412408 0.07592109664153363 0.05763610036279175 0.0847301010291219 0.056002650679662716 0.07098918116061503 0.03917046631705024 0.014920409261189194 0.02368874167128526 0.05085141552712641 0.053477669864483705 0.02760218784434459 0.035900581991396494 0.023438904936504763 0.07066631189700459 0.007633332544904122 0.0838334598577157
72 0.073721149429851 0.059658357125735584 0.014725820550453142 0.09764726708139115 0.0744739885581003 0.030222961741405308 0.01923879973933553 0.04254637345005828 0.08919371800532121 0.00018502386234986432 0.01948627068520297 0.0946190344519935 0.07502467366466925 0.06811018163685331 0.04032008957798089 0.011020309398089418 0.022303396298405272 0.05875567390552982 0.07682585369806745 0.031921057139206906
73 0.07378984165069184 0.03870439120600122 0.004639893646087619 0.02197639003390197 0.026775843908921973 0.02730940472952732 0.0990660953327371 0.06414450882932989 0.03349249044139535 0.0868521040467876 0.02316177414750401 0.06437670426223195 0.05356774229655366 0.002817370304003831 0.051502741314164255 0.09001728604829413 0.009886727007441178 0.08499519069752434 0.07341768695465332 0.06950581314224741
74 0.05859456282299295 0.09613878652677965 0.04239825914265759 0.02157912747095031 0.03711361421136187 0.003155302930817809 0.05262068922117393 0.09505114559435512 0.053169081072107924 0.043214339457202246 0.0389274791169251 0.014081565727324406 0.0924649103346049 0.02255195001626164 0.016102195493238054 0.06613803571461738 0.09618941761759944 0.09005333786802462 0.032277314061194405 0.028178885599810764
75 0.05020260587058067 0.07790433977848078 0.028505956912334082 0.014834688231605856 0.04496327124568578 0.012914395761841987 0.04810635924741271 0.004813250286875816 0.07659233741724399 0.06708254329295556 0.05950051596477356 0.0514515643277503 0.0708726708777014 0.07290134001027385 0.08346581297231306 0.07230623180010955 0.005108347665426262 0.04537766770212391 0.0746809117816488 0.03841518885286191
76 0.06609906783298694 0.0646069790687576 0.09623192233695263 0.027919583496123963 0.03664019984919516 0.06621921527641023 0.0755838303736304 0.01920077990097789 0.024063150933389486 0.09172362342602074 0.06171149643228072 0.06838767535532321 0.0511185456628511 0.0777250643000226 0.04335313786368432 0.049968125828239424 0.0030879927658003727 0.027033041565090166 0.00995681908637136 0.039369748645891434
77 0.03269507074885809 0.031193659898455475 0.08681122060047403 0.016387423532897544 0.05258756995593618 0.09401101581669803 0.07270699657852951 0.036496483922764444 0.0698728682983525 0.04708638196398892 0.1018767023710364 0.029083732000212303 0.07606135147687003 0.03824929273276348 0.03951463332413351 0.06736668528096959 0.025999961900565596 0.02196609351374007 0.017230793658984448 0.04280206242376989
78 0.0034995025025687746 0.031993248601747126 0.10070963529406833 0.044574370069850426 0.10089858490220184 0.07625100881111069 0.06908441340579553 0.07220954746526015 0.006781502009244973 0.005112724907011827 0.041072689698124436 0.034865643436217154 0.07062841382262001 0.035549452309495216 0.09369755703432911 0.0036771682851788165 0.08102597349143796 0.07004130454945129 0.0521557043702353 0.00617155503405098
79 0.04378854943507755 0.08077784506430091 0.02725680277795932 0.015312182089320003 0.011456264949035093 0.08391716614253203 0.04268593649664902 0.04050619665150551 0.006993280920442997 0.08110132580427559 0.07035837176770554 0.06965266665081886 0.0688589986760866 0.055383605344389006 0.039322909350398304 0.06772193182987632 0.04635599338049424 0.054934589460624544 0.025408478879241463 0.06820690432926707
80 0.0017938917479338118 0.05547849026703663 0.07740881768907745 0.06907781859996692 0.08923160206812035 0.06204809535394212 0.048966222790816305 0.0007348990055203508 0.07897882296423582 0.0475450533743191 0.039255182667773676 0.06824388805625772 0.07475177464179633 0.031665875458249636 0.007894106483556288 0.0571254821363885 0.018822389152311055 0.09084261429863277 0.039279071395161166 0.04085590184890411
81 0.07519448082823578 0.005261981088125292 0.07864559027247772 0.02615014890460495 0.036946506074441415 0.024121591021831864 0.0819265109735971 0.022101610948605684 0.06390870908361235 0.09646328705911777 0.08684394837939703 0.046831190062311095 0.04578185710927799 0.028731589939466545 0.07748134638707782 0.05441431686865903 0.07630068157020459 0.029786837137079136 0.039540833718311186 0.0035669825735658947
82 0.08028088826083718 0.022420088443317446 0.018465292271897984 0.058771602188873145 0.07056948079213385 0.019440154950311393 0.0800182675494533 0.009529513681005389 0.06284712988739025 0.05701690376644443 0.07299484421308801 0.030451296762961714 0.08624194009828516 0.06236057244291414 0.022559353932766226 0.08304679239075441 0.006780673876323745 0.05052339061644007 0.058203575954232964 0.04747823792056907
83 0.09327133847765072 0.03869175467388857 0.08281454696550491 0.056011885688481144 0.07404527122987477 0.07856331543485384 0.08129768670883569 0.021855719479388032 0.01622149975889851 0.08747732471592473 0.006842352823731753 0.04878454278604747 0.02886646956438873 0.015683800759735418 0.04377458142002773 0.06474525008896742 0.06840403344213272 0.009271691071100274 0.0013516097000979732 0.08202532521046987
84 0.024878050582706736 0.0002937667454551179 0.05764209006534456 0.04911676829596982 0.06356229553788952 0.06568323381684558 0.046475249295775255 0.045940643053380664 0.07306928972390286 0.0650152746573684 0.08706151579244696 0.032416909657266554 0.04713844852357039 0.039131296742663135 0.05056259191213303 0.04600902074238698 0.05350758167670121 0.015411248236560803 0.051110514273371856 0.08597421066826082
85 0.034907585610389404 0.00047629188623043794 0.10416328027794186 0.002919458354428135 0.1154635512729028 0.07121236646555015 0.0052407295989276015 0.008732206883986116 0.024137059505835032 0.0025505896696428236 0.07281565548082232 0.04430914587150346 0.011831377564359273 0.09837093420199464 0.09338541378694735 0.00830563910053988 0.06858051433715791 0.09711539338759927 0.04991966770219227 0.08556313904104927
86 0.04188930452351099 0.08706568894622288 0.0637786646827089 0.04775678621690504 0.028755677338629475 0.03658977568256939 0.013198003917354156 0.08168455551578971 0.049790531457165894 0.04523833754340958 0.09317066335994656 0.004198163095380279 0.06797035934522425 0.06968671028922971 0.04297869236229488 0.030617624395145367 0.003028770249986612 0.040507997324189714 0.06196755169919664 0.09012614205513997
87 0.012043454649137114 0.011236015265409868 0.07207870610012493 0.01410938570865879 0.03525754309578372 0.06367019846215662 0.11066399563096443 0.009940860533008902 0.020539767322008757 0.02812147063122951 0.048986270836857346 0.06979332796533112 0.03581219250267256 0.04865496895888728 0.007548722820654244 0.11090850664220608 0.03344525049208048 0.10753383935617702 0.055843394631035624 0.10381212839561578
88 0.08490574113147585 0.07006163298382044 0.015845189746892835 0.09381379404817355 0.04709755998063124 0.0684158869420234 0.030572387823399154 0.0397531107011219 0.03249143061972969 0.0029055217467815735 0.09626172722075839 0.01906131537242348 0.08143952730622105 0.015219120051469468 0.05201275657609595 0.09335819253089023 0.022754503035729873 0.0004439741162401062 0.09014546284017057 0.04344116522595097
89 0.008179432152815063 0.07017235090797001 0.027341985619177243 0.028075830054893905 0.05697151229455449 0.09724806113275956 0.09578621866201713 0.0690831187950585 0.08713015398981053 0.007238452173395632 0.09896195889013869 0.04475664546579783 0.024285368327741256 0.009271270100565606 0.0035495649727796084 0.0037407197375409454 0.08605449117636763 0.08848922570343501 0.031402936673938314 0.06226070316924291
90 0.003808091218044295 0.05976237090094536 0.05326080068375942 0.09650614408180981 0.009169277935199867 0.04826097606713412 0.004925684399567587 0.03883930504180037 0.09630939044417267 0.012016519071507643 0.016956243875871097 0.02476223523564134 0.08714326471408643 0.08602044475335223 0.0891824555808213 0.06341558415698403 0.027095475532351476 0.004450697868587822 0.09510586950680784 0.08300916893155516
91 0.059291228649204754 0.019810414842085126 0.0735330054111513 0.03888195132375684 0.03552969186099652 0.047119929487547535 0.020120002414117263 0.08287525505766877 0.0007632794348719493 0.05619850677252777 0.01058174516657343 0.012579481439291489 0.09364089763991915 0.03314377393605137 0.08575837534983727 0.07602493478792248 0.06526936955707623 0.09360067436526683 0.06972325812807709 0.0255542243760568
92 0.07264615525087585 0.0343295274237512 0.006928941516757212 0.031955365040138524 0.03025400765562438 0.051364968892501445 0.057526235299430566 0.056299305010363725 0.08300151129911994 0.09472111682033454 0.0725436645031793 0.016845683674324454 0.06539700461683211 0.04239097232714726 0.017030663210793905 0.07463802941361665 0.042328699786174526 0.015311293331906282 0.0628317532215252 0.071655101705603
93 0.07566434749932462 0.0944300448845875 0.06283285409522818 0.037021134773972446 0.09355543933574828 0.09328413741761246 0.017462857432969898 0.08591434325617602 0.05681676668698277 0.00111130146823076 0.009470899321285576 0.0916856560015561 0.024947267344968264 0.0044456961913443465 0.0034016514344237165 0.02895185098405678 0.08534577321137295 0.0005474946174731049 0.06555864004098741 0.06755184400169893
94 0.02796247929794392 0.02022014602309258 0.07427837175760943 0.08022631037314283 0.01722463065327722 0.0686536945163212 0.07445814942848959 0.03220690388397094 0.0775749476720415 0.057504914328935015 0.08635557127835386 0.05767849067275257 0.07250535485049071 0.03928386836263659 0.00898033535492258 0.06161651553813172 0.004043193496504971 0.07367801902550132 0.0363890464094735 0.02915905707640812
95 0.09299800991324568 0.01174162284495627 0.04144918172040419 0.020477399891024217 0.09152193515431996 0.090174497505242 0.004897566461513269 0.07402758309067874 0.01033175706962154 0.01386631118091929 0.08379961999437706 0.09199961394483593 0.07060011711292949 0.003651946708298852 0.04375345479789615 0.0067886921647959805 0.08714339255913348 0.021365464329852202 0.05505653613213069 0.08435529742382507
96 0.0015317604605831019 0.09916550976249584 0.005522379547761787 0.04190163647203955 0.08472139018681062 0.031088527057019904 0.08909969509258418 0.047200954199043986 0.035446517956986834 0.03562016079030836 0.03208752834096601 0.07243297563641593 0.06857841823244777 0.043817730680728084 0.07150937829079572 0.057707269158965006 0.03503452849783704 0.025500683969362475 0.08445010735508117 0.03758284831176678
