0 0.08139228562426358 0.06149756062013702 0.05864922767208706 0.022352192583276698 0.086525231170898 0.013446564906615405 0.045820827667753354 0.037327179426232475 0.07960151163849086 0.06146036809130166 0.07678008242934337 0.05439077338639559 0.07364218291473189 0.05304153501048465 0.053227064885321154 0.06277101668870837 0.0019956140467013808 0.0016880813077111661 0.00877407539870538 0.06561662453084098
1 0.034244882122624686 0.006852233342200355 0.046889972658541584 0.06201982917640378 0.015251070810895393 0.09208253580733444 0.10715456674337538 0.050258246927236204 0.02980778702130108 0.031570788694266855 0.03903765790355912 0.06452638969972956 0.017157038435879714 0.06357811636981653 0.057249918574027406 0.05600603066242844 0.07392547981574467 0.015444313664691517 0.07599992323661198 0.06094321833333118
2 0.03673826715563083 0.03548099006636907 0.09742377347153035 0.0884616533857321 0.027826665087781484 0.012046647486954195 0.002115792236337211 0.0347339408981952 0.02438424739781766 0.017577390046338598 0.012664126645457938 0.05874008149903057 0.006615335255546999 0.0961430787440339 0.056959836657004666 0.08805461222770991 0.05723261329007338 0.07071996996494212 0.08357341958901471 0.09250755889449913
3 0.0005916882970719841 0.05248202093074762 0.01521362412879073 0.03593046188497688 0.0480478319844667 0.09970388664409502 0.027852645260407413 0.06497024189998103 0.05798644612739021 0.02058380277817894 0.026823691054670903 0.04230480398341971 0.06371601819674064 0.05763544950519505 0.033810108987550276 0.06541476272980924 0.06471677930935044 0.06347140623122523 0.09772950288759667 0.06101482717833535
4 0.026441087741753296 0.07043634553173583 0.05943071783275017 0.08203438882236808 0.026103496120821905 0.06307554866003232 0.06648870579048766 0.04171682320519162 0.0544432090201886 0.06050462461945366 0.07018111927566693 0.08117010387085262 0.021431044103387923 0.026852979841162767 0.021341566227645246 0.026278763766385646 0.034878399827291406 0.021618335042413478 0.08854027446243824 0.057032466237972416
5 0.07214508070287422 0.07722090910175528 0.08013126228710739 0.025830272454397393 0.031132624290108855 0.02997146975989379 0.013710836010089517 0.029030873132930294 0.03950543785475081 0.0681895345018825 0.0658346086654592 0.04996432572460716 0.09249226507955943 0.04131033076559503 0.06393307002703368 0.03766017571595939 0.0757051280485328 0.015344541909072262 0.0832055586252319 0.007681695343159051
6 0.024103142791354348 0.05676296805956131 0.04010375349805549 0.0769884325073373 0.010428634631926397 0.03446385768083803 0.05365028737949548 0.08773951219161116 0.06102991325054456 0.09360464739690699 0.054133749075005545 0.060467761545965254 0.019365998169866137 0.011088200042804117 0.028065445376019852 0.035401466243349826 0.06286244405712935 0.04467203346459637 0.09410419300813752 0.050963559629494885
7 0.028434801973588296 0.11426491780429592 0.05961037138682347 0.03747114104114289 0.05629869091517506 0.007602170238797906 0.02683815796019438 0.04047719360415566 0.08149548067754671 0.057256172780455694 0.08767005588404794 0.020116094374016822 0.10201341094761064 0.07072113840073992 0.039423702283517506 0.006331756944376148 0.027777192691481645 0.0029889608627678447 0.1047741661207759 0.028434423108489718
8 0.07907206642783417 0.05815867609583293 0.030584091809541872 0.07793384454556182 0.07748441565081579 0.07670491501003582 0.0596856310428045 0.08400891803981772 0.032558117625143296 0.04557661351732255 0.03985339944557333 0.04686788002695268 0.03738948941296076 0.04635110212573622 0.043184088050329805 0.02217062578557876 0.08001322966216531 0.017759193834238192 0.01924295301895389 0.025400748872800544
9 0.05153118583138803 0.05903820529187234 0.03852497258433152 0.04425494382409028 0.0734864406349597 0.02469723765334269 0.0018841263920877924 0.01397098194271321 0.06653785555669928 0.08458946018851266 0.06200938382143321 0.09198113196440409 0.08959820533416397 0.005120444615332918 0.011532841544542363 0.09963780381663287 0.05937448909782575 0.007253653108707721 0.038303928990519 0.07667270780644067
10 0.07064861282699993 0.063421493612575 0.08615147720082715 0.01512074576460718 0.07460692799435371 0.05989660000005149 0.0030939993399349375 0.04369406350673857 0.08372335009968601 0.032729459208337315 0.04403964883050389 0.08625463028044861 0.09400746087177246 0.04052252585258362 0.014667924978847646 0.004854355787110825 0.05455970195750803 0.024650804345858333 0.06209033559362211 0.041265881947633344
11 0.08033895238179808 0.004247589741487013 0.02713148594769775 0.02585265864524949 0.027948048184645417 0.031884384602248024 0.0654203222518324 0.06577341396722378 0.03695065703671705 0.08357428295105507 0.08010505591058584 0.02509022861150968 0.06805174823189093 0.07463232879937885 0.04747700647183547 0.061988476435544206 0.046825707413870266 0.047243276690721626 0.03068900655727735 0.06877536916743174
12 0.059847483438378854 0.06852923338598631 0.008506972864454015 0.04359901539477057 0.0016655531281886187 0.10036128286438735 0.022384572579442513 0.008990582945996443 0.097120230714038 0.05563165146065027 0.06240371921273297 0.10253521323568077 0.007489073335077139 0.019107711366278826 0.001262158797814936 0.09731802074136582 0.0707497622680902 0.02788404673797063 0.0742061445816517 0.0704075709470442
13 0.08425514712335375 0.004923366051233744 0.06966319727883637 0.050955180625002934 0.08949125179895102 0.003697702376703888 0.09500520256388909 0.012007973155760101 0.07948672126241545 0.01640915636076464 0.0552064417581117 0.018335930594181735 0.07602120594405568 0.018452043529125106 0.03410321608820807 0.052684659087741115 0.020568555197739122 0.09930967827758931 0.04090820633263042 0.07851516459370667
14 0.07485105817064618 0.03973458079684449 0.026060385333513184 0.03432545623830069 0.03476426216499365 0.07048954143492042 0.06479368665343854 0.058558953073148484 0.07555340212072566 0.06481786734063764 0.04820872744306549 0.012425512575948303 0.03547753219462442 0.07689627980376303 0.05940731139120042 0.023139296595305024 0.014052269551243415 0.04913403782904165 0.06411910696671608 0.07319073232192329
15 0.07007740384399748 0.07715342436057529 0.033892001150287045 0.061488568360792854 0.025053288331268 0.0042417151503698946 0.03606871284514282 0.07735380584971802 0.035844062043216905 0.05506977686667833 0.0376173707817039 0.06973900847692335 0.06312920494973885 0.07297275625684116 0.019712450710609213 0.09060717383643124 0.08644629114276786 0.0368788318097977 0.017280411988334472 0.029373741244805792
16 0.02707014308440628 0.08873213173249955 0.006100443078675023 0.08242369534019559 0.09780883980469521 0.05049628368863307 0.09298651300619161 0.04753921571171278 0.06556312734752537 0.06308787458166498 0.014836998656063803 0.0015390496263799076 0.060480942549499726 0.0024181738517646957 0.0599541281617913 0.018651727525889648 0.04943249113609315 0.04473846682801674 0.04358990170761051 0.08254985258069117
17 0.052520794549636846 0.06540456851143438 0.0692192936662603 0.017693836611359447 0.06682939610564827 0.003167741442119021 0.07032121282853769 0.06321764485568444 0.004244785471153206 0.06083558001997585 0.036310920686022485 0.075441024821704 0.05623388705671116 0.0359341873416618 0.002671286248895962 0.08140338072731577 0.007049568071918818 0.07725475051888095 0.07643783200021873 0.07780830846486096
18 0.09541737483254596 0.07757388148515422 0.045634855445491174 0.10932121013231332 0.0943769381836676 0.040403747783121155 0.03598141580021544 0.010570505419839607 0.013725109343663878 0.02376417218498149 0.10784010559675668 0.051870087013491224 0.014153556449416883 0.06383726489705312 0.025565538892349346 0.061768699910714986 0.033341552674716377 0.022191304724281918 0.011069778746970535 0.06159290048325514
19 0.001167015152886196 0.07986001369809108 0.07164556387361375 0.052051750239084926 0.043108351926596115 0.09096369280362922 0.07494565737505765 0.07786692226665749 0.01639581086448236 0.008017322640868381 0.09537736461480398 0.05049081530299165 0.009512151020379086 0.03978063998849733 0.03151202518982006 0.06991930825638526 0.07967761793985545 0.012630378260308477 0.08697153267010158 0.008106065915890135
20 0.021081637631178797 0.04417734295576611 0.05613331541312867 0.0867513049216574 0.09730422849086383 0.08828756228495636 0.07281929253346492 0.04368276149500301 0.047858487108863854 0.07398501340344638 0.018608142193501265 0.026597970118568667 0.0006021864030427871 0.06876455921421934 0.003582350122966508 0.04926284896601026 0.02549629127930641 0.047607697589708675 0.05594319836041555 0.07145380951393103
21 0.0946449846585445 0.10093821550307952 0.03782852255408462 0.014025498535248168 0.01085019563520183 0.058151742290564475 0.024140530019584185 0.04041853897089886 0.05856288240565929 0.065347618711819 0.01146168836043235 0.039399212306348755 0.07272174172562984 0.0594249757260995 0.09038027382273298 0.003730287482200442 0.06613500391747514 0.09524246645288538 0.0319835045144075 0.024612116407103576
22 0.08729019656742852 0.02596883993243144 0.001604558830627705 0.057576475029727105 0.009981321782993423 0.044647384936599255 0.08436869495436274 0.08248207363774773 0.04995030435540946 0.08840554178569258 0.008868542850178336 0.02733419076662119 0.0573936822370756 0.07579065222067978 0.020924259213914595 0.08089709270003013 0.014137099138558106 0.042810662415614514 0.040122107914881126 0.09944631872942668
23 0.025893340887450732 0.009743760855831795 0.05611827873470226 0.06277127660332009 0.03920813518039185 0.06816342052097253 0.06353494579007075 0.08057675414783509 0.05910037640389388 0.08401079405452919 0.06453710022677442 0.05129832166927217 0.07458907479359475 0.02994163755816311 0.07577038333310174 0.010437500282064346 0.002922457665875485 0.05538399726201384 0.04614460205465785 0.03985384197548414
24 0.028849192826062468 0.08057903751619824 0.05291290788252274 0.060756622483706724 0.05912404624212231 0.07151155031417168 0.07158952035286185 0.06696654406975795 0.011014003062723621 0.01971821370647608 0.009580221163337893 0.007170424384987729 0.046266414868480474 0.06999233932891795 0.04866171069381967 0.034708872992280024 0.09588170743952293 0.09217004491096034 0.05072345095934431 0.021823174801745126
25 0.03782187997454068 0.07998923363719077 0.06463597367084091 0.08317437926700445 0.02375536685730806 0.036667898664283036 0.09229814192349006 0.007384912015945308 0.07221188723683207 0.03517596949625626 0.05767723378584667 0.04835808009575431 0.055712837787072284 0.07875498987291751 0.07967946450770724 0.02371566095311527 0.010842227507675849 0.026614438957006527 0.05490824738171093 0.030621176407501817
26 0.04331726632452662 0.05609529050818453 0.0670515239219828 0.05305288260822406 0.0236828350860151 0.05343769983142912 0.051110035092640005 0.07311471201492907 0.053183387129495815 0.010284263529013276 0.07322814976160896 0.03299203427258783 0.048559964963720656 0.06498782112481058 0.024967214733915867 0.07778356798809483 0.06337693571787556 0.06131115712893132 0.06032760575541997 0.00813565250659394
27 0.044903380920191 0.011201056107631339 0.05264048029479415 0.07392691333479841 0.0641525376639125 0.06646339038534657 0.04631976855779279 0.014693813729060666 0.039926339561806586 0.07293829466986654 0.04474161857953333 0.07574654784377075 0.04208200767581338 0.022787815090031284 0.013177837933118872 0.03834768113695702 0.07846593096897654 0.08048932963938683 0.049530114043256204 0.06746514186395527
28 0.05510003029723463 0.00017842436582431694 0.08748389074342858 0.06588876161577935 0.0017956167233276802 0.01410958137977752 0.04776081740776488 0.07482595502186387 0.06414621792054985 0.05710046004325879 0.03246783439491569 0.08453355620834095 0.059446103746885866 0.01671472740384412 0.03760631538742029 0.04290290508560777 0.09074939638417989 0.07731422555019517 0.04841692065835277 0.041458259661447984
29 0.019198995834102013 0.05072358069696312 0.043944692492393723 0.09501935419169678 0.0644315240093846 0.09182913076131445 0.012763532471443583 0.010867777003905258 0.004822994849469626 0.06273900520269503 0.030558645575228343 0.05008652720956931 0.051969809980862335 0.09032188510704736 0.001976379386398195 0.0956927569713915 0.047450300483018786 0.05249036370837006 0.08260425891504858 0.04050848514969714
30 0.09520601635622566 0.021852091243726907 0.08484673024657673 0.07451742165066869 0.01260779549260956 0.0041433087668464996 0.05971312321577097 0.03478771511659513 0.009608215637269208 0.06890465557717225 0.06619133695266609 0.01293622293808134 0.009468391298420956 0.08218799997197217 0.08161618195008294 0.021078054132240374 0.09165117947749958 0.04046977462217486 0.05479920379046946 0.0734145815629307
31 0.05907612746226543 0.03172170514239296 0.04043191399174443 0.00574312843741987 0.0005295391474099113 0.04704920382415948 0.04263804425724134 0.014391293578509259 0.0667003965202941 0.04233714882348508 0.012063772559361002 0.05796851847127793 0.07982031701475106 0.008995741669331746 0.08342018589758106 0.08862621738234511 0.0699641372089719 0.07929708802507182 0.08802463911179442 0.081200881474592
32 0.06163939159437949 0.058170780469369895 0.011046083903318316 0.004992952661455324 0.022328243516597193 0.06508707382444093 0.03081909041030089 0.0680934251444842 0.09184061553140838 0.05783172764004488 0.06792434033342691 0.011978326937815099 0.06556543969176774 0.07442855342940548 0.007369629623635488 0.03175612722333426 0.08574674781402995 0.0648435703230059 0.03923095620471168 0.07930692372306823
33 0.11391148626921598 0.11693280591000275 0.06228307017117649 0.11453210950435373 0.04466413403684554 0.002996377443145191 0.027509555780446587 0.01161840491479164 0.02332581385889856 0.0834942097379952 0.028918423037710528 0.0021890829951213037 0.09942114577816541 0.027875496900167687 0.05945830280563557 0.03690526354438497 0.02376212967448622 0.04575895893140884 0.013002500034591285 0.061440728671456335
34 0.07321663171756615 0.05136313693037973 0.06822377045211958 0.0658305913625585 0.027511764894152052 0.07373105527113644 0.020798686422830486 0.022123829739735073 0.07827883971217205 0.05005565101491157 0.05951514693153343 0.013276140147057027 0.07289989473109326 0.07482676836457529 0.053046002872488354 0.07037533885975918 0.014866507037111813 0.05441821089871924 0.052291848660662485 0.003350183979438451
35 0.09748792751609163 0.0849687232476838 0.07438614390529465 0.070768162052681 0.023991192537014854 0.0115445257229096 0.08973765105944302 0.054044378776367974 0.0731989971784988 0.01066201815292002 0.0384251262568555 0.0387147755584889 0.046961053887458894 0.038999214263900066 0.02382112941988078 0.0552868018794271 0.07722929370811027 0.01258209673811311 0.022530810958440232 0.05465997718041984
36 0.03709151291104526 0.05492299668709088 0.0999247365771373 0.08293997278096903 0.010410291944328472 0.09579963429556553 0.009562365135944629 0.02362870798664572 0.07318590129536932 0.08452596342176578 0.018373453448280678 0.011588228616681186 0.030482211206992547 0.0968390029944549 0.03683273447213462 0.05146010656007172 0.08922672519965688 0.020123161949861162 0.0494105289038054 0.02367176361219884
37 0.051587175227937286 0.09052476272880479 0.08638690512160987 0.04841345085853082 0.07081162915387665 0.015517575405083544 0.03972572911791818 0.03413264914441393 0.04494824910190859 0.0674907959024421 0.04016295867314027 0.054344062649495484 0.050031206461213826 0.008802908071393122 0.03642405783866042 0.06401411423017288 0.06207253366970268 0.001159828019213463 0.04111877555649621 0.09233063306798593
38 0.07371212388802145 0.024795247611249044 0.041449936658072846 0.054443444161483556 0.04084589133256562 0.025339511567066215 0.054046387031226426 0.02832826993864272 0.05925603216147046 0.06888546303752367 0.0018565172094059887 0.01582361668165669 0.06117578126728616 0.046820244115574595 0.06827699144625997 0.05575064717939712 0.06463194614892442 0.08760797279906936 0.04930951004311273 0.07764446572199094
39 0.016719712020672284 0.034119167719607296 0.03200260850972337 0.01419269378259445 0.06945785006775686 0.034113498160797395 0.06867663517555239 0.08367365650673309 0.034441177716833006 0.04384296714061331 0.08903016996476197 0.0016534563378656293 0.09635695241744935 0.06921752252094533 0.09850523659606483 0.005944494391636057 0.09021471876091178 0.004722579622988413 0.09911565416822204 0.013999248418270969
40 0.07788203805935175 0.028421684417528046 0.07612665887310813 0.05540289909304506 0.08139285389074018 0.03419118926722158 0.015304309294167854 0.026081544900559722 0.028463131930937316 0.081888673776525 0.0015186768601821354 0.021885350630400313 0.07117194955172526 0.07400440809266197 0.06807692849642503 0.07580659622744523 0.07389318606397066 0.02283963596775671 0.08214942644923742 0.0034988581570106012
41 0.00973479427217278 0.025446489540152502 0.014063973719995779 0.05929246136508551 0.006803118295496381 0.09978613526640767 0.04137997980074568 0.04370513295703552 0.09374640667298029 0.07452504342440727 0.017817910047717694 0.05216933764877589 0.06877557973831994 0.02984624934240454 0.026244536815699753 0.06055577854802766 0.08300967868912183 0.05895888631767385 0.1009157703656017 0.03322273717217771
42 0.03796096545670858 0.035883037133636976 0.024577872728157885 0.016778606305266876 0.05493979073004495 0.0687055085907569 0.062397666378015734 0.07532781911317563 0.04715029979439408 0.008281611953622332 0.07041116010523465 0.045636108439976106 0.06079277279882939 0.07594229169732325 0.04651660201834216 0.04447318438680059 0.05049431413048572 0.05974357627341288 0.06512811594392615 0.04885869602188932
43 0.06257167153123783 0.07370500448791609 0.04375403480895732 0.07952864193414821 0.049847876552357444 0.008441506626200378 0.059102487389320495 0.019252020851374254 0.07593528197290614 0.06076638238155544 0.020839455875131467 0.0888892632659499 0.09032223655875943 0.002623483845320617 0.030463024171084416 0.028607555935484374 0.047554318564213834 0.05383359372654888 0.0820887807091167 0.021873378812416654
44 0.06030865108027402 0.07381283004120955 0.04511374521305874 0.028575871469063287 0.006814867888378236 0.0698068192107127 0.08141853248581078 0.05611637023839038 0.06378618467068987 0.036606915720691406 0.05342657778597337 0.048746623518789646 0.07694769169867645 0.0014681193058493623 0.04183417322536205 0.05996990828036644 0.015090461082424348 0.06995951878819769 0.06302135037179536 0.047174787924286324
45 0.053414542073347206 0.0662621132521726 0.05967534569419938 0.03341311005176986 0.008721529396520385 0.06366095138372854 0.06128064059170001 0.02612749770873285 0.053989017368668964 0.014666746578217552 0.00940719979207676 0.07464263847575339 0.05978964579587976 0.05460359301474034 0.06124553926130689 0.009514231457778084 0.08306708644580388 0.07982266345955011 0.07498524449027402 0.05171066370777925
46 0.07226795802597498 0.05338321795101187 0.025642183024176476 0.06442230660739239 0.05381339425405714 0.01265840338643385 0.046114870328070545 0.07666583605232992 0.03541354629586559 0.06815943815886684 0.055916226175781084 0.07932236326759279 0.06070234276156809 0.049240471628467175 0.035115301849629396 0.06418223174018911 0.05792245058173138 0.07534522666539854 0.009697090282857002 0.004015140962606044
47 0.06885840882556758 0.07159427119154932 0.03374522253307005 0.005861773593987062 0.06135203629197388 0.060257870944899 0.06848789149150537 0.051815368449567495 0.056402134205025635 0.05855212554200333 0.02084668058141938 0.06866239676732543 0.033066416422588424 0.06293280992119378 0.022619188852444218 0.06954310258395124 0.028747393268475824 0.05494492885483303 0.04462644824011101 0.05708353143850885
48 0.06853865291648481 0.06447572678655666 0.06756527385320775 0.056092346486802516 0.02760963845084713 0.052647187014869284 0.0722954201469819 0.06283168075597494 0.06156803379515518 0.007938418180279386 0.0029476855328590813 0.06721301166584319 0.05663327692192693 0.047493566415391285 0.051065302177483715 0.02115915535347147 0.0038374252265916146 0.06843253620551774 0.0665211087855772 0.07313455332817825
49 0.049035381749794216 0.04870443989118795 0.053256736751435836 0.08607352595351635 0.030011220969313083 0.03795292826068892 0.0201669977374224 0.07348775020900539 0.03688012726557433 0.029012986721943194 0.017897609077108086 0.060258264567406135 0.08651667298736763 0.020191261402199984 0.09821602650812382 0.04599514633038571 0.05168790317649328 0.01175939575707763 0.09639386346701245 0.04650176121694358
50 0.06199012409176981 0.07976670649835764 0.03203064557781004 0.085308333530858 0.05429169360040525 0.07763367342194778 0.04926673532266682 0.029917328533313116 0.04972768447470444 0.012975040882400988 0.05104749249969789 0.08834696972447385 0.07737485222266362 0.0031405103732774593 0.03043531715478934 0.021169489688726877 0.07115858502184128 0.05994104930140442 0.0028408947316033045 0.061636873347288054
51 0.011283633678874088 0.08866454856787706 0.011462784805339786 0.028695350487548534 0.10201629370825968 0.04949396584817594 0.011583556495273812 0.015454543972025959 0.048285804331345834 0.007452277088806306 0.10964767059017237 0.05492951160446769 0.10795085138889136 0.08641065963531774 0.018473803604107015 0.03877764724346375 0.0431255154052197 0.01656466650703171 0.07004679617729723 0.07968011886050447
52 0.04427225359702108 0.05905150558525426 0.01862684873146154 0.03603577273607025 0.03159967990613214 0.023681620414171115 0.06718002922522129 0.01926472011450167 0.013497819317996188 0.10759116544611759 0.08071375083798661 0.007339553811519937 0.054673544575523494 0.09688489501689723 0.06376690993467768 0.09008051971456794 0.005857441070499955 0.08329312222540954 0.06442489578089294 0.032163951958077745
53 0.0431915289596443 0.05425407837833665 0.02236716360064662 0.04490022041960936 0.0577255530458577 0.04909980966172555 0.0356158693624203 0.03269576839591951 0.061141264711569776 0.05977987244812439 0.022724518113787683 0.05892378830995549 0.06349808773203655 0.038326198291107366 0.0652788966471313 0.06374611872549543 0.025747009542909042 0.06691814757801787 0.06778639556469522 0.06627971051100981
54 0.00367795794114742 0.06094870749365287 0.09759457227516435 0.00808802811728008 0.07294776909547948 0.03264052389873139 0.03579930882336097 0.0660508947017015 0.09820634076354201 0.03686140454883645 0.04827490906599762 0.08946956935062438 0.014480498628551606 0.02659544063670913 0.015403100507086135 0.05251300776054507 0.08750144068568344 0.044429128351686234 0.007473488312467909 0.1010439090417518
55 0.060609355762549236 0.02223964175512939 0.06663685438871148 0.011841671576884464 0.06661071992026299 0.07202752801495191 0.036174737368791475 0.062187802734150706 0.060808820627085466 0.079051523021181 0.08576731077633595 0.016984479163024094 0.0647109268192826 0.08146288500586508 0.03984402413338934 0.05076410539621147 0.020259022179889456 0.050576585232472555 0.03007429972574987 0.021367706398081433
56 0.07060143902276249 0.015294956287174947 0.009248975254478419 0.07101800606325179 0.0904802697472795 0.05440550037433494 0.04362142352972928 0.06829168980815538 0.04553953375436121 0.026586888544939923 0.07301101635671006 0.01260785049007878 0.07170338942314203 0.04928618059394193 0.010993711457706867 0.08516880392521828 0.017230635434309506 0.06056256284161633 0.06546653963506474 0.05888062745574357
57 0.003028754435057205 0.039829563275943586 0.06983710157306075 0.0887491418130946 0.011849398109660349 0.08417247710309829 0.028494703642410905 0.033360538697716664 0.027082753021875183 0.06239705927460801 0.02441739183738182 0.09977253863874751 0.02136583908334854 0.025930749067387238 0.09757498483233848 0.05945449067063594 0.0863047991258004 0.013148458312344595 0.0524060636872619 0.07082319379822788
58 0.09068785133002215 0.10523578904867509 0.021657824499580376 0.0660539964747906 0.049207228695509565 0.08542917382520712 0.05631694199612531 0.0727951650090043 0.044115926608032874 0.007992581857652671 0.08541624064842397 0.029811592215484496 0.0021140939465853115 0.022507469285010236 0.024303755658905003 0.0833562331622645 0.04102607606762046 0.032389774236339645 0.054042827279194114 0.025539458155572313
59 0.05123838841745017 0.04148669081122503 0.05401373365175405 0.08964278244302727 0.062457826308044834 0.04363971948201226 0.06261583846491635 0.060121189399352126 0.01679797975679029 0.055420423492174097 0.05608928407363323 0.007263419398695625 0.07670900358143737 0.05170415073258432 0.051852018797829566 0.05934422058292518 0.08730538489196558 0.04493825010560818 0.002847738588289904 0.024511957020284563
60 0.00963589313755147 0.05383433549088622 0.06147061646723924 0.017778698877620062 0.062251772587336926 0.04787093218062765 0.00413575477030037 0.08171317533572045 0.03679633793932753 0.09579265301328886 0.1074571558035249 0.021715305024013587 0.048633381698687604 0.018789171041415538 0.0541910606207457 0.03147059376394302 0.0941071867463294 0.10347553895004627 0.037956892676015756 0.010923543875379289
61 0.05330123433236711 0.003671050125922266 0.07716287320755288 0.08592890500149712 0.08632544190793454 0.09140857480915468 0.013534548487598745 0.06013881028661573 0.004522494422613252 0.030319929928770133 0.08910685783311285 0.026176926552855195 0.04780292383139831 0.07357222877146319 0.05707413381053418 0.03284944278111449 0.048856069485798674 0.01901723393139523 0.014329300907279569 0.08490101958502169
62 0.0528619275266807 0.005020468232604112 0.050546834226110185 0.08454503847575659 0.07468101559119544 0.043891582185737736 0.0758212835327966 0.07930199260460453 0.03462410904506658 0.03179554931144416 0.04036437262181316 0.03289684098611412 0.022858540203936534 0.06263947184099414 0.03963859424668119 0.030200956132299384 0.07357601797463909 0.03912464271629995 0.050781236704815144 0.07482952584041047
63 0.06368517057492178 0.00019018780246379474 0.02080847722614427 0.043045846781479165 0.03280365291620657 0.025653396437612712 0.09786395558162946 0.06807341534099269 0.02729147000531428 0.07013935659419106 0.06195455439429549 0.03820837689494105 0.10075394546014584 0.057475005479469585 0.0418515669296457 0.02173327904270935 0.0331306638223592 0.05686642262080811 0.06462230995016122 0.0738489461445085
64 0.005182685725325713 0.05852909151480587 0.07473428440337429 0.0955364543157058 0.043994624017529314 0.052725110049214076 0.04155917096595812 0.08992871871918165 0.05551485378459752 0.03342221933711965 0.03137088527967682 0.08080251023006398 0.00781486583985134 0.02771576065236636 0.07846130808012611 0.08951324512733304 0.04754261244788715 0.039054431968444256 0.0227649865391307 0.023832181002308196
65 0.017447146240775476 0.07831337772441675 0.06203228758890334 0.00933470295502987 0.09016851982065921 0.051800102013413424 0.058266190583448264 0.06032049397720618 0.0898563829600939 0.01949359053995859 0.08859140824647163 0.030371637571618593 0.07296581033846118 0.08286500738637416 0.023463566286736844 0.05746307906077213 0.02267034771131361 0.0031413697571413676 0.00520097594870629 0.07623400328849901
66 0.023220493534533836 0.0008288611118853923 0.08679090878581693 0.03376274314885906 0.07595303260770508 0.02402737676711429 0.08220540757006432 0.0770151484015908 0.06021477623800844 0.10272838115471583 0.05633356395060608 0.10124013959803588 0.007353087169260823 0.0758935567369052 0.02092065590971706 0.06827613809584453 0.03619412640434013 0.03944594875768669 0.006784488348762046 0.02081116570854748
67 0.06263203948906149 0.07900507025982557 0.07573354076269415 0.06468218533536947 0.06271744079925243 0.07400541715345436 0.0031203002479368823 0.05144435837320041 0.0740981143437507 0.06887300490405408 0.04443802912069226 0.08437330587168067 0.02469977312298773 0.027186069124317692 0.07875470821420674 0.007500493378960524 0.05570615065108077 0.05191577627454718 0.004191925863821446 0.0049222967091053635
68 0.036656147445167125 0.08115798955416582 0.11242301574592392 0.043910258768973795 0.01765036715408449 0.0764868880758433 0.11350308678871449 0.03883332947458237 0.05070166936200588 0.0050644145071557164 0.0146575832654253 0.00566676130730658 0.03154894248027752 0.06981644858072754 0.059404012042337265 0.037749507653574085 0.09909864129784468 0.008378894997775442 0.03586742216416364 0.061424619333951054
69 0.0895183117370335 0.060869798390063415 0.022527228730190148 0.03240465697035916 0.04031970102516368 0.0025952250853860546 0.058940506058597804 0.06715436645659072 0.02435224804461916 0.046655913704480835 0.03125480109524575 0.04663104107688137 0.010399543898763366 0.03437438499738076 0.07415298786901103 0.08332622169700632 0.07725221590117609 0.07952270765094571 0.08328397864514794 0.03446416096595716
70 0.06577586811717293 0.05530655144886202 0.06695216836171057 0.0043907498410611645 0.06465896514566494 0.079548707360324 0.08149967058883813 0.08496175135484293 0.04726247626136154 0.013262381755591038 0.0016696525243535992 0.05180702161236645 0.08597744627511579 0.0497536868384369 0.03997748283624323 0.08184112613798744 0.014615762272024541 0.07795256193653617 0.026420936426061827 0.006365032905444822
71 0.027571107920077473 0.0861843415861844 0.025765786451530832 0.06351417508843478 0.07308223557985592 0.03946176177017625 0.03801875895483608 0.016455729236827546 0.015452052569153725 0.00824187348183296 0.07791676566510719 0.09141021366042887 0.0425815737552193 0.08977699314823137 0.04766588624116178 0.029477649791467345 0.05218010596498081 0.07730639383319661 0.05985135503156981 0.03808524026972718
72 0.008610551659861465 0.06152546431342951 0.08359444105051908 0.09904352314881366 0.03759271969266188 0.03544657201448132 0.04481079061309198 0.09470029655089857 0.027386066146770974 0.011274018251142506 0.0882117329220891 0.02873501788307851 0.01254114571993547 0.0475456196684572 0.0727807010906995 0.08909229277142695 0.013324001846643195 0.07103733237092723 0.02737141090753179 0.04537630137754005
73 0.11018067417232581 0.08865778802748886 0.009725326923160119 0.09287327094362213 0.10423366310515898 0.01405785170829685 0.0002111097991995999 0.06297014834063216 0.1059733793046935 0.043657778948402774 0.055091295076730135 0.0532135498389161 0.0022776606289320396 0.07558097782985772 0.0674503812410725 0.0023721524027066447 0.03263553457566722 0.01035289469893332 0.04439049760926716 0.024094064824936312
74 0.07792375243313546 0.051587494249194406 0.0822661531947616 0.10100395886780208 0.01297575204431295 0.09567079086011925 0.03710505343502924 0.033324817646720246 0.02917174774451512 0.08810999451702263 0.03044216273540033 0.023303513279394814 0.10634552665969248 0.0036253904753269254 0.0277198615701669 0.06565083111517032 0.015314307911316993 0.01738379187526891 0.05584522772290643 0.045229871662742976
75 0.0716836962191241 0.06613853043377281 0.011021916035226537 0.03570515814304527 0.049300224939909355 0.03374848222209381 0.048781906077813554 0.07618470659819529 0.00463140001114041 0.09388083709173072 0.037850699374536854 0.06244830289970886 0.07967572206583853 0.010339182921985626 0.05425085736102669 0.06979969601090094 0.05330365376299323 0.08827904619489771 0.0010835408847401629 0.05189244075131945
76 0.05936607643299995 0.02772739402728873 0.06181322342025856 0.02715228076758458 0.027664746336565134 0.0868818604811688 0.012302770711702056 0.08029875719068505 0.0026320883425957698 0.06995593065272254 0.04975175395298177 0.07287570972151634 0.028810180298985712 0.006743396100388545 0.07206528018851811 0.08466748148198 0.03134713822534 0.037333337448371494 0.07265207668559148 0.08795851753275542
77 0.001859652554855671 0.09002289348136211 0.058409185004693207 0.056106817678826464 0.029044000691809315 0.031561951894032714 0.04772468316526446 0.04708316897891654 0.07150056860946705 0.011474009872874674 0.04093372846556514 0.01773283449911678 0.004377238190951976 0.05703847649291096 0.08490325898347345 0.08967782812047852 0.08834283293738728 0.011933128611707578 0.0699550426776454 0.0903186990886608
78 0.020130500037818324 0.07516264542487065 0.06944727363381646 0.02495141264606818 0.043675969949594586 0.0796973604842507 0.03285310554393095 0.0521596396674534 0.06510809962382877 0.05591616671440587 0.04498929736391482 0.07099760892476932 0.030680385112291084 0.04964603247189395 0.009247235860828243 0.0430515910968201 0.06514094843753977 0.08202166624593749 0.035284301232236547 0.049838759527730744
79 0.06801777546063674 0.07825344902665671 0.0668891847165659 0.01684214798204996 0.025792558336501608 0.1057149073482222 0.02633216293303077 0.060674140091608604 0.05381579790530655 0.06260112763851396 0.06923670306469679 0.042537222424561864 0.004165088448834684 0.029421064023099425 0.002098558209451206 0.07767040852371375 0.08736515606552278 0.04714409040295515 0.030494649981268485 0.04493380741680259
80 0.07522695368662012 0.0022546539191476093 0.005370169939891435 0.017649316829560942 0.027894325737782062 0.07486346516214479 0.04662415371088048 0.05808626242159394 0.08627255737900728 0.005520216821844215 0.03348800115582721 0.05628559436944332 0.0675520800655943 0.07873417035046354 0.09962389695295978 0.07674444845177067 0.0161829022159131 0.012201884776545198 0.07355846501646982 0.08586648103654022
81 0.025342616194822528 0.008090467225966291 0.037012285935607195 0.04785722870363377 0.03905719393641152 0.022692142029303867 0.06928832481019322 0.028167706587285807 0.015747358192893586 0.05494114665380868 0.0925270321277906 0.08360135267613182 0.08343320277601711 0.059299648840276394 0.09335631499928546 0.05922619934480811 0.013946527787932577 0.08674757210399717 0.06332343092164466 0.016342248152189754
82 0.09138642687764464 0.07936560456697778 0.0010565334466458992 0.009011566806874668 0.07672933751257915 0.0156350851458377 0.09079865480386255 0.06059490364740748 0.04133117726612721 0.01864522491773582 0.02250597003843481 0.09271425782264918 0.08326689775083643 0.048814429213577246 0.014406111998295888 0.05559226140523842 0.04531277325081222 0.04493021033715222 0.03746542227885801 0.07043715091245259
83 0.06254264673932718 0.002123622590173135 0.0609607139509067 0.08186559679266905 0.038340113788004455 0.028714033152864166 0.0508111948508286 0.02491454280893667 0.02321048606682183 0.07398383316386457 0.06850503382998159 0.05400910510420947 0.01752163683798601 0.047051931821801375 0.02026052028291793 0.09301907933779734 0.07549953365798187 0.08343950717741079 0.05825951809902534 0.034967349946492005
84 0.023112299516862438 0.043088574312488345 0.09325853524402057 0.08443863675925403 0.00022000788993668645 0.050927117237260275 0.08328010850584598 0.06291294591279056 0.027528351995794963 0.07487668821033021 0.05204176611678922 0.07117411562356296 0.005832450789495556 0.023194820638291314 0.0939969497059578 0.0972235161803639 0.00850838212960259 0.0641663592005359 0.001646192787938901 0.03857218124287793
85 0.053548638430711414 0.09261758971330467 0.031098507454202704 0.061954236033027195 0.019520193597241293 0.08612705371577162 0.024373390844886884 0.08798393610729537 0.05818095742632689 0.0789120609565466 0.023773941784298112 0.04323372243450317 0.048821988382101084 0.008744004828760884 0.029574351160384583 0.05272767026490951 0.06949215785063821 0.03704733076334464 0.07263179566633388 0.019636472585411114
86 0.08985949200189836 0.02718362150779833 0.006027680429540069 0.015324677656689826 0.05273488116302168 0.04271743708267289 0.07009110986495781 0.01083330061729553 0.018352143918550452 0.08403447290670787 0.08891191191301911 0.06213290521363029 0.0590238433894408 0.06781502916939317 0.08828800129227095 0.08119105944917804 0.006492424138484136 0.0550008684578019 0.047951285840709304 0.02603385398693948
87 0.07456372749438002 0.018703457134722126 0.02303637098169956 0.03744342169336867 0.09649104531813797 0.06519082311674368 0.043458924901807194 0.08702367488926338 0.029362433962843784 0.06365229506658687 0.037601995181356436 0.07282355642461716 0.07850005764553387 0.03511685711857565 0.05074235630643969 0.03759013319112151 0.031485511404708004 0.003635341146171318 0.08652929242710795 0.0270487245948151
88 0.036880876651677885 0.07779639107420616 0.10610381566486274 0.06434460669217196 0.011825181586296115 7.726399136012063e-05 0.07219775499691068 0.023024825020610238 0.06568604563416976 0.011209285096398939 0.1067630419539439 0.019861441928775498 0.06122346471181992 0.028790584768905513 0.002894464540956741 0.024417373081059054 0.10684927562635106 0.07631391769181606 0.01816185339168578 0.0855785358960219
89 0.0357733535977831 0.02146452386828176 0.0771158988269432 0.02008620394787892 0.04446030514839011 0.09020947950980565 0.07307745976518397 0.021972158284063893 0.067616204821143 0.06390371927898485 0.0788940304742748 0.06339350905574347 0.013342062857294385 0.06930567270062223 0.017488061874134927 0.08836330533534718 0.07217613564958654 0.008514514684541136 0.03541131292209654 0.03743208739790039
90 0.06880196837806375 0.06978426836362431 0.06932043319716714 0.059166504566143724 0.06458271899960019 0.03131418163982966 0.010653662891971184 0.028785409619213567 0.009778822908857607 0.028728916094660953 0.07295405577302506 0.09276753063901451 0.005169276624742335 0.036792772313649115 0.022565509819647295 0.091797438757999 0.09039511632645555 0.0392468471598815 0.04280259333718414 0.0645919725892695
91 0.03353667728513783 0.06361315788429277 0.04947648227378452 0.01713083076183498 0.002229092883080033 0.08457721615211353 0.07598691301644485 0.03637516915957696 0.057524077997854674 0.08735846632408334 0.06964058818349614 0.06842083252560438 0.05837196905709041 0.01463684673458378 0.0036915850951445175 0.02243738236612953 0.08526149389426582 0.07497271857509875 0.015826261178398828 0.07893223865198436
92 0.0919590688897707 0.026914285366933164 0.05912735695106971 0.038366367141783306 0.07372987237698077 0.05077460300048696 0.06997576082611989 0.07592662225504307 0.07951970888284828 0.08057829030088433 0.06394334128068953 0.03698169881550128 0.041966850962268286 0.040636795943311786 0.040009077261011626 0.0076343596727395276 0.007379579554486831 0.08985385226434545 0.021279261168538285 0.0034432470851873793
93 0.0814596430602185 0.006339871749879317 0.03043031370247238 0.04499070199933614 0.09077772091254971 0.055805299479387255 0.07511736870506269 0.02986359292832046 0.015402222669562367 0.018987143098389853 0.09296244639084791 0.0899509425548064 0.009111338256430325 0.09201984171697515 0.0329991696965763 0.024568988104406386 0.0207487789369976 0.08867712075842164 0.07983121281759978 0.019956282461759758
94 0.03785104171450849 0.06664155725033848 0.09729188750388308 0.0092378334938784 0.04775971814274092 0.06936237321071277 0.047761624603033355 0.06063399753327376 0.007001590800804329 0.0652416811008443 0.015693816893024095 0.06413148715896284 0.06880286841696882 0.007187961869297867 0.03928932909559004 0.010708987692374612 0.08324322976446655 0.04753186374575247 0.08147500478550616 0.07315214522403882
95 0.048313655092290124 0.01013706926075635 0.03933655486409949 0.05433896288795483 0.05197067250325134 0.04663372432761924 0.02701398964924796 0.05765806572288833 0.019408368164340894 0.03954737318063807 0.02986067348945285 0.08862549632210753 0.09471792025617323 0.08529898169853678 0.0347606751393023 0.05922349582703525 0.0891875967899516 0.045123636356866996 0.035922244505950905 0.04292084396153591
96 0.00869278975605883 0.0360078995901199 0.006352631117911305 0.05620152718692796 0.09398128586162428 0.023710357501262398 0.037511812869188234 0.11266336897791734 0.06935646280595235 0.018127617326005072 0.07155479541586554 0.06145595278311155 0.026561618910610298 0.07433518225962508 0.007071036628507653 0.043209148014135404 0.02828339351213191 0.09834911255798426 0.04381917649316291 0.0827548304318977
97 0.030482931437759212 0.004181241462541052 0.048058868575417774 0.08406497434009894 0.09365760475537943 0.08656859622865758 0.09937933981070456 0.08009096182140175 0.004788190683073392 0.0990213444402061 0.03872690906259652 0.027229608211741006 0.04267199485958148 0.06740030242261828 0.08578333562010589 0.03184669221223819 0.0006306336722520624 0.05836968009405102 0.013769968877789723 0.0032768214117860055
