0 0.024345385175129696 0.004462728985340632 0.014721022026030593 0.04533642792765164 0.06399528572831623 0.1020705978103572 0.08328521170543776 0.0076790746164562195 0.012870895949866835 0.09429827100819746 0.0721040371377418 0.12056860562299426 0.008334564259429147 0.05561692921710355 0.04907457001408567 0.0006504129191707544 0.020649958241878846 0.004807592681146095 0.1170810892609722 0.09804733971269355
1 0.09659747587430095 0.07245228847706241 0.02911203351365374 0.021042478808236058 0.0031401187997724092 0.0597798245311283 0.07863209357045438 0.012740986045313308 0.08656959981362648 0.01533719813111531 0.006582630898038888 0.0023337325727110247 0.07219238083914237 0.07861875049984841 0.012616420471473624 0.08070163875446044 0.09462505079408201 0.041524447078261556 0.04764955761088015 0.08775129291643831
2 0.0614587068712354 0.06969744073270995 0.06563138611934984 0.06041515160354668 0.05507932464277273 0.030977135164534157 0.008820169301149991 0.06893358494472096 0.052703579164112814 0.05140841315707868 0.049510092396003694 0.07740316509261819 0.04502467011322324 0.007049500132005611 0.07224219823220272 0.0023331097856310657 0.053156369805973595 0.04531480966506199 0.059665760644587874 0.06317543243148104
3 0.06304788586549258 0.0782002273874414 0.012819217953653123 0.05818217926978851 0.00013406938690013387 0.07866859759810062 0.07719752825349005 0.0579529861623932 0.0648963164259487 0.06674708575187413 0.0003666136667937861 0.07820164417108091 0.06099707055888198 0.026527893357930005 0.04036574584283515 0.015203050791186933 0.07822509024556358 0.06016974835051514 0.026596350603025714 0.05550069835710432
4 0.05326347247379652 0.0831374825069202 0.06666961854381703 0.04456759118626481 0.03865711382895006 0.0034097134113254355 0.08844537774365331 0.057482315774738134 0.06652626923374134 0.012262547534434414 0.02826890658947723 0.091863553093324 0.03382443616017605 0.039307486325249344 0.05077111403483404 0.0905619172554565 0.0044883490450199895 0.0745847855835142 0.015009296169230607 0.05689865350607689
5 0.0486060553749102 0.001342995662691316 0.10166799752744655 0.049124167457538295 0.08638722959544318 0.07570301081808455 0.004006719220988131 0.048918681295199995 0.05027020867929756 0.033817831730603425 0.08679220550568213 0.08042700069852235 0.05050224928080592 0.03169459677234594 0.006572797661095893 0.08136378089149389 0.010334730796302191 0.035668452094325016 0.04820126906204353 0.06859801987517987
6 0.04484297484557291 0.06167834102850791 0.022911173295107994 0.017261063854796938 0.02491414138808608 0.07520971062986737 0.07513379384916719 0.009015069698177518 0.05634274829029002 0.08011448761414366 0.05940649172627262 0.02452435874010919 0.0842757888467233 0.06115649784641462 0.010410100007915 0.025274382523580257 0.07662952116916637 0.03916590508489854 0.06603614172394937 0.08569730783725303
7 0.08918093262577267 0.0541771484496759 0.020188797883326184 0.030387169091376474 0.08055596526028684 0.03249316908651652 0.030217597230004112 0.037482774899156655 0.006133213794427166 0.0676141544886522 0.05621702680924458 0.05182490534227187 0.07512746039118168 0.027100014166853394 0.01907539491797364 0.015530616383059595 0.07033860492023711 0.07018905899037312 0.09350822008296461 0.07265777518664564
8 0.08802464800042101 0.01248098610457184 0.08133591255534606 0.09174506054797277 0.03718949511920065 0.05813326989968725 0.04989484482106328 0.02645102774076557 0.055221953777589566 0.03828198817126481 0.045386614484985516 0.09519203442212812 0.03996231780832048 0.09206475908087561 0.03408270035804257 0.01988780167748159 0.03926101737777113 0.0503172577620974 0.003496273715126865 0.04159003657528796
9 0.08238442472045146 0.03947477461001473 0.0044170925161191674 0.05360931304651757 0.010922402400984743 0.09067764887179544 0.07723760649556895 0.056281504345160556 0.06809007867576591 0.08211534968688862 0.028088586473421683 0.057340977401845954 0.04166821407951116 0.08973940558226826 0.020735853104619215 0.060792220200264944 0.06811881178192182 0.021896298344652655 0.03469599776976398 0.011713439892463503
10 0.08511333394901613 0.08256705357202147 0.05006443968431045 0.009959561888382517 0.03632345850512777 0.04566371019991887 0.030241895070356174 0.021441750463776107 0.07334267445236406 0.054404376700778294 0.08473662671238026 0.06806854212012711 0.018233615763882906 0.06438085383404332 0.06821680242302865 0.02241726940870949 0.06349279045830658 0.012518028981361272 0.05577955225307325 0.05303366355903543
11 0.06014939802229116 0.07525689964582633 0.06011911405058199 0.03617400385162235 0.05890232692070862 0.04837392471672642 0.09197140481906484 0.0014274045183727607 0.07320958757344806 0.01549103886278671 0.04902689535979842 0.0549790144766625 0.03527035297449217 0.036500734462174535 0.01673450135666954 0.09430465028664314 0.027283280494956708 0.0641150744652504 0.07366052117797967 0.02704987196394352
12 0.037536257097882796 0.09395692128225328 0.05252357323462021 0.030888421247925568 0.016003066230811356 0.031577306393353474 0.049654200131991955 0.029232470777588858 0.06424353856704569 0.022211711362068193 0.05049046001292458 0.09938171784730163 0.06623172840636024 0.08600737204602821 0.024195078057215966 0.09566179258605968 0.06383605946032445 0.022537345186540974 0.01496480970045864 0.04886617037124435
13 0.05162071971477896 0.09285453626743519 0.06468881794156073 0.022043737859198716 0.08651124144751932 0.018660914263395858 0.007454558970539672 0.05630093780575245 0.02857936886622313 0.05220787412189702 0.019673306118586958 0.07729368280799495 0.07530016349586391 0.04167742997861255 0.0009485794987573 0.08474790626062788 0.05686120370100386 0.07383052495087138 0.03422384890909751 0.05452064702028266
14 0.05569154696607386 0.06943825098111647 0.08663864732488429 0.02063848789096693 0.02929436086139937 0.02448073819969464 0.017946468304836958 0.04049508154017317 0.07822324121826708 0.012216846342535767 0.06273305716707578 0.02912959869971911 0.08741390406877461 0.06336548980112833 0.033193381155854504 0.08165723844781451 0.019769178610689907 0.043986839362039384 0.07593644596395294 0.06775119709300238
15 0.03991936966173738 0.010260690988914618 0.06574645219121572 0.06792537525640764 0.07945685195716669 0.032631040279170444 0.0888078657020755 0.05549510956644274 0.08556104801294491 0.06553095195728174 0.009812390867120172 0.06679161351846749 0.03607043099061108 0.024646421755599137 0.0036251736457158013 0.08903099821257068 0.08309746247778776 0.02938009074987994 7.197810033162263e-05 0.06613868410855893
16 0.08393370220760024 0.04499868725133596 0.04064123071601853 0.0626341748025188 0.038316826132650805 0.03816220708345546 0.06815373225100833 0.03063042703641478 0.021492333213622726 0.019682212676817478 0.0963767347045127 0.10760957830615066 0.05605596156652044 0.03861830143879459 0.038518458242004734 0.02041261968562012 0.07224304753471197 0.07663720079094243 0.04466117834333777 0.00022138601596125162
17 0.07716467447481741 0.07607697560862967 0.05609392143477058 0.053046341153128104 0.03739650256972741 0.011638816436380456 0.0696971383922969 0.07574263598478669 0.0774566424975411 0.013942989379990898 0.0018605956122039959 0.07956313754902336 0.027581951908528107 0.04771883964165292 0.04110111334558661 0.06650678031851864 0.02353838487947492 0.09037580425672888 0.04943816743947669 0.024058587116736557
18 0.05152224053713947 0.10382753133511224 0.014363598322699869 0.09809837243145604 0.026927932357538254 0.09805051810166514 0.03028056906970392 0.08650579100290319 0.009815929534398278 0.06841638360745357 0.027596247506349585 0.06753706196442871 0.00414293538246273 0.0795857650860076 0.06717586078659699 0.005262434441534558 0.041418393086811736 0.004251852038927246 0.08168668823070914 0.033533895176101634
19 0.013725273014624846 0.07633765658814258 0.06107936638447023 0.07634366626842365 0.04549026911880658 0.04557812237747286 0.00029117461813219186 0.08188415063475274 0.004829577007799421 0.07065991748128227 0.0848663573575514 0.04345904647579457 0.08927866479173104 0.026903854230982054 0.052339867077907234 0.005679028257234623 0.08411496416491829 0.0876236189523408 0.038684107783997175 0.010831317413635501
20 0.04715259484776901 0.04875760619425632 0.033632798280129175 0.039008754682939684 0.054824738908895304 0.04073801947774899 0.04257117311146316 0.05093435156614437 0.07501362615399824 0.05742409373427855 0.03342864964765988 0.08005407076000809 0.001389539240841966 0.06539676209753022 0.0808128340653466 0.06249158767472943 0.037452691508551746 0.03474808404895188 0.0212522679307379 0.09291575606801931
21 0.05247657422877912 0.05166408732768032 0.08777782337368943 0.11147096012252962 0.07269129121384289 0.08036230469108908 0.04213958222901191 0.002222568072373772 0.059350489551366625 0.06570732344127234 0.012545858512650741 0.004006908670455529 0.04147088199660502 0.022202258683357852 0.047196061817214655 0.0896986292819576 0.007317718680604907 0.10321593767045345 0.041466344198286945 0.005016396236778389
22 0.07675744996758034 0.030435990165944435 0.0464615913208566 0.027815734460612803 0.013609058878256596 0.00991972538834132 0.07613028456432995 0.00466798663514802 0.08019713005529859 0.07054389184668766 0.0758401744524885 0.07134936033041324 0.0808474130758461 0.016973000473923482 0.00037083840493156925 0.04990534053761759 0.08628619132639853 0.08249482642392929 0.04958964185959158 0.04980436983180401
23 0.03752624669497675 0.03555697880004686 0.07415671762770026 0.0627957940743952 0.08126956958863242 0.05984509822908886 0.019766083225236684 0.04493308126457297 0.01687665237325618 0.01782187299235291 0.0617988591785829 0.07219750708048982 0.0697158453566705 0.017560394859320167 0.02820261608167572 0.07264139723388734 0.03401422872607278 0.0693831310333571 0.07030673689969069 0.053631188679993766
24 0.00044519306935994935 0.07645058159109558 0.06744644006350115 0.048060651252958164 0.03117437132395254 0.05282305445550198 0.0842254029814523 0.060882179822962304 0.05021864234279969 0.06587790093052605 0.02085837537926423 0.05649719494061928 0.04865759758731292 0.0066611887340413565 0.0505403923463556 0.04095182122719665 0.01704956040058477 0.07684336326247695 0.061432919544433945 0.08290316874360462
25 0.008792549692013207 0.03464891164087011 0.020554681111301095 0.07601696357002295 0.05022504831607438 0.0708615079360563 0.08183732131769535 0.04907418126308281 0.0671643148286812 0.07388099856479297 0.02569978364561698 0.01874560049308059 0.0763763310702199 0.02779485001254751 0.04667568033534691 0.06825773732269229 0.1031289747695041 0.05635448713911819 0.014059801958268314 0.029850275013014776
26 0.041436403433512146 0.05150137635854811 0.052664008133766906 0.028291127553692348 0.04987382679766583 0.07906780316324412 0.08923330876038013 0.06592543814503334 0.04070822078125886 0.07857570048086143 0.05206227935293422 0.009032004906866665 0.026908305525902294 0.0007909724907377892 0.08434744620127413 0.0013949062648902402 0.05090086248463555 0.042384305623813796 0.0888913884809423 0.06601031506003975
27 0.05939905363328938 0.031202589695439657 0.06115817119079703 0.031102013405937885 0.053827131380279135 0.07311583472164801 0.03377677166229668 0.06113537227088338 0.019483082166860434 0.05898066435319252 0.06013928926971632 0.009653761070383503 0.07500925013080796 0.04609688429144688 0.036153154448438 0.062372071188857674 0.04531564856334447 0.07370015026815556 0.07390195798209966 0.03447714830612585
28 0.06092798628789672 0.11156910525347737 0.08190368616045761 0.04125103888208726 0.10698100357119499 0.0007859652894936592 0.026053706223305037 0.0902223088871129 0.018490783342648663 0.0022924758322124734 0.09940439054309069 0.018619657565441 0.016521136198991107 0.03578825187180346 0.07260743155586045 0.03406646390097994 0.07475080323629962 0.01269902756101414 0.09404731371172978 0.001017464124902964
29 0.0013471999234017428 0.0008764592897621651 0.09875366121890305 0.00497556876468522 0.07647773175148523 0.045379126484635185 0.09310182424148618 0.04017346396248974 0.01685104116569838 0.01966647020882045 0.07102671335891772 0.062318138941185215 0.05726724753098265 0.03148433222071818 0.06779496458019635 0.0754051868963723 0.005479966792124211 0.05091832720266476 0.1011649682918262 0.0795376071736451
30 0.061975163757731315 0.06583872725996098 0.0558756884594307 0.022324755045142638 0.07999094205334582 0.06274614162341015 0.038251362197543416 0.03606590806301061 0.01676453028466188 0.04141629856536724 0.0778179374630442 0.03300889566122126 0.08466842640335867 0.048940203607042355 0.08706746985235805 0.005491645733698798 0.0862081408296916 0.07568770582431324 0.008222266523713457 0.011637790791953628
31 0.09054165195190275 0.0403139242931346 0.03861044392813806 0.037024318121017606 0.08468204362270657 0.1055613054174599 0.015237706742233667 0.034647851976609814 0.08308078024733058 0.012144453434979673 0.019014240914659596 0.09427670933819408 0.04683399319984584 0.04177923535995606 0.021953253702228427 0.013704628780625458 0.037351722959559866 0.016196349885169842 0.05454310124911945 0.11250228487512835
32 0.008690497172977018 0.015358353853650102 0.04711014460239009 0.012264446135620777 0.046863709331326095 0.06797792921518114 0.041688346618330256 0.06255959690507779 0.08907859266204134 0.08662928823929186 0.05077446702260812 0.058985046805385334 0.03984203886374408 0.01819626964961679 0.07890014573769911 0.020363320565251947 0.052469513714959524 0.04323325001310856 0.061260201032094626 0.09775484185964545
33 0.07984668690492339 0.05459285010830296 0.04451218095025752 0.05902393968372393 0.009011440562611947 0.08303562181192058 0.06484272777699386 0.04782083714706695 0.0609987112034405 0.07668836484750417 0.03787407063259728 0.07687961407098014 0.07228194203027453 0.033719857136272714 0.010770420150177512 0.006378615392402942 0.02579637698703722 0.021741298663908677 0.0777233877608562 0.05646105617874724
34 0.0037730521585772384 0.10427070957524422 0.020401438381307112 0.02742831933658238 0.08268946280089022 0.04848040074412819 0.07252209033216479 0.0373188941587157 0.018828134228090515 0.037409675989611486 0.09075799745564617 0.0694338802357535 0.02653936716437297 0.05215037886967807 0.04450089714842955 0.09848299920971589 0.023460116921277075 0.04928632414340061 0.04771413662890243 0.04455172451751183
35 0.047546813123692466 0.03712942534330835 0.05571691560542855 0.019122325148571363 0.02494202299992454 0.06175438524718155 0.02069363077316469 0.00667206098477115 0.02740154152403219 0.028408647681333755 0.087764865333007 0.07850429313485491 0.06343854994346824 0.05541213867387485 0.040484372025376136 0.08273328944119489 0.02215862412677766 0.07541038142966454 0.09219199000511957 0.07251372745525339
36 0.08065993021853046 0.018601699794083684 0.0819981376225957 0.048896534931843 0.06256296995333133 0.05477692826940089 0.025197631561816664 0.015656460655882547 0.06821860301258016 0.04154554657146794 0.01133811929343666 0.0834223059756444 0.04704485300069126 0.08917850151579035 0.061935692534994265 0.013276554141378318 0.06746480523821867 0.035562236458657234 0.003375859988715071 0.08928662926094147
37 0.03808183481598549 0.056350885906553315 0.0041890147502798665 0.04496543831756159 0.03909244951131556 0.08114853145056164 0.036777423283404 0.07547982254729914 0.047323829178591154 0.08449042084016799 0.05121732682695533 0.03624233969338051 0.04362713560885384 0.053394005616384445 0.023329940906785338 0.08507077361102101 0.0774214145279797 0.03898391096213102 0.008878193023597547 0.07393530862119156
38 0.06934074091246878 0.0896330321427323 0.03908397351982462 0.041100770908779775 0.014496984732216993 0.043585691336792666 0.052022810622376896 0.00896511614875636 0.05661764505294165 0.052812583350653454 0.07177750702335593 0.06885035548862402 0.05521562143819579 0.005657736980145643 0.08621658682449077 0.020827508791546552 0.06268372131156222 0.07796695569118504 0.045670959796245365 0.03747369792710516
39 0.053594245338158056 0.09027383555996016 0.07799570640005395 0.001999617228765283 0.06089823116936116 0.04745347762239338 0.0877130469175993 0.08563568656984714 0.00898674826884671 0.04495416261401293 0.025164157625940212 0.0380006540987302 0.0210987854556993 0.013621402791581522 0.055279799234034456 0.021217154205070407 0.0594410796310945 0.06783487358840107 0.09223211100648629 0.04660522467396373
40 0.018583866341058294 0.0682386909509952 0.04947352222290417 0.0461392389667837 0.03542427224156096 0.03890286719852662 0.061382888863960365 0.0692853422392978 0.05233926793348662 0.08528389519154686 0.07111096919119127 0.04136646600025025 0.0010499895182520338 0.05043285937120693 0.026673705258934824 0.04335393862063482 0.08547924873773952 0.06653540105497713 0.06340852584431349 0.025535044252379034
41 0.026979123910438777 0.039067355653896525 0.10081649987242969 0.07390025795175285 0.07658517385551018 0.057048126823725405 0.06782037064976995 0.06679214635066387 0.09619144426877094 0.07457140428958714 0.025031841676662912 0.03232757314026525 0.0391519796897238 0.007601214551159793 0.017717010765922716 0.08598575335451109 0.0013122309247778894 0.013215119176985956 0.01879558607258972 0.07908978702085571
42 0.0025951349787541804 0.10295903078681369 0.017621221458911148 0.0999698158144253 0.08183784004645106 0.030540838658971278 0.01713531639340282 0.009192978163192304 0.05841645531154224 0.02112389536788847 0.06604518338333236 0.07297005835456574 0.028679930275976026 0.07725822452562206 0.030455721969236682 0.097230350009482 0.021802363793720487 0.02914707743552609 0.028839131764971503 0.10617943150721483
43 0.05144687290606763 0.07821165921299551 0.03505433352134616 0.022091656205441887 0.05639222289366552 0.10088394523013988 0.09968372052113958 0.07731199053635109 0.07410022939477663 0.017686897429945402 0.044080601435793086 0.08994512828859895 0.07505634763635555 0.027734538951861915 0.02691935679718237 0.02769439878343946 0.06159527107563025 0.009082743041098365 0.0158837333441046 0.009144352794066082
44 0.06013103511777876 0.077103067700471 0.050337381636426044 0.04576342414176402 0.08084045160843172 0.039886084931981536 0.012857600813340126 0.016174596211390873 0.04030347591067908 0.11786813195258522 0.06624322128417477 0.07066326252023121 0.01252818172069165 0.11838614068666511 0.0004566271634241109 0.011693421933514178 0.012137911794629298 0.07956050514083118 0.041210353422347454 0.04585512430864257
45 0.030947551860848375 0.00865550383283415 0.06500438739327923 0.07335838539332706 0.04035903313137628 0.007145326785262496 0.11375655076923846 0.11497099431519606 0.03541644937665158 0.02048868847087273 0.07225597684573407 0.10270133751434225 0.024594171045300366 0.1026268433826649 0.0039114691440433405 0.0018309397667981922 0.027646751994059273 0.0867499759862811 0.014630699178160397 0.05294896381372969
46 0.06218041031223041 0.043560434801173754 0.029632143633713554 0.07273671017580297 0.007095068344479135 0.0450988376328014 0.06394163675263395 0.048421640068700096 0.03647416659210923 0.0652051874677428 0.08229884890397646 0.07675134719218722 0.06942607751924176 0.014897319203941802 0.08392856308885435 0.021635206813077512 0.040573871697852204 0.012053916694573463 0.04625211043224819 0.07783650267265975
47 0.03908972254740059 0.013927521707604732 0.054732776256374654 0.09278955535370052 0.05537600822346151 0.027229968774187718 0.0807233747129891 0.01649347268091617 0.040154582834936434 0.0233058452123843 0.01174783788004575 0.09261554123461502 0.0666064073934349 0.023447005134911852 0.006570800035845626 0.08523415013624182 0.057976476381137725 0.05553292257652328 0.08087017904601367 0.07557585187727456
48 0.0935725719393689 0.08473957107231768 0.09460751942987716 0.01117960342229122 0.01197324842841004 0.06053614537316429 0.0068017949269641 0.03253616537307051 0.00750958755692042 0.006440763255090172 0.06907181347501179 0.09860897604412613 0.07664515722958853 0.09569641293313302 0.02572743995950389 0.08807814385974047 0.02592216819622209 0.03026445881729513 0.025871419205809536 0.054217039502094694
49 0.04748301953951953 0.0030261660548971257 0.06030857841372615 0.025518174183873907 0.021397139499538805 0.05039319716700414 0.0230559476144562 0.08604604016855681 0.085907450739672 0.02054321141871019 0.008887134979427336 0.10501420189049618 0.07027766773718966 0.022369904709388027 0.096209754420781 0.06310593210263069 0.06356961603626839 0.03933793801537991 0.010174997032722377 0.09737392827576134
50 0.033447207372586246 0.08971087217945 0.03822410442720599 0.08564852308100816 0.08444569347212356 0.09618711830706757 0.07507805464109119 0.03978624577141002 0.009635405808954653 0.011175858560725413 0.03622107667371901 0.0253891323619167 0.02121817605768274 0.07757417216655547 0.00010412129347677739 0.0641988553568805 0.061907656922892546 0.0030180179264619853 0.07380235229792999 0.0732273553208615
51 0.021823445444368796 0.005743296908964608 0.0017587493007659154 0.09131113047435588 0.06256329181992502 0.0167935943265107 0.05366527521806831 0.10823493182067498 0.11683654243142925 0.0017616637434846294 0.0847670760482509 0.04795743405777725 0.0687135994903993 0.06697262354154848 0.05843360013532439 0.01695002039933115 0.020996553608701195 0.05588025863233727 0.017172616774213164 0.08166429582356878
52 0.03904565276610606 0.01080776309242467 0.020938156776884927 0.031412717209384815 0.07793016107517398 0.06166342773780381 0.07346164592668399 0.07402252907905137 0.04591906780560666 0.007966661027498953 0.08843945511651312 0.03102312195702698 0.017588825062198332 0.08664345369942089 0.06305244201778981 0.04562489804845736 0.08515471013429182 0.026606373806595904 0.06864773723325542 0.04405120042783135
53 0.0013545944411547234 0.04786249410721098 0.09134489228940329 0.040742711356279354 0.027947702579586585 0.005309702320220193 0.09165415362740499 0.06956575272325906 0.006189046586533766 0.03947488970338145 0.06482889930991992 0.10074500712295614 0.07191299142201697 0.05062106379221239 0.09586576940933676 0.04846280832617667 0.03938551270856413 0.02320613660761049 0.042382385284702104 0.041143486282070006
54 0.0020360563260151967 0.0914940495867549 0.005523859488575337 0.032989057148446195 0.10642684297536278 0.06296268424828007 0.057059781022274506 0.045517980391269766 0.07987469220810166 0.06594359408453207 0.07048971573874262 0.009737350432474225 0.02291464561330259 0.009032506085713678 0.10501708761552629 0.04974913142490618 0.04658906197425085 0.028070514423630614 0.0028888822172831287 0.10568250699455728
55 0.06164900480210036 0.0810379511133642 0.04799972246912314 0.021214677326505168 0.04148262699726714 0.08744904927524605 0.02565391524367779 0.08600356812949209 0.03736969816982038 0.0018434347681767825 0.0375215348915363 0.03412889773593269 0.059659101427281175 0.06954404923409226 0.05129805361669372 0.03391873554851855 0.06417136332464965 0.06675174113669596 0.04330039481326222 0.04800247997656447
56 0.02477088558398728 0.05962585578690498 0.02987363237605003 0.07549313506592878 0.029902807391058748 0.04933950316017288 0.028343702124796435 0.040660533175186885 0.028991753011940315 0.07687191922314561 0.06495385932106253 0.057112960874825765 0.06471645652767347 0.07880254337204763 0.056821215697800756 0.06032038485379177 0.03888052124359353 0.02543924479703737 0.0657348523081834 0.043344234104811946
57 0.030466472507231928 0.024036278667427167 0.03139204750303925 0.02861824543214474 0.073540585931776 0.04274629747745006 0.07367328179530776 0.09864290785960302 0.07175407274576283 0.025785184759667665 0.03154066830628982 0.0130978398177739 0.01726462959351976 0.0618018929935564 0.020558405269780086 0.060230364897250754 0.05622100405414993 0.05948278774870431 0.10190282858552405 0.07724420405404045
58 0.06521657747461952 0.03795212906730165 0.07701829736206739 0.048163518294775665 0.052816531737541576 0.08419023232646079 0.02313838999323822 0.008789547750106205 0.06460737674357327 0.08162591496437109 0.06440099862606746 0.07859386627013332 0.0779816215870585 0.005908745813887318 0.01261988501467945 0.012697502303176905 0.08459964324521443 0.06989580828273428 0.009901918263922968 0.03988149487906984
59 0.045172416980563984 0.03338624955122628 0.003204324369077508 0.09055201886080826 0.021956801634026298 0.0006290785569514759 0.0848198944050789 0.03331351513129955 0.04611049162362696 0.05579430588112579 0.027488566700603206 0.06825875713672544 0.024651143618734866 0.08923095517487006 0.09201041412292066 0.07522637286438788 0.02673127637985531 0.060550752999504624 0.0724403168499728 0.04847234715864021
60 0.005056000678145858 0.09214695475260547 0.05684588523698892 0.03271687955195711 0.08446568274150423 0.08890362173629264 0.0054612861955313724 0.0026908747380534896 0.08718628782642193 0.01149400930614493 0.07707833268728329 0.07061667091493613 0.07403074520728736 0.027449891352835716 0.06756918340574054 0.0477650592091031 0.022251857317548793 0.04717763132516539 0.09237424644324016 0.006718899373213722
61 0.007751074019407674 0.08006579248664977 0.09569786052151259 0.04564537324097131 0.023763168372208106 0.014988347630604876 0.08857275952824491 0.05294186500903649 0.028465540799436397 0.07546174123453857 0.08381362155128141 0.09479724635506379 0.018171043506877593 0.060037557908594975 0.001843359638541215 0.033100414170142915 0.08247513265152988 0.013546272873968656 0.08100160097516691 0.01786022752622186
62 0.03215673907435449 0.021232368808752792 0.017066355266005147 0.055977704265072564 0.011380801117388555 0.01789119491449628 0.07352292544052377 0.06842449844106825 0.059074603186172435 0.025995899672826995 0.08444963112679679 0.09136500121720932 0.07393088211533123 0.06718494551702871 0.04829600153119791 0.03712524596703164 0.07144176409540175 0.06660716949650163 0.04717016300446242 0.029706105742377364
63 0.03136177659983885 0.08759929953251036 0.042552071680258416 0.00020935775693698664 0.0036704200339648975 0.02800705133338459 0.08464262089878312 0.018669988611296793 0.0621764122694938 0.05687885029642381 0.06606848575351364 0.07952598988254861 0.005623534665450268 0.06348451524056191 0.06584250174706215 0.07714906323565836 0.03875659776924116 0.08047009899654281 0.08229500458835223 0.02501635910817728
64 0.07930203966799389 0.011791805917380844 0.014130869600837762 0.08504103167654453 0.027128850134922305 0.06170327592027114 0.02503320197901337 0.0280960914824977 0.019037143693900464 0.008761273499049493 0.051113396285312356 0.08170695782312383 0.05322908229477076 0.005783455109900691 0.07389211749117215 0.044731933559817666 0.0956906366653503 0.061822226320178864 0.05697711159397188 0.11502749928398985
65 0.019975759419017098 0.0031495393244746223 0.08947907058303953 0.05670547278449062 0.03448206159669992 0.005581886787769603 0.0767262335506138 0.022254894298372976 0.07214236512253348 0.018288757876177578 0.07491821605716147 0.10143444490828754 0.03986104063621183 0.05713220294419712 0.09428864993200523 0.09254624915941889 0.005183682661295774 0.08693495845393999 0.006667891867903849 0.042246622036389174
66 0.07143740941730949 0.03180807537503948 0.03642274619318067 0.06167565372232141 0.014031727372416383 0.05354991812902538 0.05535303219722576 0.006517988536775885 0.09699585982534725 0.09627099433903434 0.0592040160897499 0.026324480400926633 0.047181617809587816 0.052666759914673324 0.08880505464613257 0.09227298590504188 0.06983796104991984 0.018386462984103496 0.014124658006453683 0.00713259808573465
67 0.035386098936751924 0.09020497047586086 0.0012191476680576542 0.0989027922877406 0.10277192424538226 0.042303855106088875 0.02093900124867788 0.08135831031424517 0.07437649513026208 0.10747221794532663 0.02867390058670289 0.016708923917398883 0.058817891497726746 0.0016872523095902107 0.0005446830423040294 0.08668617132824327 0.010966987838860664 0.06106055824084587 0.019185481475078696 0.060733336404854885
68 0.0738947279917129 0.014393973705521885 0.06068645860613106 0.061411685948794 0.03747807176601353 0.0706255685985137 0.036399284020310826 0.01286873893950596 0.0997743550429177 0.07540294797765734 0.040208553992079545 0.013060217594008227 0.0868947717696619 0.07950896860282129 0.04635244463089381 0.006916743096213167 0.03396809709494203 0.08115611094157453 0.027670450925478977 0.0413278287552477
69 0.02983600264077929 0.08658599502665988 0.006770337456242996 0.0411080758297261 0.10907155003980683 0.125727347341961 0.07820095422615662 0.006348699086319844 0.0581601265982251 0.05310076210391493 0.053975780439982066 0.05572009372692706 0.07254650504269183 0.004371732410021939 0.00801296464693186 0.12481421481197422 0.005636658816913398 0.017996506747691314 0.03773608617736782 0.024279606829705862
70 0.09760967638540424 0.09886380854520686 0.04895986605495416 0.0961117825208726 0.011965174397542858 0.06175849025550564 0.06254203751613983 0.03258651626230795 0.024277890825369065 0.005579774255972273 0.08542338363946837 0.05772554323737969 0.0439983678850557 0.003055367437834007 0.01752231613588473 0.07940691660857321 0.0562486603325281 0.016020504024573147 0.05102341091124432 0.04932051276818325
71 0.06271560311799958 0.002168594286183698 0.09069642974007396 0.05344974850632279 0.07347194062996726 0.0408193486269818 0.04287119043891244 0.054540006456895 0.045292795525570334 0.013893383770721478 0.09974931524018348 0.08763553406372109 0.014502408343383136 0.08228243816295651 0.008405716016183921 0.019654269553087154 0.07775240623021179 0.08229358385718985 0.031043378371053396 0.016761909062401204
72 0.04379340964496574 0.002989037204668953 0.03586985725400402 0.08067645846155046 0.028170663160216946 0.031506650658933724 0.08489805887500418 0.0930899851235123 0.08412880597271191 0.023561383579757855 0.03369349815762725 0.07892731421298092 0.008845687580356728 0.0819431197914184 0.07946934105064869 0.031854726506536 2.3322031292011718e-05 0.057905236734085735 0.06230889167967627 0.05634455232005172
73 0.004020225040214007 0.025530121369734284 0.06764825810649572 0.0016776821272628765 0.06444695059339184 0.02524915273206505 0.08373496266081679 0.033608535836703105 0.07548292039323708 0.05864204345869277 0.08157100795550096 0.07055488621092498 0.046005428275008836 0.08009255608280923 0.028689710489937823 0.011961494955011085 0.042839705949009994 0.048503706257012516 0.05957968417903707 0.09016096732713402
74 0.061131014723579465 0.008322023877636918 0.09476957971795986 0.00847845323163226 0.024878211577133352 0.028233608060180077 0.01255612508249639 0.08459569550854772 0.09757362535644216 0.06399492837604848 0.05804448922502724 0.07104670580545645 0.05836935612669369 0.06840679553085496 0.062344010211785976 0.039102731352012796 0.04614514263030658 0.02043585113922319 0.018773778796458297 0.0727978736705244
75 0.1016995789411066 0.09680480522895137 0.008994787056885663 0.09494186901334056 0.02026480074501586 0.09415308387813943 0.012402952415189608 0.00700628808650603 0.0006221698744927704 0.10020376901145747 0.0023662877639117432 0.061982304805524364 0.09474266407663733 0.008901736832164732 0.03176434767653102 0.11021861485182552 0.01362674468518844 0.0009461786305344819 0.08039417188957208 0.057962844537025056
76 0.07607623987117024 0.0878266449034505 0.0945824019601639 0.007921218897447858 0.014716835570630573 0.04159002745719926 0.015962327225718585 0.02167446671678789 0.007814736159351236 0.09028934206598863 0.022485561244951272 0.07963694678645608 0.030255716532120773 0.08924049322776895 0.02705785597868973 0.017563643777466706 0.046609788890492956 0.07491920599803947 0.09826864270507002 0.05550790403103554
77 0.08528482052840185 0.07277605983826212 0.023307581049323702 0.04732495124764474 0.02156562541073565 0.06968095606134345 0.0007179592132302977 0.02379927741761777 0.06261894672097337 0.04688371570337712 0.08590978550823129 0.03594512886381374 0.018909414947004842 0.012897496510744143 0.0636017819652608 0.0681411713921321 0.04812831433342242 0.06582938591535611 0.07151749209742163 0.07516013527570295
78 0.08159195064939581 0.03973179507593522 0.008241661726704548 0.08239126690397855 0.07839406444013026 0.05426629313585235 0.00303160964415935 0.029475798359721386 0.01986998149029147 0.06485029108728406 0.05184895452183082 0.031946096439926866 0.051269718469071045 0.0753676127633883 0.06899746659977285 0.015271347571891244 0.08393343522992315 0.0640922483170887 0.05661375521998043 0.038814652353673505
79 0.038758148438057125 0.001116332643722555 0.05980980570467533 0.021995433924088183 0.0717837889660501 0.0635029117975423 0.04068006933585818 0.03977004004846611 0.029655720589860327 0.08058970522925905 0.04954102525116145 0.071659878699987 0.08788137615424191 0.053144430405205466 0.07949049491902267 0.04730084906844426 0.050918989888624755 0.009096079174814349 0.03597313497393786 0.06733178478698093
80 0.07160778696868267 0.09347540893070885 0.05786978532485458 0.09397199168083088 0.07150789734704464 0.04977417811041841 0.009460870659783708 0.04132266829950204 0.03722506773875862 0.04397739233381833 0.06372747093842893 0.03479264476545167 0.03941618065204159 0.03551292340340533 0.003166098105047602 0.08196641289147207 0.024577123563031975 0.09068264307113465 0.005229904059782601 0.05073555115580106
81 0.027508490729879775 0.08007252964697331 0.029403999689393116 0.0330089553937056 0.017609864621474184 0.08295815581653879 0.022462925283054214 0.0389445820057304 0.08815553723545934 0.021465167426673502 0.06956802635568256 0.040631547434833014 0.07331699185462211 0.031965053604991266 0.06851857476241592 0.015544121114468219 0.08519241731135258 0.015498823302573128 0.09300465209549645 0.06516958431468252
82 0.07170527093702468 0.06671547298595452 0.025190499204322467 0.09522678737312278 0.06024556903588087 0.09948380157279317 0.05337183477330559 0.09827788237696349 0.02645468689189234 0.04460940324961504 0.026023961446218043 0.06594607387875753 0.023483790519641036 0.003246678998611649 0.03446690143636021 0.05840626985113088 0.020614155221658565 0.05479113801808816 0.024086680124762137 0.04765314210389672
83 0.07818937138069042 0.037914608530274105 0.02567547702662878 0.06486180156084216 0.07420818637745408 0.04734312617119119 0.009455851368828748 0.07153558128029532 0.05690797746053217 0.01967258056308386 0.017279700564489728 0.07125282125534885 0.07063520089226746 0.043252794700697025 0.06693451152362735 0.005943606411054591 0.07503247506507145 0.02706314348783536 0.0645730032544553 0.072268181125332
84 0.03518532569545159 0.10382822234393385 0.019856897835148914 0.04980187891380184 0.021752600703691654 0.10162003343731803 0.025726567795774816 0.030622723745496384 0.09340333142725749 0.082165227508952 0.09983980572018895 0.10687444263197714 0.004231282257627148 0.025939594982435074 0.005700826983068596 0.0753863944449241 0.01613485421149835 0.014945492925907107 0.07976190558563326 0.0072225908499137055
85 0.082996838360117 0.00038339241554479533 0.06953570220476532 7.24925296223705e-05 0.08940121807736925 0.00196977913288525 0.03294300428288097 0.08172477207390705 0.05788000880742302 0.04361688212048825 0.025553024924878705 0.03673989480618009 0.07420365427440352 0.07703240389016486 0.04630071673125517 0.04046880211353394 0.06524933761420917 0.01969631243682672 0.05190661247336491 0.10232515073017952
86 0.10094795361018438 0.022274663109175374 0.11956862333623217 0.0025851657460706726 0.009856491282300109 0.07056014524166833 0.08672225106594965 0.022394532508500428 0.034839597767580936 0.06369861072074723 0.08523970198198719 0.037098746705138 0.054233926795185745 0.10003701775346911 0.04330873511862761 0.014787512356398382 0.03150179750245479 0.0010373895854537036 0.002196642541315014 0.09711049527156121
87 0.08786863989033948 0.09390937153938504 0.07672574412733596 0.07982468901618542 0.011035786487946616 0.04659829143907816 0.016503664752150003 0.0075269255449385356 0.004301349681383812 0.058597847872389676 0.05440607038986913 0.01761800619532605 0.07306084701332406 0.09197360893232351 0.019059048255445334 0.08509061982318673 0.03438932421569481 0.02486973437064313 0.056452944368785715 0.060187486084268785
88 0.07121463316603092 0.0618680050618647 0.015201987382328006 0.05940784805080483 0.038084413268819596 0.010942379096003083 0.032556119096917746 0.06714833656666974 0.0876828427334866 0.03890558083355917 0.08288426520562324 0.030971405290825985 0.06262797878706253 0.08079146877273362 0.054741126751517 0.07180143680652488 0.04362229110409066 0.060137978540864584 0.017763763406389004 0.011646140077884243
89 0.05011140014633811 0.019461031405340255 0.04059635589392906 0.06889371845885896 0.09620751216980857 0.014461433001845846 0.001135431966153203 0.04827166024822367 0.08089532838161888 0.08604803893346497 0.07157044849097143 0.03716374183784685 0.027271679608383156 0.08707209774363939 0.021900427030723806 0.04494176252873192 0.05986500152412347 0.07501397067629761 0.04550974759742124 0.023609212356279424
90 0.07265563194435246 0.053910444372240976 0.014800153556372288 0.06542398785135613 0.027853346555503637 0.08313445748399907 0.08164436102601583 0.05841394618699685 0.05089426004204213 0.053314928964300484 0.02419260446844244 0.05731735329892311 0.08346324699397879 0.017792605466069273 0.08880567395235321 0.008173086344499418 0.02168713267692074 0.042237637510279105 0.05976444571211188 0.034520695593242216
91 0.05406031263788688 0.039988449290710444 0.060000679249915714 0.04528368720368959 0.03784509949218383 0.0695301569703972 0.016355073142408968 0.02588986098826301 0.07583149573258348 0.07739535837239274 0.07598566315532293 0.07509484796514104 0.01596902857799539 0.06584289489896238 0.06063058466243544 0.08146370016973947 0.005028508390839158 0.04559331697904312 0.057634073356137815 0.014577208763951537
92 0.028953858515814158 0.06188584456907342 0.07030157964450677 0.01037630430868965 0.04792451960046433 0.09024990177991997 0.0661714283173339 0.035586874544025475 0.0890760699481472 0.03363859226372703 0.010288565370755922 0.06267925718724716 0.05622983869059595 0.06114775846330434 0.09574828255254994 0.004983021572538295 0.012628815563007132 0.061983466714871205 0.053090913265313455 0.04705510712811446
93 0.06915632121554102 0.07717068424818445 0.07091926927680406 0.05540964816869194 0.06846464709781726 0.07118536588026003 0.0378957456351912 0.06822901313867345 0.021201779974493244 0.05104433597863478 0.06538921752981795 0.08094121407823009 0.011464455809363219 0.01266825961863075 0.07702966968710048 0.005349530761143289 0.03537314795465114 0.04668433721294968 0.008671027043534849 0.06575232969028733
94 0.053146794182046354 0.02331450594395364 0.08068577313674391 0.06462405598556192 0.07219941049288077 0.03855028269990559 0.07176635400740003 0.0516228666290567 0.07460612455384182 0.015294755894608443 0.02835373762209767 0.06960981789377112 0.06602653493969564 0.0055352455827368365 0.012893750472547509 0.06947234846289646 0.03510635927896479 0.04112576325432816 0.0643378641943716 0.06172765477259101
95 0.052883365068251274 0.08946961993040337 0.015004814718990057 0.019429714420441824 0.1075055160636147 0.0845472106557643 0.0852167749176877 0.07983736553807518 0.0577588740470981 0.10627032945699795 0.00574149241764916 0.00236947269098056 0.013994783986092692 0.022471482396881653 0.03246880925352381 0.0009908343974824045 0.019049031367440974 0.04200594847136007 0.049462905964864294 0.1135216542363999
96 0.0015175171596860592 0.04405897535746625 0.02613192863687376 0.039360223167216844 0.030166616364433598 0.08294825611897272 0.07353356644293071 0.018122360207559893 0.05720780758256998 0.08390164883233905 0.0784532156202493 0.04159875112822876 0.07769801770441119 0.03722552047942462 0.028917148809937017 0.07621618804710213 0.05754079316558977 0.06599307425645347 0.06801604528847863 0.01139234563007609
97 0.09208372902958264 0.08434617560689342 0.0496841779392177 0.051938575708666876 0.0931261587367383 0.0851003480443473 0.01007455686309636 0.05147396101388817 0.09152957996169635 0.022897800874352867 0.004983195624178485 0.0848804925996552 0.059580840221318425 0.01844813487671567 0.056995978254504656 0.011237191546194831 0.030002837984259907 0.012459108478330302 0.03854742411021491 0.050609732526147706
