0 0.07506322936110965 0.05403446070679562 0.04995467725329718 0.07557164171318245 0.02881475528669733 0.07393138775589549 0.03731131774188432 0.05473143129091546 0.08244825776154238 0.020763717848223156 0.006150960120103157 0.07695204312726628 0.0603194327681431 0.011091082545671633 0.06303387731675637 0.04885679099211767 0.034305397060163625 0.04964114246561332 0.0724758303912769 0.024548566493345088
1 0.03564142375562283 0.019717310261047945 0.05703450430919364 0.06546534309786821 0.04302228297622971 0.03775315731478996 0.05624089542853916 0.052727077250506564 0.07951153257701486 0.08927156339762322 0.012978345677768479 0.005748437535494759 0.02932392487538013 0.0582099556961605 0.08190180592112672 0.011110273383521172 0.07130869184100416 0.07124043843648296 0.035075074077520356 0.08671796218710484
2 0.04776069556783692 0.07427688820494999 0.02455564389381489 0.06085892576660159 0.03621525764588815 0.027296805044451627 0.0537062604012381 0.07203501733179013 0.020817775237191916 0.0695182439389729 0.07023485094943643 0.013220419376901611 0.026105006280991303 0.01645895961010497 0.05588815160517594 0.038335760939410934 0.06459241953712326 0.07212021082844342 0.0882113361290613 0.06779137171061465
3 0.017953882655164642 0.08370962158549818 0.07855188082671676 0.058444272343671055 0.0719077624003836 0.0704746358074626 0.04623533255455819 0.0857180352009886 0.04067195144474763 0.08680808187914368 0.02605396711562545 0.011200796491417189 0.06570282565390405 0.01901994117470411 0.008367099002830156 0.0787538811928983 0.05540953223911962 0.06631605558077153 0.010074553069470216 0.018625891780924348
4 0.0664671701098285 0.07600416922800374 0.04545552240043526 0.02215011679195874 0.04719766312212947 0.07597984047908336 0.011796264438290871 0.0736062179838639 0.01942637490550855 0.02286922164806342 0.023736997970462248 0.08547461810104481 0.08210649681395045 0.08376956632901748 0.03306524783636578 0.03184689616064517 0.07865718487275354 0.012531578173865165 0.07147019579854727 0.03638865683618212
5 0.03957385808995016 0.05348793027159946 0.07790675940257699 0.0374995272991905 0.040284749214776455 0.07536327523393661 0.044620843884818816 0.054541006700456134 0.051454743688913 0.03761147640581448 0.05429385663967113 0.052757552674639274 0.019022440623838763 0.06755487014829203 0.010188845486082534 0.07579543847461452 0.06437418989680327 0.010011356051982983 0.07084859931032494 0.06280868050171791
6 0.08812654780458574 0.05596841049165566 0.1095882685196186 0.08207458871501137 0.00972537568010326 0.07515560364338221 0.027646808495514257 0.031699501870254124 0.05301728517328336 0.014703106931832048 0.03744346797322061 0.03335338487898521 0.014652874923781874 0.029721624785641783 0.0844368033181291 0.005462841238956011 0.02552198165110723 0.09443749529827569 0.08948905037761365 0.03777497822904829
7 0.030620154655472357 0.05960887426858981 0.019650416520666448 0.029912396825162658 0.006024029236365022 0.08122534298426629 0.06306354850428843 0.09036402197229253 0.03798047611832298 0.010136064658655516 0.051212903587343005 0.023690602699381398 0.04385771095200904 0.046754630582139876 0.0036258148899574764 0.03334605008733588 0.092148488668969 0.05972746675965738 0.11090888286829725 0.10614212316082743
8 0.07561702628849852 0.022006154376744715 0.04548982387721755 0.05499184847551367 0.01695883116919876 0.041254667632339995 0.06125546406243429 0.05696599908474428 0.0740491621189783 0.021458272181274045 0.04191192669389557 0.05894337948738906 0.062209384115605365 0.07173886649456707 0.0716635464201014 0.03735005500698589 0.0728716592675321 0.034288742566232155 0.026753007968947168 0.05222218271180025
9 0.07575246485808755 0.014627318513535133 0.003995266401278479 0.054452033063488586 0.050911697704944574 0.1090666298172645 0.012262257245980217 0.12425559955969451 0.08820531955210217 0.00803918468542662 0.0165323996162435 0.10408301472550303 0.12530907701980007 0.04034774682601712 0.08422401528195536 0.006317009115129436 0.01699459673990845 0.0033433580156550314 0.031059340660147757 0.03022167059783784
10 0.06856149906824104 0.01873495266243652 0.11508354758405355 0.02076516982830517 0.0012010659112495353 0.08631740560900489 0.07540775144002759 0.06894532466168081 0.005230376935902252 0.0905158542903551 0.04092283072221086 0.007136466957802332 0.08236042337622007 0.04593384306078936 0.018984844805293152 0.06119960033603295 0.1054726733110338 0.05815477065379354 0.009231649338787765 0.01983994944677998
11 0.08799643603045094 0.09351983353410295 0.004209165880090129 0.07626679611781144 0.04949711614040622 0.033157535528115005 0.08753963012231268 0.08342595178765162 0.08511562645830956 0.010834280665666001 0.022516072705988287 0.10266762186228737 0.021201799924626372 0.03968895710963852 0.02877617171276476 0.005340608090081016 0.007108432049469171 0.031182027237423516 0.10373142755338659 0.02622450948941779
12 0.06175503012811914 0.07246603833044701 0.0606514208305047 0.06008969477618518 0.0986185828416365 0.09819422677875032 0.06994558565487571 0.016797970534668156 0.006956893773543594 0.019056545485226922 0.009366744981004605 0.062240290973887086 0.06437854116940804 0.009884967626068024 0.013614399617506616 0.06483032729209 0.0781992221183219 0.02906037083768625 0.031698062451358 0.07219508379871249
13 0.04856718573890554 0.06946258647794909 0.026535375093556624 0.06651424401828779 0.06100363530832194 0.07834269115798458 0.061441881248104645 0.04501830350124298 0.01182290160561552 0.034411070142521115 0.08566678760857745 0.018590210751556584 0.05573479941497679 0.08137363523788474 0.061748591878658894 0.013642554813716448 0.0087847531724989 0.056152809561487896 0.06363356420299647 0.05155241906515608
14 0.030734696767354852 0.03969912424115914 0.015294965885577704 0.05810983578850728 0.000478445038232762 0.06677676614093273 0.06869425543675621 0.008037491253403932 0.05283298877496812 0.04837840666746959 0.07538795115418077 0.04078674367770918 0.05101644342042335 0.06870233214709562 0.054777984702720564 0.05463417759197057 0.03823994318163824 0.07781699535148182 0.08259027062974379 0.06701018214867366
15 0.02505808437825036 0.02572561250753654 0.062381861611375954 0.11268410296894714 0.1080948557120045 0.005706766846421316 0.11069209805225326 0.06875863654379712 0.04436318319643058 0.0004649958252283482 0.09199202819973072 0.0031922120770083344 0.060389340092491646 0.01851232751495505 0.045501071154239514 0.11974298007767177 0.00850286988643584 0.05706994368924708 0.004701968676581072 0.02646506098939398
16 0.061415132022609106 0.05420039554258066 0.11028786968134405 0.014324589152966565 0.04257909135678801 0.02830894284474173 0.044745935982620555 0.04998861873087226 0.04857463389278229 0.0998218032052713 0.1219613538693862 0.027200180977786002 0.01934103351708437 0.022892227922368023 0.05613923416836376 0.11795353155404395 0.039612377197913606 0.020006720866733333 0.0021805956587446227 0.018465731854999418
17 0.016538770613695 0.07336795108412732 0.05391126552791951 0.06368196406067607 0.035167228418819675 0.05544580338871686 0.07071794345055556 0.07562889256814827 0.005571770182864171 0.08406841886036057 0.01685351574525976 0.03879153045525003 0.05995232494881784 0.06938205277246123 0.08021275693122178 0.02111988356751867 0.04287641739916758 0.04575347776332189 0.030437701652840602 0.060520330608257455
18 0.061335356405401546 0.04101904166887351 0.021818568862790176 0.04966948418548209 0.052425635309166774 0.06796911080151383 0.055556813537147705 0.05636449977058257 0.027598294291747368 0.0803745800260301 0.01485524710003375 0.08598907011251224 0.009022241100100805 0.08046319542865471 0.04772288835031973 0.023663401305162857 0.09157051980755754 0.03604604003620207 0.08492449032568226 0.011611521575038431
19 0.030804811270304835 0.07231634158287634 0.08139043240654603 0.07464197380887957 0.05041857470296093 0.03711637188486778 0.03506452832952837 0.07056320764973951 0.042850043031276284 0.07085588264881067 0.026995294040138767 0.028982232840892165 0.02433022161280282 0.06938715986848071 0.048726671046467565 0.027883354087747978 0.02949655810345021 0.042173873031341944 0.05844130263816831 0.07756116541471922
20 0.07875397043879301 0.058137593933101486 0.050290719163344766 0.058583447456731795 0.0594289128880275 0.07343335727095904 0.03961762032240858 0.03186504884009663 0.06843719831117273 0.04078818293256609 0.039557719863219445 0.03119592110254336 0.021542959399965856 0.07895918636542379 0.018838657589915774 0.04057562745781452 0.07319712912557215 0.0019177107605642743 0.06005227572881466 0.07482676104896474
21 0.07338195132640618 0.09022803764420696 0.09049687834005289 0.06894670081581053 0.002775208066933474 0.052350083281538486 0.07217042538879868 0.025349581585380993 0.039160761824005776 0.021978852261472778 0.029901055729243304 0.0032410510281493253 0.0755326328498608 0.018292433068142086 0.04910968794693526 0.071185493615433 0.016286619952400053 0.05787713932810417 0.08363221084947044 0.058103195097654804
22 0.06000924900134032 0.022093365718432588 0.050946079849443056 0.06169851204694799 0.1124550320874972 0.060940198844691304 0.028217880403872967 0.015121206961653833 0.025296776310185978 0.03840646976978977 0.08206083422395724 0.018346621311759834 0.0850470666209865 0.011777118529628339 0.07434020819718021 0.028872137718334835 0.07107648251123301 0.0711792824268594 0.03623807477932217 0.04587740268688328
23 0.002355684899175813 0.07393189222316915 0.004253541892640262 0.13050419928434226 0.09819512797907291 0.03280615303432229 0.017886586151052968 0.04481141510300906 0.00723998510124444 0.048156279623946176 0.10545416746300249 0.016485871497952193 0.020830142282366623 0.050096369253595494 0.07170396996039376 0.1269578082350385 0.03142864608413115 0.054792020066589564 0.027846685760948186 0.0342634541040065
24 0.017087365973965075 0.10006716346238839 0.023419302537546167 0.03890464388709507 0.06920584680542213 0.02532548935069049 0.0506609064208214 0.039990419982461424 0.0586914162177236 0.037761554866675213 0.002877842486010296 0.0917127512855343 0.04199339905242956 0.10161665864878383 0.09787369425850194 0.025146923918870023 0.012548365323424415 0.037316590050347626 0.07400904884733539 0.05379061662397345
25 0.01368744792200052 0.045895296418611925 0.04309422122201614 0.09985365491133348 0.04166731064421497 0.05267823909952207 0.003293873130154464 0.09449731465881665 0.10700303328912783 0.043539369041354796 0.006773974769359269 0.04426445965321868 0.04288668235637409 0.08450359120196332 0.02680625126199914 0.056128581635155536 0.003239125561380098 0.0870204805563279 0.021393048068649098 0.08177404459842016
26 0.05078664598535723 0.023425834040762823 0.008621159708297877 0.060718522620552495 0.0169613567409637 0.0364697440470229 0.03971867420623627 0.013844145772197924 0.010085762569742465 0.0010876651864486434 0.08028110579579098 0.07081521351026894 0.0823136302621046 0.07698050056789382 0.05587112020976044 0.09178342039223106 0.09414002939204293 0.06350404717275947 0.018477838887870277 0.10411358293169523
27 0.08910449986662465 0.04076840591409271 0.052879194001740244 0.06805456325055366 0.003454178243709674 0.05069791782362387 0.07205677643515987 0.04321492623552845 0.033801102265349006 0.0012576829483272622 0.05123333411421812 0.06284935292814331 0.010818334679851818 0.05407996960494459 0.025707301179494532 0.07151055132421874 0.0899591432979665 0.07142257314608082 0.052727327844349844 0.05440286489602252
28 0.020057126506965336 0.08043938533854461 0.045699097995797085 0.06654129153246488 0.06105319123509025 0.0026606069438382695 0.04804038829359974 0.06890717231810063 0.06123076313432033 0.05430408225879409 0.02901444531915289 0.0479424533511294 0.0236181519339878 0.07767843814964233 0.06432754876955102 0.07530481930020998 0.04172319024074274 0.014211892767368228 0.06064708126524562 0.056598873345454936
29 0.013967992111256046 0.08807289184065317 0.07057346658781222 0.037269290403201864 0.03307457697491267 0.02053705235744247 0.011471012069692416 0.07122045512589513 0.059744950194885536 0.10820271725766889 0.07266369080997345 0.07025435173912715 0.0673692683102118 0.037160629952658314 0.04960184844186435 0.06874977397855725 0.04304654447572617 0.02925879479838736 0.026836889885599888 0.020923802684473712
30 0.06275965000171294 0.07980163836587945 0.05928521700633271 0.04131484763165316 0.08216686875646968 0.032156254044087174 0.08448873454277799 0.0503300303586769 0.07869279409195676 0.054630470975940634 9.612948387343457e-05 0.06946002247848304 0.025732786559148478 0.0074975712386822 0.02498820769715826 0.047911977013449444 0.012789604383971588 0.07921395792834104 0.058652575239825096 0.04803066220158005
31 0.07548463686184738 0.0401513843484203 0.08615657045319261 0.05644224532997522 0.023489094123315638 0.0001772937400529996 0.07634102469302499 0.013357467930705762 0.023092074053235816 0.001202030351929124 0.0818553177312627 0.019106276668610887 0.08233729071804106 0.02073165457459315 0.0599158097745598 0.0844060912011179 0.05851741425994005 0.08770510608826265 0.0582350522490359 0.05129616484887613
32 0.09205641243447416 0.030673332895937263 0.02846645434870483 0.04457398794982442 0.07414174990910381 0.014765503425211346 0.09746633114454653 0.08848008134007017 0.013767713760341155 0.06598714377903447 0.03984040558314658 0.08045375279416399 0.061986924474794744 0.05886682382267088 0.009439655552580944 0.0165405432939435 0.04918064950696705 0.01790088074175931 0.09286912692789313 0.02254252631483165
33 0.0382535003867353 0.043103709986314555 0.09449598509089163 0.030005241565728112 0.05808446939046039 0.04975722428482888 0.049115419644668264 0.01051236782571378 0.07627914088859422 0.08817543829008719 0.0566283402347348 0.003986244547657766 0.05672606786007415 0.022444176304955835 0.08514988408837602 0.026615095045443467 0.07476034808336252 0.0261911411207899 0.04339524459981431 0.06632096076076902
34 0.00463800809163495 0.09176150985584992 0.03610133761475681 0.025154822093671345 0.011160301478187628 0.06677059153610827 0.025508915783327216 0.03230517824919517 0.09718848875629237 0.04525442171215366 0.09551415027249748 0.07791029192147246 0.05411724092612154 0.08997649174944494 0.06081362710544146 0.0028568808218244215 0.03573620967124048 0.043029918955626724 0.021179765135095455 0.08302184827005792
35 0.042071940374605404 0.04467054546683382 0.027785783576408807 0.06739866468195287 0.0769448080229442 0.05064726351492199 0.03304993009772752 0.04181048498656086 0.02921447227255513 0.04388246081596355 0.05732882089026915 0.05082393945985731 0.049655318158242485 0.07592487513562216 0.05684703047973412 0.05725500539537297 0.07849395089221983 0.04223577725352247 0.022651383509197126 0.051307545015488364
36 0.025153120659437048 0.08645380079397863 0.08190984631332333 0.08120557159158331 0.04344804873426264 0.07723862456266273 0.0357510678015058 0.016225359530128616 0.03170417632517984 0.06043817770928909 0.08319523038818688 0.019048594853821398 0.02953630708775895 0.07947697030031316 0.03985893455664944 0.08215390470586481 0.0492679545726587 0.03511580460851569 0.013298430017223249 0.0295200748876564
37 0.041840935330241844 0.04181867171601216 0.0004181310487322933 0.04168453033532455 0.09059751771301117 0.06698093264070382 0.017269934338299014 0.08528993419946367 0.09297395313073413 0.059537213472322666 0.022220696225522994 0.07918802819246282 0.01811982660236035 0.030096988170667735 0.03977845450797918 0.03211058335361373 0.040963882010289734 0.09222092150807236 0.0940919201376451 0.012796945366540979
38 0.052203459079030644 0.018462820444312963 0.04910169469100571 0.04227851181014512 0.0058968543010196 0.03681614313222638 0.02632541670026063 0.006617628941207324 0.07356269851223517 0.04030183297089866 0.031673122120327045 0.09910417230755389 0.015372275690944102 0.10697803926888895 0.04295909915001526 0.06906284127339105 0.08573173261685565 0.060490101336401675 0.09608036134971513 0.040981194303565054
39 0.09213062832572212 0.001383521209270124 0.07979479236087778 0.08452535393394868 0.07763501656515542 0.09930363993952683 0.06343336843874868 0.02921040291438104 0.07324835805006343 0.07026462833562047 0.09175702745149149 3.17903704452607e-05 0.0843163801322823 0.007868422847068589 0.006817693822277064 0.03017349662252161 0.06363593011764512 0.0035911885250201918 0.020423910318519593 0.020454449719414198
40 0.007595409890167545 0.05319332835908428 0.10070709586722845 0.04667065849053861 0.06470824289553462 0.07079845783582842 0.0879621783656299 0.040799656593669305 0.053694237592100826 0.03897461149499725 0.022657029852605596 0.032365198275101016 0.051912272892665465 0.03804393285291075 0.056028930370060744 0.023371519550619415 0.01458374033773632 0.0995982690779563 0.005504074448328559 0.0908311549572367
41 0.013953658127715846 0.055508934639476995 0.07260377119270817 0.10647668278319099 0.025754569352000458 0.028375997444518148 0.08357819663056625 0.06815938234224463 0.10752678431601582 0.06212025995666186 0.095841383977613 0.08953811796865065 0.0268454382455851 0.010426091721238996 0.019714945497048546 0.09627261372696626 0.010893922813230353 0.00857790626433183 0.005989617715229978 0.01184172528500587
42 0.04157285096461975 0.06007460003495337 0.09229017476433438 0.0184257222889837 0.058084629253617626 0.03890965098048413 0.04293874916680756 0.07730803784804842 0.054625674415240986 0.041822720736519964 0.039982514522475365 0.04827292925355118 0.08592973796501628 0.0063793260098344105 0.035855488468358655 0.029971989418062728 0.04690399937451235 0.0662809205061497 0.0216196076406527 0.09275067638777687
43 0.06321850523744389 0.03252845021534139 0.03667255635311575 0.04156274471890169 0.06871182197512572 0.055987880770251304 0.08105885924853214 0.03458483620010357 0.07627958740614857 0.03731182087578773 0.007167256736002818 0.03421433154582427 0.0162596742417728 0.028169917838715083 0.050900609072729266 0.057900444261632614 0.08219912840001616 0.05322416103205833 0.06613967549231313 0.07590773837818383
44 0.08412745854514048 0.0912290067342509 0.02117486559359031 0.08884868195795645 0.05616719982981783 0.03664444417186915 0.03242702917578995 0.06040564966661228 0.06982252593472965 0.06463948774914316 0.044778718709412475 0.0055653287357034014 0.05771932379273453 0.04702798295673988 0.021162515468749754 0.035764168768046015 0.012188421855673254 0.07415762926312623 0.05835540927586163 0.03779415181505273
45 0.041538756983882145 0.09663909319407181 0.041551165599060115 0.00925860422032313 0.0827987698633613 0.018844846791519643 0.0054779556353584885 0.09750536056808208 0.08409669477246605 0.013586879189268824 0.07422372147710264 0.03764693918292196 0.09917898980228025 0.0772610294179935 0.0040574606185067265 0.005755560536073566 0.01132374001369084 0.034427532057612086 0.08470698226506855 0.08011991781135633
46 0.015967758744417488 0.06870185264245354 0.07773935246980099 0.008667601903596384 0.050430735801486784 0.03031478410630645 0.07782733825909739 0.06452279097471678 0.07348941295605987 0.026716362328699138 0.057213817914931915 0.07578885224422896 0.04220667888834182 0.010818908910064633 0.07501116527597845 0.04869691140053451 0.05686200427989972 0.06239696082185728 0.009216529194931388 0.06741018088259666
47 0.031725942879654516 0.08446574678973795 0.08732167090671925 0.017969529222144297 0.0916747525718692 0.033955984627164766 0.053812784537962094 0.024485459171314183 0.04005152283272439 0.007917602473823556 0.009225553249874969 0.09556073032252685 0.06276686267202779 0.009085769696918652 0.033817478438254306 0.03266879818366312 0.06744285587594723 0.026152813442649008 0.10224016956136499 0.08765797254365884
48 0.07338196441566673 0.07128270756916688 0.06348282148919193 0.070542620568796 0.07272423722802375 0.08863574779211351 0.039302667039484346 0.03126674731949035 0.027358391875424735 0.08783218490711463 0.09121876570974292 0.07589750417580506 0.03684392043724314 0.0008779374886941597 0.03984698931299317 0.015637801655936232 0.046916500214243505 0.009999649913305216 0.026919393361920906 0.030031447525642914
49 0.0622392661526254 0.10017153228597875 0.050423391664679955 0.07230634091641706 0.029299743011907287 0.04317880820130012 0.05506830948582349 0.009375856694348077 0.04612920685752391 0.028839210373541726 0.04758745281221514 0.07431668831743807 0.0647775985556461 0.06487523427348656 0.0833143489898954 0.019321885519757605 0.04819051362934997 0.015991228320715728 0.00304561588843669 0.08154776804891307
50 0.014335931803273182 0.10160704714959298 0.0381454531072754 0.022131206645877404 0.07663889716928836 0.05191669371149092 0.08378346976801314 0.07530006091272352 0.008244149678038671 0.07282409648180678 0.09223562271847023 0.021869410800760335 0.028754407198285724 0.03382694945005856 0.07668004544841808 0.0511111095650093 0.010790282411278416 0.025166878598369028 0.03877770574708385 0.07586058163488606
51 0.08399904132382455 0.07990929816832494 0.08011407700169479 0.003891009192468085 0.037931809423070194 0.05953260680642249 0.019042159066104854 0.08182002971199545 0.025666903723634803 0.09303783018933293 0.008500193396917837 0.027106424674349122 0.0809619199598094 0.056132084423238256 0.06121500179612417 0.0175266233844507 0.0746850871752606 0.06107466830560172 0.023492496028238087 0.024360736249137094
52 0.0815767557273345 0.0010391314099808904 0.02935700810357034 0.026615145178392707 0.02957223053280415 0.005522369427319149 0.0836968928500163 0.030787950889006963 0.07472766098585581 0.0055796319914226886 0.08477818979629147 0.06938925968937054 0.027845245831186003 0.07677421548312345 0.05522511301096055 0.030723180720470332 0.05953449724467919 0.09178899157973208 0.0937105032564503 0.04175602629203245
53 0.06487118739689998 0.04239303538689572 0.013172959376275257 0.07699758821144127 0.07129753314237788 0.012933849570394751 0.06816303110293673 0.038960539478442524 0.04279324530636549 0.06634073732467691 0.07661031199846412 0.08371638305717168 0.018362393530510564 0.05514846468612051 0.06977446562872454 0.012351793248229725 0.025862186950627992 0.048330951036419975 0.043541485667233294 0.06837785789979114
54 0.08423158388546234 0.045419743867937915 0.06813173632293804 0.05121735776417684 0.018983542926755727 0.018800099121227553 0.071787261393121 0.044251549340959075 0.07819638574799401 0.00154540218833432 0.09111377611647796 0.06135930123268631 0.04730613513138917 0.052930902422435866 0.022976843313772474 0.07609277812347726 0.040985256431591656 0.03170092370363892 0.03998944657567815 0.0529799743899456
55 0.0753125490051956 0.027648768746872138 0.06067944252461366 0.08280039542627796 0.01826054518382568 0.03195941781588433 0.03494138229657468 0.07056162068722766 0.06351839240257758 0.014841145880702207 0.04540011358312758 0.07241199888799617 0.031025826535401643 0.054201080627650396 0.08062203075252206 0.02009788975309509 0.08193517926059377 0.03523812532914284 0.004740587526385954 0.09380350777433305
56 0.0775326423875324 0.017256979608939935 0.004538543523798626 0.025322950989031392 0.07213459719431171 0.0806169347800725 0.0009976247150030137 0.08425381128800387 0.022807068384424263 0.009604115488808662 0.05458080194799175 0.09206825122653596 0.0905009661039591 0.07754040022011072 0.01891276402043417 0.05908995645409868 0.03912998160863933 0.09343230107829768 0.0007460032903240288 0.07893330568968239
57 0.05306290765897442 0.06990680105802047 0.05911545822191398 0.01920214838129039 0.09698050898057245 0.02535636054517594 0.06006731121075984 0.04738227401606347 0.013764207736837382 0.011531103176118069 0.09763664718760368 0.02327065460326387 0.09740366448207369 0.006169734325663072 0.06875012181790262 0.10302775836162498 0.02852292576497753 0.08299856005965883 0.018481261094024575 0.017369591317480712
58 0.042579766525375706 0.08287687071620586 0.07234568089077674 0.06964967407956364 0.018895344296231156 0.05032283244581112 0.09083959917550216 0.01636838172626924 0.07200504426013529 0.042851949728923845 0.05114791060762965 0.04613456431751194 0.038512792113289715 0.07054593338851178 0.035075809079216584 0.01232876605120669 0.05445172988092839 0.009585348412209463 0.07328638581296776 0.0501956164917332
59 0.003537373521681891 0.0641726436181586 0.0474908322621451 0.03536080931868471 0.020919377199857734 0.06832133557041835 0.05386872736210791 0.028762866534181128 0.05442268028769589 0.03863264992583229 0.058466262469173746 0.011372939317117588 0.011225969677824674 0.08060000661552943 0.07262479332383064 0.08478173142849058 0.06001586131188149 0.06801677473274029 0.05246800310140356 0.08493836242124413
60 0.0027984426304672474 0.03162144846854784 0.04507234667484241 0.09573019757268374 0.0442647406271348 0.03612268212383513 0.08528103739777776 0.062286516007395855 0.013224194335002958 0.08267734423952262 0.06599984406000407 0.06362978350675168 0.015240423270193522 0.004097974148958635 0.010784394456724267 0.0032387160885057878 0.0855958292009899 0.04822049150418915 0.10030919190654113 0.10380440177993135
61 0.028757677051351443 0.09149171766689099 0.04843298510183435 0.08712603676721102 0.03698342668226441 0.040527244193736475 0.04570177467063739 0.07213470643163862 0.009147594515114852 0.04761755117975159 0.06715626571233009 0.08855232629858584 0.008293414485835156 0.0889470803147548 0.04578307053886003 0.06080830777808053 0.002627195520701724 0.061510666323345876 0.009820181829564439 0.058580776937510265
62 0.06469802635652246 0.10623018978208869 0.08355790313670092 0.010740569234191493 0.05297057401733589 0.014775687779712277 0.027773951595725165 0.07155132337872892 0.0438199552618758 0.03957291309721438 0.07970827659217551 0.05816570339978536 0.04158823809380202 0.05427690166915361 0.03153559635761307 0.014487419145189999 0.088600574871089 0.025130999574772078 0.08473029793928628 0.006084898717037006
63 0.10132979304396261 0.005229689829390525 0.04271490450551059 0.011530742354315886 0.03584807446623094 0.05964397193467314 0.06725725772749279 0.04889329722369222 0.06525811154880545 0.02256969996543953 0.04242165266476455 0.05104289177185509 0.048468735710549014 0.029094546703622944 0.022821569288249723 0.09519136509174998 0.015552219044399988 0.10807461733030123 0.028634914134023297 0.0984219456609705
64 0.07124861451202899 0.0401750187649517 0.07604683369083162 0.05820922850946031 0.025703924990305608 0.031928548372616744 0.06821542767164254 0.055487113604438414 0.0025565999462791146 0.057342350806690666 0.008020454301128513 0.049222172694398124 0.07534198568363808 0.0316943945454182 0.06969576958259573 0.07415102539765615 0.020348830681979364 0.07523741427352328 0.05679428909214875 0.052580002878268105
65 0.03683730588545711 0.06557228728945803 0.02759400513513617 0.1003740537830252 0.013393102231333522 0.05946423610728191 0.038623846745627355 0.10045092753161104 0.021283346444526133 0.04641981276578881 0.04373532868790476 0.0010474403598372565 0.001259778265824924 0.03128116237289315 0.06422594880084295 0.05524508233249322 0.03689156078485074 0.10558282688799447 0.11102170105370364 0.039696246534409646
66 0.004441453883064694 0.05563476319600159 0.054041527191934176 0.06776947248454253 0.055457743958277225 0.034218673741318394 0.08030799872364311 0.0447722780885095 0.06919142396855861 0.07886745498643151 0.07523291761457161 0.07632539258718758 0.012542591977408013 0.06155622677323816 0.019478857491800193 0.03608655008913179 0.07978645159182693 0.020120066019065862 0.016979666624669175 0.057188489008819246
67 0.04580757514853945 0.03438267564413108 0.07322057145969173 0.08276026810947938 0.0005571681998994495 0.022121803612779517 0.024419853923245426 0.09813586607267788 0.0049245074347371125 0.07975606529665846 0.0732171498838642 0.07843426700908575 0.033654286203613284 0.009345573775884549 0.06379682175117833 0.02303699271215768 0.09680516689809207 0.07905489850769806 0.04077443204903202 0.03579405630755441
68 0.046239067456437424 0.025351232652375946 0.058900685447730854 0.04841883336689316 0.07220918363452121 0.02633700184294151 0.013283667336451518 0.023726675983877482 0.0642714132093603 0.0669591303973087 0.08718729350864121 0.05165690455330896 0.09486426006530962 0.0435124043090346 0.058001368854524164 0.02947453639029427 0.10490570561734171 0.0014030087129060878 0.06930105183883231 0.013996574821908738
69 0.01245203036415523 0.06131341316196521 0.05295341028767667 0.07899084807616205 0.054528858715729586 0.08565938769548609 0.04931753568012627 0.03347697670298754 0.09194828366596042 0.06060679487857398 0.014373883110657983 0.010229812955694311 0.02470487395381018 0.02473225835797858 0.0502881828674078 0.08220091767896799 0.08344026036423074 0.03254050708449938 0.042552597084058286 0.05368916731387168
70 0.03939569884251262 0.0712163116392321 0.043340445743646004 0.061620123435463636 0.07710748807282553 0.08394934495651031 0.030934694368255324 0.06808390729919273 0.011935304264765538 0.026428777275931462 0.023720573107570763 0.07551275334155126 0.0679898574961666 0.015110084864884231 0.06329685910508848 0.05424585975499346 0.017458344137345937 0.04614316582404146 0.04004952246502195 0.08246088400500048
71 0.0392122035899135 0.08801130241399571 0.03618100956473359 0.02624954000711401 0.05471315047013541 0.037183519740168904 0.05723281236708226 0.015853070418687686 0.01715914684116596 0.09415820809517571 0.023919129593300174 0.06789545940838765 0.004288591650031468 0.059210803092023916 0.08544348661861287 0.05080740009064597 0.07521512267154717 0.09292301198909482 0.03321021257931619 0.041132818798867016
72 0.034903450548443245 0.06315078571387583 0.0275468569450328 0.052657046158646026 0.04943363029644247 0.09531710190843391 0.008804615819497333 0.0935383603646325 0.097276225563731 0.0031232934825266077 0.019267672426708515 0.020790075339139333 0.05375587645824141 0.08279221543239404 0.03874182090665806 0.04642592605630818 0.09723229716132464 0.027124585670649598 0.0754789283946227 0.012639235352692041
73 0.07147639635504145 0.005347469004238835 0.06560120851509266 0.01240434253470017 0.06597410228322807 0.059199639412267906 0.06200004966799554 0.08541935590461508 0.04553810406326889 0.026505518127758254 0.03812785514203328 0.022065206008305478 0.06159020335659365 0.08758572830688738 0.07103400235587151 0.01599283814121335 0.038244779519157356 0.03935791312182976 0.05840651875888425 0.06812876942101702
74 0.031502101192879946 0.016697833153820334 0.1064429402341676 0.05696350883700894 0.0696335123849854 0.03580068901316057 0.08357390149015562 0.09564800713407591 0.08921396799619911 0.021689582417551617 0.05190501544449686 0.015121379782364951 0.047403844245173236 0.09080858096495119 0.015676252513301556 0.0555503039935077 0.011136022681990689 0.029613307551412876 0.06150269951309174 0.014116549455704128
75 0.051802650765814945 0.0024455505094836427 0.04535294966464642 0.08913853856049134 0.032886328435140534 0.09377774161886647 0.05241562532572238 0.07143380504584668 0.015099514929121967 0.06618681549357795 0.07706146710991114 0.021736606819630525 0.04126709504407492 0.08312446743171574 0.05170783839002669 0.05375426944754173 0.04861894407915184 0.0203957112291744 0.06733415857438527 0.014459921525675412
76 0.01517677038517708 0.03992324196244644 0.030452550112404286 0.03424798224390102 0.03768778378123097 0.07525428294414548 0.024185322509149544 0.05232956469332864 0.09342194791156652 0.019810709417133077 0.07248554482795581 0.0860991928236014 0.059189051778736165 0.04546064922306559 0.05636199409917367 0.01706761230573809 0.0902225071054837 0.04344603853937627 0.041362543226913816 0.06581471010947237
77 0.07906525611523674 0.0625314309948758 0.08981540766958566 0.015823148949502333 0.0406275170880587 0.010973199782903871 0.03557688949825138 0.04581898419172376 0.04156372594122445 0.0204764315542387 0.023945693339210483 0.07949367891553194 0.025296357295007822 0.08273221596565182 0.053538778257392075 0.05208168450589655 0.05927720326721251 0.04437029361003935 0.057472010600881696 0.07952009245757445
78 0.05138368989099614 0.08525304081248794 0.03002435393602293 0.048983068858312426 0.02262724540203604 0.07789961432816832 0.034188900073763004 0.07447605839101272 0.052319151588907084 0.05651983950519889 0.052709437066202826 0.017900450593411114 0.08073406432129976 0.061535713501915605 0.01553862782438867 0.0076785332775575746 0.03868959852146375 0.06833975296314489 0.07209515640000289 0.051103702743707444
79 0.07184478889993309 0.04993833031140794 0.07885374719219553 0.08690050825455842 0.0334475070838533 0.018780680587650735 0.0381829514845731 0.018851526442113204 0.08474115219085371 0.0205398940024718 0.06336936258340023 0.0378849630363141 0.06068983892165091 0.028613728165035515 0.05219253427942803 0.03276847240685605 0.005105088901697527 0.09722582115558633 0.02921288006088517 0.09085622403953524
80 0.043609592793874365 0.041893445401157504 0.02426579851567858 0.05062476447234888 0.039211917056837874 0.1102332015993133 0.09998159394859875 0.04273837462170023 0.09666289503395506 0.04830003425877494 0.10465818442300918 0.00773048873516683 0.09198441199583575 0.024477351104152046 0.04838148519204387 0.02299079948394748 0.022887243106812567 0.0520385941190184 0.01703982615591801 0.010289997981856615
81 0.08325547594948694 0.06746037430478229 0.0015349161502459247 0.01356189722810185 0.03936697993686501 0.07381801963279803 0.08353128685410392 0.00383242982745213 0.035063417067402736 0.045949946926063176 0.07601331285355052 0.07542514929678765 0.0030902027754641827 0.006250572161287716 0.08551097207633265 0.08032986901196316 0.05462950173421332 0.06751600081135249 0.03797863336200978 0.06588104203973659
82 0.07998201382958886 0.0183226877570703 0.03320406329459105 0.06590772005640161 0.06723061780270162 0.06998386444299752 0.000568073531091039 0.06419904817808016 0.06947617360002785 0.0641300242099455 0.04171771308238603 0.08689554903242441 0.025274488273960866 0.04683686569228867 0.04022406425156023 0.02317020939664274 0.004236041106669653 0.04275858299390151 0.0873740063334674 0.06850819313420288
83 0.050151833094111184 0.041923100025926155 0.04060756535426788 0.04800232187692195 0.0829593876902131 0.05398623032487623 0.04406299479356771 0.08603471045378046 0.05042603490065464 0.059451895751698715 0.03341808440099269 0.043669115299553446 0.02424259543851327 0.009526652444659903 0.06911905495519166 0.06786864261332239 0.07075356415000779 0.05091637846601975 0.07262840834826112 0.0002514296174599118
84 0.027383800386593583 0.07136483169298113 0.030963112225810215 0.07859491085062732 0.037528842704100486 0.03634883432469467 0.07564308005295545 0.05409099663722371 0.016456442408989597 0.023261471997586478 0.02111828823809726 0.061398731609361046 0.07648574773020202 0.033139830704906156 0.02424311358942521 0.07107950315168793 0.07789082448850736 0.07214750709406857 0.050217820005064584 0.06064231010711737
85 0.04788394659679046 0.009063593218616765 0.07784939242768471 0.017187076365864154 0.008671281656383232 0.08467970843445422 0.06413775598798037 0.07300337986738252 0.06982197241848927 0.06724479889552641 0.010142980727460022 0.027479295821849863 0.06683203007669984 0.06437298237070786 0.07852408203929295 0.04111713335406837 0.03113349312842872 0.03864457243965622 0.033101794765579486 0.08910872940708474
86 0.02491215229407471 0.03735125613487405 0.008445678883938696 0.05071163321755884 0.08552267307243536 0.004771689907035989 0.04807285908185568 0.0731175549629862 0.07289460109343848 0.0824281348864487 0.06731972479458172 0.08916621418803165 0.07134958710286117 0.039646412293049 0.03253984690150343 0.03264917826115309 0.04740723636326213 0.037575396719659024 0.04912741651581023 0.04499075332544183
87 0.06302174834704072 0.014377320529319655 0.07542505274945834 0.016212649031297106 0.060923708420782326 0.01246555805376238 0.009923125348762201 0.08218380732866801 0.05465815862066437 0.03665885123554103 0.0030583474542601654 0.050900491821438514 0.07661675196107569 0.034071218476980775 0.07694507942257871 0.08687639445553436 0.06604591730536936 0.04170996191091062 0.06201329339996655 0.07591256412658917
88 0.03221827945708005 0.07361992141645096 0.0759392498074898 0.027735348948234064 0.0756924280254208 0.05092751231887057 0.06058070138894218 0.06476877397013368 0.040686800350892775 0.012817650129482131 0.051786888904054536 0.05811590001967113 0.023540987810290254 0.03799733126532254 0.03933317742284286 0.04576814014735041 0.03696118222710063 0.07101426692145553 0.04958972094415998 0.07090573852475512
89 0.05028094727589912 0.08127030802457914 0.04681387437728918 0.03875665962270095 0.004028709794762026 0.06800484764035333 0.05845641307871165 0.007917112139405347 0.028290862061761263 0.020477453412024452 0.03285264878701307 0.07771183041582665 0.05814407410681455 0.012743679861408489 0.10591080049691028 0.08999350678130923 0.07107722459959216 0.05527998113640215 0.08056424776442801 0.01142481862280891
90 0.02785645716974294 0.03425756181123543 0.0014573796970516859 0.030006896948742715 0.05518998078287279 0.08945487142355786 0.06582286009997299 0.0074855333506881885 0.08966755627610767 0.036794649837618223 0.03652346669251623 0.06675495385754089 0.08563640902169456 0.02822036422915586 0.03983273007137035 0.08661946735249665 0.03972137886333759 0.07580581550194528 0.05414757893593201 0.04874408807642019
91 0.07389467681415676 0.07534591585321908 0.04679133255496204 0.07474828985282853 0.07010697527781348 0.04962614875055521 0.024620270205385368 0.044701150774823076 0.03771267875254281 0.05573033125729553 0.03274003741268636 0.06327713721802218 0.07359402542384076 0.025961043141098664 0.06119333716498115 0.03230462337880936 0.060707489021884095 0.04092468496539952 0.02565919856363523 0.03036065361606102
92 0.011868597882935792 0.06088422171628509 0.07924420193236069 0.0106616537301296 0.009277515934275898 0.04513299965835037 0.055229805690856185 0.09826656194586042 0.06434225306549406 0.0554793495209764 0.03412689722835024 0.03331356680467635 0.09706917532631183 0.08170214695276899 0.041869660307004904 0.08984224763868015 0.007319052872859117 0.023869521371704106 0.02911128696530391 0.07138928345481572
93 0.04699789191534817 0.07944578706049417 0.07270761318305681 0.026278891295283904 0.04213202549986521 0.08991577613204117 0.09204764317759902 0.06657940962066494 0.029610836457529092 0.027300721915192054 0.044738240534599655 0.05574429761633873 0.04707924795237462 0.04295845131731096 0.045913512717131205 0.004605709691084883 0.08757383464448219 0.0016696330410014579 0.0777768300448452 0.01892364618375658
94 0.052306430902851093 0.05546351074108269 0.028547684480652896 0.0358561650663586 0.03952067001204406 0.07371862512973802 0.08259153024470604 0.07739813158157463 0.04137549033848665 0.06424871724571904 0.06687037140510917 0.037605613880029795 0.014916911908958821 0.043754884020980295 0.07959094702609515 0.016252673797991318 0.06508491370080459 0.0016852298096362395 0.06899717726660298 0.054214321440577765
95 0.02529099071509149 0.07667066338419651 0.007582860586514568 0.01145455412788021 0.021540435681466394 0.06022177032807133 0.08341514391457462 0.08721945873232242 0.03786806777466068 0.0863638904325574 0.0856900468790013 0.08542762863780781 0.0711756383929191 0.054135948843999006 0.019036157692148847 0.05555101829994964 0.037520539466088944 0.03637522172205841 0.03304027847943556 0.02441968590925567
96 0.014144052728079474 0.00365383101289474 0.04701427619531773 0.11453741402741559 0.020977980139932125 0.0018574526558225505 0.034020259580913564 0.0724027641461842 0.03693797049482415 0.09190015198478792 0.02620912519085054 0.06084708790482976 0.0726701265694258 0.026287141635897886 0.048503046598573504 0.0542717451976731 0.09131877488662166 0.057435626100424665 0.10946149103193406 0.015549681917597084
97 0.03767160936484372 0.06776176789728212 0.016235242051652173 0.07798716067268728 0.07648704999322552 0.03520170731058989 0.05381546329239498 0.025054005646323825 0.04227828362857002 0.02945360931523543 0.0636166162751714 0.01989471279431208 0.09085651855399207 0.034199440615617006 0.04299597859258917 0.05176670058688827 0.029991307601212013 0.08255466189049267 0.040432871917060034 0.08174529199986007
