0 0.07940821066349309 0.024417273038370182 0.07374587883835346 0.008153270835193483 0.06638814336631745 0.0392607335469154 0.08955821380640948 0.05076816212158549 0.06458901720914441 0.07868248111300102 0.08152328596537572 0.017478564691612127 0.09234154564871173 0.01666934450826571 0.01663605117540034 0.004281730573331968 0.0833924202019494 0.06525025488998214 0.014168447010453847 0.033286970796133485
1 0.08940222991532754 0.006589220586176156 0.06365178822326882 0.03743463817546612 0.08855718128634558 0.03120649665038718 0.03565520208151116 0.06647451873610202 0.008593150348976352 0.07235681321587209 0.014645137731304764 0.08940507625791606 0.06843324081292533 0.07817195743876011 0.04613477107829192 0.024592199840239658 0.027714953477013565 0.04978898394926372 0.03571164289998643 0.06548079729486538
2 0.08722793904741798 0.05499843503410073 0.051925859297606014 0.06542842574524717 0.023114316117227595 0.08843117886276085 0.11780222312669938 0.0060728352189465835 0.02071887378261032 0.055446575384723765 0.017107250726160782 0.0510753284786443 0.0017693315309934032 0.08742614521651808 0.00787850243069869 0.052061115114615523 0.043893960186724625 0.071579915204165 0.016887509789995283 0.07915427970414378
3 0.10509243068843152 0.012165095583358916 0.03493927232855665 0.10905459233816008 0.08250034569655346 0.071876371661777 0.0449401705601142 0.0024675409086163716 0.011207748259652477 0.0302508839934954 0.037145884031721255 0.019481795585625492 0.08181582771308629 0.11019394644437741 0.07970039765359031 0.0005883601586316141 0.06850018470578392 0.057540301365347296 0.021889113958030816 0.018649736365089594
4 0.09232751674885752 0.04820288042400828 0.021400469765686318 0.07448477462056459 0.018250340239789095 0.016585598890641744 0.06157951135269639 0.06149460293597384 0.07850557053738165 0.050784326771700576 0.02733159267318626 0.04875188917526925 0.0018209371006357468 0.08157306133998316 0.04229681219149937 0.045231624010529506 0.03479845536599757 0.018933177142611626 0.09048348410273496 0.08516337461025232
5 0.08304765730509513 0.07845665876679525 0.02718383951155149 0.05462395808060369 0.04352866816204253 0.08221046228965875 0.056620394687223415 0.008784948238314749 0.0418654840960358 0.0602225240867769 0.03197854734162757 0.04940493902063314 0.03671190408040415 0.06824347270199997 0.03448261548148482 0.08230739060893304 0.04819634501813613 0.031625080215552666 0.05770086203442003 0.02280424827271087
6 0.08092913029537588 0.08659699212235987 0.05765214429862879 0.06710044077947955 0.05696985445088956 0.03918879423525082 0.022782832529272427 0.025309911696799997 0.04052644363953578 0.06718173138476766 0.04373386709312351 0.03281173562409825 0.044990925044750704 0.05244433332817785 0.00731909841728309 0.0835450478152186 0.0461318842800091 0.0807909429639042 0.02120326081731475 0.0427906291837596
7 0.04796795989013401 0.06699901086480708 0.07834530764591166 0.057242894485605156 0.059195961082128275 0.042697973121303925 0.05967776315616024 0.0034440717602574294 0.012300582010223686 0.0715774401635541 0.07835047022974563 0.015769700210239733 0.03996265880709513 0.07382868754459049 0.07482253969703088 0.023270484565582023 0.03386853857617634 0.08871643151506567 0.03694331115903074 0.03501821351535777
8 0.03639379648265858 0.032061770506682324 0.04010601232737241 0.030005672294791622 0.050296343061256826 0.06826225861339094 0.018115588637189158 0.0580883766569588 0.093408762189044 0.06763801468384935 0.08703332812809995 0.06818532913222976 0.05799231732049952 0.020996127856264677 0.020784977730575287 0.00850535759456454 0.09228741896444402 0.05251256688369819 0.06759602106958186 0.02972995986684833
9 0.04470545489494621 0.08342044125225931 0.0009381714194201981 0.10018616561661418 0.03795997726091446 0.021490729853488613 0.03333983486579801 0.03771318611627633 0.013892102016171023 0.09229220665241983 0.06842345195734845 0.012005997369949633 0.08598831265789439 0.01257840961355044 0.10063723420059785 0.09754652675947849 0.09314107227102683 0.013374968887648367 0.01980497175463787 0.030560784579559474
10 0.036560277928260054 0.071438114553286 0.03794822008611103 0.05510955008623211 0.018267898058663263 0.05923825087014662 0.020057057796385953 0.0558156628078226 0.01423889418564672 0.050555503738081764 0.06969129441348372 0.08199969118159842 0.06881145665611868 0.03587085380211094 0.07254038826584017 0.08130004748822992 0.038327442339946526 0.03985322349431267 0.049536193125423095 0.04283997912229999
11 0.07439345275443872 0.022483479417796402 0.0657787763328683 0.03878359642605965 0.057486257255080705 0.02779687782942199 0.09602463870085702 0.018017372397145515 0.02851429822989809 0.025291284588819258 0.06418096000089155 0.07652119480749367 0.053949382149827745 0.046282813970790426 0.001422685714838761 0.041446602831917104 0.03187782853419229 0.0703471220171274 0.0634560881548065 0.09594528788572901
12 0.06734667708042039 0.06186499259293447 0.08012978691530179 0.05331918972520797 0.10621199535220216 0.08310728623420423 0.04989096715585209 0.023501639258955213 0.03434304491158098 0.03924509215729547 0.015060442921178828 0.02914987953708872 0.08772571828042454 0.04899177867039691 0.0042837915622076575 0.082241801400694 0.049257261601193515 0.00132091666810459 0.06849249643929581 0.014515241535460749
13 0.006958507499498077 0.06882482232465752 0.009040513813626506 0.028171784464473004 0.06378940574307272 0.014409989615586566 0.04808572432064654 0.07850597470002657 0.043417938055101704 0.04856653999514083 0.06597468198826276 0.07151627718453625 0.0747393892446263 0.08431064438460113 0.04910292970860362 0.08732955858514607 0.07895158611177008 0.03353624852144289 0.035651254588842295 0.009116229150338592
14 0.02679747082524012 0.09082182345096115 0.04276936077863171 0.051099498987111386 0.09488778564537784 0.06736345391985425 0.07419574432860535 0.019923667066255927 0.02202653027770697 0.00277675780021423 0.044328915819052364 0.0626086525659306 0.005283201093972686 0.0184970633103771 0.02472049350378219 0.08189054378279945 0.03132779396427986 0.09636817937676757 0.043274481335790906 0.09903858216728842
15 0.08949367860758967 0.06334757999432059 0.02069361987446852 0.06021261815655508 0.04884317170495834 0.045522314322918 0.05959610636034821 0.02812569681507642 0.061102451526245244 0.08655898320528724 0.03565925607245474 0.07625556661798055 0.02031043186629408 0.04503451615152052 0.029969728113368954 0.04153967391702807 0.02805956133431983 0.07318314277953503 0.07007299210991626 0.01641891046981451
16 0.055585329849728866 0.07274618967231718 0.007064863353008016 0.0023319720459561927 0.07098455450688783 0.06115669144309744 0.10291160272106817 0.08960115789376266 0.019087933935449525 0.02820599779701495 0.019345544898445134 0.0532018864378512 0.05838391503925806 0.08366396614737993 0.07710003095567676 0.047726530373838526 0.017219857030850667 0.018393253830080232 0.024790976693469226 0.0904977453748593
17 0.0719438345174995 0.08655456621928129 0.08221725058141507 0.008336972398937941 0.09390732762917205 0.025236697116456316 0.0514649885984359 0.047168659835991694 0.019769645535785817 0.07197902954082794 0.04442303258502384 0.002804511511779003 0.08513551778021373 0.06454711894736379 0.02836701986481016 0.012146518722191135 0.02690827567783154 0.07828853867926089 0.0981117177738174 0.0006887764839051131
18 0.06800249822719868 0.013702704181578216 0.026105158456133322 0.05852974690277492 0.03257529359753731 0.08342605930840598 0.06086310351462737 0.008269315882843627 0.10736946136340433 0.07223367885621283 0.09421514481076602 0.04207563596560106 0.013130411804228307 0.059817928890728095 0.055823729301046475 0.03896012083943707 0.038273095163392265 0.05219146684481954 0.043634581058428254 0.0308008650308363
19 0.021737034939227292 0.052741178527852345 0.07785445399670836 0.04680861272225589 0.01805884719966168 0.09374987818780939 0.01289319240344087 0.05988863059166992 0.08539739203146174 0.06918568127770564 0.0024367221813865617 0.029578825669259096 0.03588733467163294 0.03745137752662257 0.045382492278054645 0.004090960789305752 0.04776064046344791 0.08185462989717329 0.08122949577671718 0.09601261886860703
20 0.0674853502911387 0.04968681807568274 0.030309542069908033 0.07584092651637342 0.005131400191752233 0.059926920001530486 0.10327007188939634 0.07298469198330847 0.038992775693198305 0.008916156925922328 0.0302184407316124 0.07638051234847282 0.059773078351437275 0.04584525915719863 0.03329926113671729 0.052044877928815826 0.004834886515540134 0.040534737103537714 0.08978454715244641 0.05473974593601047
21 0.07175924415409561 0.013306171605698592 0.0888103145977015 0.06447858489259471 0.04542826879808658 0.03556299785095568 0.0945135166793923 0.08225605523367356 0.0707013016439024 0.04603756149740226 0.05818832676174728 0.0301206308735896 0.018982575529375538 0.10368639084953683 0.0035187170445617325 0.016651803113006045 0.08624993191977652 0.010675636735184318 0.0008896347483942711 0.05818233547132475
22 0.05601600437769869 0.03660200729571546 0.08531884312082516 0.08149570572073683 0.0387007328370038 0.03488402636337117 0.053552173172319535 0.02187879014491987 0.0731593670599773 0.0004088666076952592 0.027515373005277278 0.04728270143217694 0.0826625325101963 0.0872411447389532 0.046879473591649776 0.025240265138604313 0.003322802402932717 0.08418617081659556 0.05890009921738759 0.05475292044596308
23 0.002118508315038114 0.0005244036308472257 0.119945107161387 0.021865018486631856 0.008469254621709851 0.1001617231142782 0.013308402545344109 0.033679168907461 0.033804880396876284 0.018240051863359943 0.04869317838608351 0.028601287637393148 0.0010877182306977813 0.09737978934480962 0.10913314426716879 0.042372262295012626 0.10374422884319667 0.1048300477986695 0.07135386929041046 0.0406879548636243
24 0.05461484517839134 0.1091217986810598 0.05435572561265498 0.013145442495575352 0.03150716735896119 0.06742261101407558 0.022657932467248607 0.05597092876546316 0.08452674715796643 0.043808145855023864 0.05065094152368082 0.020068320743733277 0.09695310110844814 0.07332755574936431 0.028170307750952955 0.05593845638221131 0.08222472918056421 0.02994279712445243 0.0016406528691236698 0.023951792981048593
25 0.06113839905338595 0.03539122527364584 0.07590224039433537 0.08167022117076399 0.06054870775318509 0.028955843590317675 0.07273452768979058 0.06973755982361982 0.06719217420233958 0.012608007916798546 0.0855008714884337 0.020806469370767383 0.0640686720167088 0.056409782539522786 0.006814368914967217 0.06687013885587283 0.003327810760286724 0.030336427715227376 0.08787922859114522 0.012107322878885654
26 0.025812851210154794 0.032792934801656376 0.06962286864211806 0.12245840215278656 0.009021504341694117 0.054246770132622205 0.06756841273350074 0.049620476785581236 0.07759648598321457 0.09743782096125586 0.043765598787569825 0.013036558263400643 0.05080078536439794 0.034916972739809884 0.10088482734640256 0.03441088695208734 0.006585672752678377 0.015952601481489033 0.08528564029256466 0.008181928275015406
27 0.05111809671002917 0.07600367274053832 0.06685079020788157 0.01633933390344415 0.0734381236282378 0.06231926703785307 0.04653551320734593 0.016202093970162385 0.0772714595247268 0.011373586213851379 0.0099450618280491 0.05773475848447707 0.018448144013854237 0.07572608474762144 0.008228235428754685 0.07381100640394188 0.0676322560359695 0.07599501223669952 0.04155244426347298 0.073475059413089
28 0.03662174892006596 0.004820413224350721 0.07419203822269829 0.08056887622772849 0.06719227652929356 0.07101475788966295 0.07397200786951186 0.04989824172822695 0.06069428214852797 0.013887661215337296 0.05403824532488541 0.04854396974890934 0.05873466958472437 0.02883470344316243 0.005346121642502719 0.05659797467293758 0.06518438183716461 0.07641182992973529 0.044751147932357745 0.028694651908216465
29 0.04198492722350992 0.009210390174413663 0.07084602617342366 0.07396064891908255 0.028610045060535903 0.06795804742410509 0.031779286337260126 0.09632237451015518 0.05105592084856252 0.0943622556370066 0.05006901857986349 0.02671103877714925 0.013733605076305902 0.01234100280737521 0.07599293955413793 0.013898558401056325 0.02890737321758259 0.05645273007887009 0.09272651016409567 0.06307730103550858
30 0.055980029804934696 0.0012837086395074654 0.08332301468855693 0.059325653525505416 0.03527749948741145 0.08591142826475057 0.006538293437432636 0.09909990433824434 0.07133155971171766 0.02752310515628781 0.0032843035848656556 0.10103468362021915 0.053552492466426564 0.009787797309552563 0.09426207223105766 0.07542183625211171 6.989342646068691e-06 0.0238612491404786 0.06202515008892234 0.0511692289093705
31 0.07191295262453933 0.019185793332488276 0.02571318912802353 0.10319157486321522 0.009088893940326947 0.07922395737883332 0.04643481057790204 0.08818623036044235 0.08049928240133666 0.06753562245418854 0.0119112041391945 0.03145108945987454 0.03250277387909461 0.011662478884361857 0.09857245458434644 0.0860957026225633 0.07810341394542843 0.019405003054823605 0.02137304080562242 0.017950531563394004
32 0.025114824332047005 0.027918552335707367 0.06475235572151865 0.05207379603025323 0.07730696649188341 0.009597748682237754 0.09460843975636149 0.01467461845243214 0.09135847694508377 0.07281857785372559 0.018109805707150994 0.03728071993497901 0.0768645590605069 0.07101000637042518 0.0683414687294514 0.04335467717951123 0.062427839162107264 0.0041367641422500245 0.07943338484717394 0.008816418265193728
33 0.044592955682962114 0.036418691018797 0.010167381928066588 0.04013453837215939 0.10123906637314384 0.013112108592965752 0.08645757779329438 0.006126036830654438 0.08989210071983773 0.010812560861237457 0.014740250632846877 0.08304397938542217 0.08353462296229383 0.003519661797419942 0.09309272925471597 0.04753578505384256 0.07387973826786579 0.07674061395762985 0.07867035773181158 0.006289242783032694
34 0.0855817925520127 0.08318126137316427 0.001994803660777472 0.0699503740851383 0.06847560521300632 0.049955311964595614 0.05011615134794625 0.05053754982774337 0.0626765046307646 0.07602365866791357 0.014076049645089064 0.009842862080109708 0.03837493346528816 0.06186568957518126 0.013091021974754214 0.05219385196824031 0.08676934865805393 0.018148968043012845 0.046784955098798875 0.06035930616840893
35 0.009117921515786049 0.08292392592010638 0.01965529658486878 0.032167686498636265 0.09393222231302599 0.09409106342717112 0.09979868220399116 0.008701352114078504 0.04079651582599422 0.055203589071941145 0.09507830433790102 0.0060196866347634334 0.09153791653677396 0.0010454693142772065 0.034264153702927604 0.07640812756830795 0.05128719831830586 0.026987771335453988 0.021674838428578633 0.059308278347110666
36 0.04172848240196238 0.007648091785142936 0.09716706800793894 0.07775644809006475 0.018523759066565743 0.08212083749712278 0.05728472195706548 0.0642095720755693 0.09319900787790443 0.09062507081109468 0.03076857306537087 0.02127059762583625 0.01144327817739919 0.088765078667359 0.03592033781509039 0.02039452224184637 0.059525895124849425 0.002680759442269121 0.057837431758063794 0.04113046651148406
37 0.041431177379327395 0.010123262813211912 0.070478152656764 0.0833978156159133 0.014534978189253114 0.03845683712226565 0.04907242684776376 0.02455554236456852 0.05001841072403652 0.03794069997827714 0.05517168357303074 0.0039019825926319834 0.06694983401741186 0.08794003216540214 0.08656112070090541 0.09627057566980506 0.05031418096981939 0.0845847492631012 0.041161049471547605 0.007135487884963414
38 0.005726863382629106 0.0445187517109461 0.0617355707303961 0.09548638272677887 0.042236788918812405 0.05437505958318639 0.003689385803051502 0.01928786724252942 0.0671236915436731 0.012791068364232114 0.08660668001578661 0.033315888826213336 0.07742680720168899 0.015589580152696503 0.08022752377488795 0.007173954275620528 0.05200480130840985 0.08808308294967371 0.09819487867459988 0.05440537281418741
39 0.009277971415704285 0.025128956450061468 0.003577914930653844 0.011046965488323152 0.011847115969858804 0.06831171983866222 0.09619608536165457 0.04938774597901407 0.013116956448006922 0.09641896772316878 0.005610270645471858 0.08745028740317466 0.007087992079607861 0.015063933366490853 0.08099535455167058 0.10475760883912799 0.10207263549043165 0.08500242189487632 0.05090424824978564 0.07674484787425447
40 0.018948447147012652 0.09763450225022667 0.10002267809862868 0.062011402060153174 0.04512554161686219 0.038928601154462734 0.04387462646192137 0.09972187505036234 0.06593978008358627 0.033824128877474546 0.07880309260022189 0.028236360387975855 0.04494799058980136 0.05526227836550509 0.05068016799304571 0.038161653181557016 0.038629651797821955 0.0023170471605620745 0.0341095994061993 0.022820575716619256
41 0.005941316062730777 0.06706634125150006 0.08202743277443024 0.06787124811244034 0.029143597419415815 0.10060838873673678 0.07042166328968802 0.058402761104049655 0.005602055287665656 0.11932902686527068 7.619397085539164e-05 0.077532586930516 0.027901192917043956 0.05389126653009241 0.022356901818618585 0.08476205849593467 0.038748413625781734 0.007244407046721048 0.01306222461871428 0.06801092314179383
42 0.037011784128976134 0.001983155375321201 0.10203441043879886 0.10101215865322467 0.09282456352295768 0.0663325392606653 0.013746081798843181 0.03452716060066035 0.0022637657314167514 0.015964344955027767 0.051663842042449414 0.060582789391305444 0.09137773094125606 0.09180879291610579 0.008149385494798276 0.0761341467119536 0.011723976445219081 0.003386913413462361 0.08498024247245374 0.052492215705104386
43 0.02603762399625722 0.0198337031834174 0.04591503492944667 0.07094377112465983 0.07061334449040717 0.04913483691838391 0.024278206936561363 0.027271514788579438 0.03728603041162251 0.02674220985160804 0.08572328742905462 0.06196486578248882 0.02993439582207264 0.03496625187824387 0.08825462230308091 0.08606037337239937 0.029561262182389827 0.05434526976216631 0.06429025337260771 0.06684314146455234
44 0.03235689902073047 0.08539090720579105 0.07419721448566818 0.0017901492591860231 0.08538112403529372 0.009828116487182603 0.023708680994171175 0.08007857221642198 0.08119755686168756 0.04630175598034628 0.061774985603732575 0.0014916809987621552 0.025674582187317482 0.0707386819460938 0.0892500165439433 0.0008313376077985885 0.038152237280903896 0.08468299154391458 0.04369674759471811 0.06347576214633646
45 0.08664042408372763 0.07407949780359059 0.043493473024653936 0.03096555165157127 0.040068894747730295 0.011807721586718781 0.01126441621694587 0.09887611256552048 0.05116667413503699 0.04788205431940036 0.07309161257483339 0.018479487997734266 0.1011970842658802 0.08468105678694066 0.031382626538343894 0.0070064809558743665 0.09992303039079757 0.05179077146604204 0.00822497004146297 0.02797805884719444
46 0.046124504152124754 0.08992903171781144 0.02059858689571074 0.03059996175540981 0.08723351732938174 0.05031038439108073 0.053405911280123855 0.00688027857986202 0.03664340462648991 0.042546221163314725 0.02610221886679614 0.07693694891099166 0.051324048590775884 0.0944832864314119 0.06734387896938036 0.07486046838507632 0.008189510137656009 0.07578424804829909 0.02405031019576572 0.0366532795725372
47 0.06065598779662514 0.06217591925862501 0.08269197798004262 0.07427697616267183 0.04040540918300516 0.08834622201232124 0.07223024684946874 0.05306797887889307 0.09513885438335518 0.009571127257629874 0.07931162907693241 0.00811127597193866 0.06577763303069802 0.007522250037849406 0.06585641111697685 0.035066726874180755 0.006347422230659809 0.013739393485321412 0.006359989403309992 0.07334656900949475
48 0.031307092058101366 0.04744188154130083 0.09085099734040519 0.0839282891495283 0.08208382235307393 0.03828779690881132 0.04146608044002112 0.034551280439992595 0.030788824045953202 0.00692345387246761 0.033029838804787943 0.02053245193975932 0.08905952186856936 0.04362387939873392 0.07973235929226055 0.04011206501839806 0.02365546821833951 0.06874214318246838 0.05036877187914078 0.0635139822478864
49 0.05843292424991445 0.07395405460059229 0.004843449120645337 0.0781767130848562 0.06419208481425309 0.072464102891775 0.03179316294746613 0.06995665442520801 0.08442244152236486 0.0775690398719446 0.08106258593520632 0.061884766372275045 0.007016863106729771 0.003888879955247845 0.026532790347745455 0.012877268449313922 0.05357740854187684 0.04389436002517184 0.028210815350406156 0.06524963438700683
50 0.00917180211438236 0.023612884805251342 0.005393016101652223 0.07847541257611268 0.09060905036936388 0.06408992799110153 0.025420664381750162 0.05840040464872832 0.061916662277302414 0.027761169472558706 0.04813074696520303 0.025187109518450372 0.05705827239555694 0.03711644019035671 0.10273201578012284 0.09895526933382685 0.10251866012550001 0.01779168020304149 0.06541626190066145 0.000242548849076747
51 0.039786492935097895 0.07877635859765607 0.039224232768564224 0.02100547380821016 0.054959882341675835 0.07460604035320192 0.03551090975241359 0.06427887341169478 0.07196711086674909 0.07073005935688369 0.06699065876869892 0.0044447142430297445 0.00839278905749497 0.06387784459967484 0.024448303131065472 0.01386820878599953 0.07176652086645471 0.06683320661222816 0.05377530769291713 0.07475701205028916
52 0.004164009870268347 0.03030700758006299 0.06231989694351124 0.0624483571363527 0.05031389175999584 0.03241197278588324 0.022878509225830835 0.0550405250200523 0.024791669895416264 0.09669367548572921 0.11687050978020415 0.06493755313631239 0.03397847507496584 0.02644498402268141 0.0022110277820249127 0.05046609168274696 0.010005380340788267 0.12698919449432985 0.08477659980903439 0.04195066817380876
53 0.09211029818600396 0.06557683122255999 0.07814150156912467 0.0142618760819906 0.0894544423007235 0.09938666153848218 0.05519454971319537 0.04417271702902653 0.0026596821385644967 0.020463305290648895 0.0598516080380669 0.05214498344373862 0.04824114401567917 0.054509872804725155 0.11277392582294865 0.0030792529518712465 0.044722275154734516 0.029186855277581504 0.0236741757483458 0.010394041671988123
54 0.042099127201613094 0.05939384350960736 0.04207171883692418 0.04844577079407381 0.04047047854202882 0.08111545740092453 0.07446486692275431 0.05817367996478598 0.021571255466961488 0.017698475699038346 0.08121803189958983 0.06267084417809787 0.04248798796763203 0.054679837902650026 0.0581799307770536 0.08812408476475553 0.06436890174591163 0.03628365513134394 0.01930003047884587 0.007182020815407783
55 0.030084222433465632 0.024878492933720006 0.08052179177314245 0.08050004731624463 0.043631968439689334 0.03751818997782938 0.10005999723305647 0.005033179499330866 0.07257612054111405 0.06360391614311953 0.08760574563669289 0.026581590739956997 0.027178318821304295 0.05388451441777235 0.0008547713341918071 0.02563670396923212 0.06196795891232085 0.024656099778085493 0.05742145778925612 0.09580491231047467
56 0.02827795097874982 0.10377968911976067 0.012724303918144058 0.08942974528423339 0.01669247522194247 0.023004999074551363 0.0040387655232082985 0.1047412500482197 0.04972845249890334 0.028989277166099295 0.08412930994628358 0.02585778680167636 0.08528515294524716 0.08345461103100094 0.05879710536878075 0.02557848199023934 0.03161384294245795 0.03708697701287254 0.019534204213338017 0.087255618914291
57 0.09853660472441006 0.03504439991522929 0.05170351871917629 0.0995761710162358 0.02299987255233099 0.01630646230791962 0.010510434144533879 0.09906436921825178 0.04569445959050929 0.0053075419733025955 0.09008911291779831 0.0687675070090274 0.04164185928808174 0.03620508205782024 0.04871612138107095 0.0322328635128427 0.05899387754990412 0.043993589081216304 0.08940085953750009 0.005215293502838333
58 0.05079571414267832 0.05147454837486271 0.002888549876299138 0.09546362096510445 0.05077246183362904 0.06900387703730758 0.09087540684378302 0.0022099589504729856 0.024986468762761324 0.08736170791191336 0.020331112557068574 0.05798205770232718 0.04850793420833099 0.08588310222741279 0.054049697683140795 0.031326974073231956 0.09595808521807596 0.028290838484500782 0.03788107715137475 0.013956805995724407
59 0.047815330507362946 0.048831054647400035 0.044406655376956025 0.07567673938065479 0.05149574795105059 0.08448508593096095 0.018620726301687394 0.062434487494137755 0.03608654020160043 0.06371078104124814 0.06561220683812627 0.0645989239830224 0.07982836064502416 0.04133129357670712 0.04841759730652041 0.00331431196022047 0.013886462359603002 0.05274398468156272 0.06397335224531145 0.03273035757084307
60 0.06579736451942281 0.011177112117376273 0.08277306581534746 0.014757684197814334 0.0600377376195198 0.0987022532971474 0.06225654277938566 0.0602828192688405 0.08490423944476999 0.03148894797575459 0.07559588588925854 0.01079523588504544 0.06412523139746583 0.07256911108945173 0.004117406680015361 0.08372894540776618 0.037354395209841365 0.04366242553401622 0.0044823275772235115 0.031391268294537034
61 0.04886942642630976 0.023117744973913237 0.06413145997238576 0.009313098563063598 0.09385531324962489 0.02895420550724109 0.02481099800831769 0.030031844387034372 0.05476449751210664 0.015053718133448381 0.08826782254909661 0.022057690258522028 0.0990218820517285 0.06795605047593291 0.037717634881959686 0.0494654461506222 0.027148401011314115 0.05807749126693643 0.0695343195287987 0.08785095509164348
62 0.08052414944553313 0.016280748171918016 0.0428972580043217 0.06507830361803334 0.07873649219120386 0.07121903329637702 0.03390230798035857 0.07222312160503273 0.03995329398938001 0.020461357396107792 0.008054474728776087 0.017678232176734882 0.012384287688059908 0.047503124294699384 0.06612916684960833 0.08080438185139106 0.02395080353791061 0.06975931016258194 0.0812528594635717 0.07120729354839997
63 0.033860295520767955 0.04262035589263764 0.03140426542007293 0.0920308154596501 0.0028773268700073252 0.061158935811085606 0.04409823812192996 0.04408657767218032 0.003835552292325816 0.04572020298890906 0.06529573850332981 0.08865332714714957 0.06648880640542805 0.08045276184887278 0.09201192332445486 0.03737054080583747 0.06873451591113006 0.0034403201710361143 0.026834893526953705 0.06902460630624098
64 0.042043564689637596 0.0038489416202055217 0.0034638601116826185 0.030827605633592166 0.07857402730017018 0.05315020336286127 0.06837167219806028 0.07433681908261745 0.09490676559676893 0.06242691690982036 0.02270164232569023 0.01866225439576471 0.08833437080602675 0.060147097574080356 0.009064464258132137 0.0845898635885593 0.08102968516649958 0.06296035019782438 0.02396580754963574 0.03659408763237047
65 0.03162727803618231 0.035763658877734444 0.05767626848684973 0.003610279273944946 0.04165068595564626 0.04712963654127648 0.09706134300711931 0.08325165830362927 0.06896771610243783 0.035628815250589724 0.012974387336978319 0.03195113331807842 0.05840382407400909 0.03446043529898714 0.032826249721738934 0.08054522343031152 0.11124615940625582 0.02360717003640036 0.10957458369275488 0.0020434938490752398
66 0.06776767080726656 0.05897704630164947 0.05878534773331616 0.09670766293306607 0.09349355917750538 0.09864466186845323 0.010535575208488218 0.0722045726641332 0.08114524916870385 0.04885544322907238 0.005904642525554755 0.020850155552410987 0.08830289363150431 0.019117711653458665 0.005042116038784344 0.045763104898713894 0.023591715192965 0.017346739809987 0.06509818946322223 0.021865942141744348
67 0.08084736044581563 0.04786680524203553 0.02996089887028404 0.08037992440017547 0.06665461390831769 0.031708227914200034 0.041887299301688 0.06364854577550538 0.02718893515899529 0.06245590594425275 0.08331012437454183 0.0164619252199312 0.04353597081826685 0.031363388912999654 0.0474827223289938 0.018403303902897843 0.09474266974498612 0.0937555031464197 0.029792085956545762 0.008553788633147345
68 0.06840531973365015 0.02887306508083721 0.08626691140552423 0.08056260182141678 0.05686485006746191 0.07079716103746772 0.07276953905206184 0.01079164805486791 0.08620176103471826 0.03205904890447427 0.04637621837615625 0.02288734575175976 0.045479763913709524 0.04022590934959052 0.02017341472821885 0.000505807845484065 0.0600749283370566 0.07257092733385978 0.06713705593557993 0.030976722236104315
69 0.003595894570392925 0.00032781555340426655 0.01588948622851643 0.0779712495576314 0.07803443450463037 0.010832643821135034 0.06361472486159249 0.08559679031206244 0.014303908286129489 0.07344764225744563 0.10489387798976686 0.11667414960291966 0.08948600409644931 0.028827665070705215 0.07609761519351889 0.016931152335403613 0.08333844182939289 0.02347393022227332 0.02978546240038137 0.006877111306248591
70 0.07182461199368821 0.057039906427931324 0.010277038092277528 0.026626750575530177 0.0005598085240584956 0.08459747115901314 0.06453044064003421 0.05423206290109576 0.09581323176570831 0.06172119010784895 0.008800854256742737 0.05758073120556223 0.02270926607087863 0.07176113487613926 0.03967255840475958 0.08207736466873734 0.029556720897910203 0.05405007012146549 0.08104072826304806 0.02552805904757034
71 0.06007176464696404 0.019089074089965317 0.03558895848778172 0.04462643555308253 0.08103165795761608 0.03237795157708801 0.027702042882979894 0.08719991986795818 0.06873466275403142 0.05231923774238918 0.045474068068808354 0.044912103625012266 0.07570968457302371 0.05585657443079982 0.01958831618711722 0.0568668041218054 0.06628397410731333 0.05504921896853699 0.04408571683923615 0.027431833518490354
72 0.06805315768667143 0.06246786404435611 0.024883078419054842 0.0711829619275525 0.05640439591660091 0.06502995458520895 0.05646956662791325 0.07901305489720283 0.0603140863524378 0.04529540828168174 0.0747524114460419 0.060708195786197634 0.0066512156566048055 0.05797522814792211 0.008841231903462497 0.06535451459462942 0.0437867923016579 0.030323860120866204 0.011383809085148992 0.05110921221878814
73 0.028311105864386107 0.06108377981287602 0.0413681912049737 0.022808586077450364 0.04452794847392947 0.06268027677290347 0.07235223743469346 0.014895277991251435 0.0621211786988485 0.06707018446958946 0.05055481162476522 0.013180179963614825 0.07775974633423752 0.034517688277510936 0.07657032727667062 0.06827433305507777 0.05642107524097561 0.0565607741614105 0.05180458718881065 0.0371377100760244
74 0.028476355372367236 0.005558419183220986 0.052463773297130166 0.09098456497436984 0.013118583855848546 0.045133479666845416 0.07339481868812243 0.05123376272832748 0.0826804637513968 0.08005838872926893 0.05464567223653325 0.04352188638748298 0.0987545998471699 0.070151703579005 0.000785486516564115 0.018028150674696406 0.09931140409900144 0.03750765233949545 0.04096038853071665 0.013230445542436941
75 0.04342035590120232 0.01693905054209293 0.004747717418092791 0.023455593353793585 0.08309714936939835 0.04983488980645868 0.07659160291491099 0.03862955956003625 0.07393302865753724 0.027772543413963777 0.042371499629819585 0.060843208313561 0.0818622638871284 0.0092488898850661 0.0014672988870660282 0.08541656676624058 0.08026961477709249 0.09655465301899589 0.08107692439984711 0.022467589497695884
76 0.06929176378546388 0.08476644050777211 0.013397473841608103 0.08543414997868616 0.07530823291792849 0.06394061951211914 0.024667187883752835 0.08131903051453464 0.02224789882211953 0.062039231255597016 0.05508516392679837 0.05608229264300228 0.028155500981224605 0.05233844151500747 0.04575400471539275 0.03848211496418466 0.016960188891325546 0.027781099255148406 0.05082202146841178 0.04612714261992207
77 0.07269543914776705 0.03249415890170749 0.012128204094239382 0.061528449116160754 0.057067742650372136 0.08570611531018457 0.0645794426342625 0.007086312991021979 0.013661869993978846 0.03354910331480375 0.07921630749754743 0.08542920582135206 0.07743603776478795 0.05369257020855494 0.039291125868389766 0.09145533614204521 0.015270212028885673 0.009414114152401325 0.08521147023713142 0.023086782124405913
78 0.032825614358854865 0.06855901936504209 0.0030386057392893396 0.08163764408359896 0.09325649632083031 0.020108275121835873 0.04374999334105501 0.0889048885351083 0.07867677490860983 0.05891652717873947 0.028486769960049056 0.035290209028107235 0.10353587593724402 0.027429344804244568 0.07263517452836421 0.05134936984742889 0.01808762360993993 0.018777584548333757 0.055827445573412404 0.01890676320991182
79 0.06211459396045511 0.04884751229273766 0.003921560656987573 0.022324300129275564 0.07457459258817122 0.08006266704340406 0.07173335835394835 0.03072490397749258 0.04979928357943078 0.07519257862357578 0.0011980786182579442 0.07771875551501571 0.0495826769408296 0.0756749648928101 0.061912878806635874 0.042735512767768054 0.031169421808243714 0.076939201997229 0.04583974689033527 0.01793341055739599
80 0.028288673889882515 0.00021728281759844585 0.055970580293825754 0.08473805464708671 0.08458153622249348 0.05551991459917385 0.08221179680224798 0.07243953235934879 0.02236103546184599 0.03388495284138392 0.08142972964767137 0.04608925828146793 0.01983175007213441 0.03649612906027129 0.04339763412576315 0.04131898417020907 0.0028986599721223284 0.07530519382709647 0.06100430774353205 0.07201499316484454
81 0.05134657409639541 0.006647546738915196 0.033138039439417885 0.05970321074428047 0.01616322169327727 0.08129339267605244 0.06522126827353028 0.07740676354523589 0.05540827366323657 0.05705260031496497 0.05401431797051458 0.03025883583382397 0.04382749316660988 0.07389959144819098 0.06333191550326508 0.03373530878414717 0.07208161644092492 0.043211789865592015 0.07987521047059085 0.002383029331034253
82 0.060523498589688536 0.05908221542879204 0.02152971668804819 0.07367168455008659 0.07945252942350486 0.00949412505477284 0.004928867990344777 0.06274541352343602 0.07235188095757984 0.07715118624705489 0.06937919071768123 0.08001832556779576 0.0479747223066796 0.040265195574076366 0.03610784091879706 0.06457787003489335 0.01772218568895589 0.023377924706453414 0.039510756773097955 0.06013486925826067
83 0.03520418911146795 0.049655372600687024 0.05788357894002907 0.03371670378898382 0.013363868174981445 0.09722780603991202 0.03405446867115136 0.0625042936473415 0.03894664902785066 0.039645212084934045 0.05817546913908048 0.027379885746511175 0.07597489328228713 0.036476557127197155 0.05627196955450415 0.031216515174284983 0.0651948702509949 0.039778624045011625 0.06673243548290088 0.0805966381098887
84 0.02565084535989577 0.0613317776980639 0.00037582488626387655 0.10120075428735055 0.049323410882250986 0.011040776360928754 0.0012485668925149324 0.039851224667002944 0.013834862935313663 0.08388925108582033 0.1033772479232787 0.020667569991241943 0.060035790791328876 0.1089101698422914 0.02705634880617764 0.07223045444729399 0.0561967869864624 0.08602314368719029 0.003264482992058044 0.07449070947727085
85 0.07293211953068646 0.022910114080469345 0.09881278235837605 0.04297725115236558 0.06437053977322743 0.06312924787515177 0.013744502810702861 0.04943380068166049 0.07516130345313311 0.043769105963165036 0.0626846253475234 0.09072471638444778 0.005104542995491449 0.07175686585025559 0.0030926053491136607 0.06006380632196594 0.007151125941150377 0.09410516902103 0.03612010124902146 0.021955673861062248
86 0.08466491132641442 0.004514174643623502 0.024361767078430272 0.009115511753909568 0.01999638513749712 0.04954224212587435 0.07656171816308223 0.01576999375510537 0.09670845249852512 0.010750771038144183 0.016629191240228026 0.07529196207873777 0.13217663986119146 0.06279690450897077 0.0029432885379972267 0.032004256166369136 0.10609633675263234 0.10868133553934632 0.032512477844815514 0.03888167994910513
87 0.05313117299985293 0.056387360010729075 0.07679164104019272 0.000913835141061368 0.02627987957197418 0.023511096281893778 0.009946568276145316 0.013878930317546582 0.06686979539762225 0.07215349237875518 0.07450218369716592 0.008272613197407587 0.08522956632548342 0.06549378360825746 0.10620349105724859 0.05558477831671538 0.008810891256754213 0.011070892108211603 0.11267326064575574 0.07229476837122656
88 0.1001905150754858 0.0037023779651839347 0.07266534884527018 0.02740885269008848 0.05724462388255761 0.045444245969594954 0.04650662008876024 0.1137549443902328 0.015337959387897723 0.06154420832857941 0.019426895225066437 0.05047551768286098 0.12113526209626194 0.03775771793244449 0.05148026821771018 0.00339925790225185 0.006790701300654796 0.04880489507946628 0.0931942422184056 0.02373554572122673
89 0.03103404337957368 0.07062676267172574 0.0510057713901526 0.045294915991663985 0.030625693124535378 0.06382564767838338 0.03856194579539681 0.06703971488152811 0.05148778653220931 0.02316457669875964 0.007011105431154428 0.028453968681495356 0.08279464853548081 0.03153986017193632 0.10608717492638392 0.012807627452087827 0.07031725291374116 0.08032263157773253 0.042071560855360596 0.06592731131069839
90 0.025083427142728654 0.08921972670018471 0.03710682101433188 0.0477239369076935 0.08361328497064487 0.04989696260742149 0.05318509708519991 0.02075834190998091 0.03536682595442175 0.08100514247909632 0.056736085044460816 0.02194049869366268 0.00912250797990341 0.04555801746213839 0.06969077422459667 0.08893439083726809 0.03962717422911619 0.016523467335917533 0.05216347348743321 0.07674404393379913
91 0.04891125630285414 0.06254458004318496 0.04455034053767958 0.0008567334989683984 0.06810562902880492 0.012370235719372314 0.008348716364295685 0.0938803141782226 0.001634538804101853 0.0595408093022603 0.07369183396667259 0.06133173671807399 0.022090014250802332 0.10494675681413121 0.02567742518247166 0.10154539064360181 0.12119872114871928 0.0004955608406395502 0.05022059083974853 0.03805881581539424
92 0.07921937455343996 0.0351632567134872 0.006571724954809533 0.07261038250451843 0.013242124981941614 0.030171386168755275 0.07215336745663166 0.0017002541922563705 0.013756130941084218 0.09330344071210926 0.009963447449798135 0.10251733095624285 0.10082702953743773 0.05311443837445071 0.07766719875872041 0.0037906080101147745 0.03026291664400001 0.08013206137496344 0.07292874721106399 0.05090477850417466
93 0.04546459220413274 0.018332956937353064 0.07225529071647087 0.02409813447130963 0.106848729509621 0.03815302988927279 0.047697629720233094 0.012994397493796639 0.0009217103987116177 0.03983032845184147 0.07810106186503056 0.030775267726424856 0.07894687266515764 0.08086229353900966 0.10960116365369708 0.009358368482396026 0.06434661558398086 0.021284387581081903 0.01590060955166501 0.10422655955881348
94 0.045800258889849975 0.005048350206348341 0.03252836984399515 0.019466183476401007 0.0921619481267644 0.06449524413261065 0.023053845209752552 0.07462332353998885 0.08370372679773477 0.010089721509675638 0.011150726224823028 0.09116435925140356 0.05030123669113328 0.06896340661485853 0.09656654471580588 0.0708461367971285 0.04071646432374494 0.029180643229551575 0.031096182481802317 0.059043327936627074
95 0.019102709543864185 0.08851785871633927 0.007325472690165643 0.03834603956942772 0.09578435482726617 0.037166840063377886 0.07589983717758762 0.05451157944218598 0.007290998325230302 0.003251540403265916 0.04649541811687593 0.056358677367313696 0.0053526523808750046 0.05637063635935699 0.10088892992763582 0.024738686319169773 0.08472889040533826 0.06136613143658699 0.08170770941316316 0.054795037514973846
96 0.00672745806864662 0.06727419083698345 0.08722964609669938 0.011362706561653443 0.06582269375178193 0.04569144113982273 0.04982605444122555 0.05107926881408118 0.07334471220656076 0.07074056183661837 0.07085985606449416 0.027928599641254187 0.07308990133298074 0.011096978547332388 0.04424970503191095 0.05119731526405496 0.03677502551467247 0.026908167438982708 0.05209040220732394 0.07670531520292034
