0 0.014434760886321408 0.03979028433266014 0.043740318670792734 0.06249990960350244 0.03085445920723888 0.0714720821139166 0.009583953360946803 0.026316783267153844 0.006897078120089885 0.011425004037850644 0.02510133564458539 0.08817387009409373 0.034630801904260516 0.04770356624825605 0.05927099716847386 0.08374310499879145 0.07235155303585601 0.08113751582606926 0.09663713231291146 0.0942354891662289
1 0.07393116848638902 0.046175536910582286 0.029521419061302654 0.08008497414335973 0.03572625458156302 0.07200814464534523 0.0801523138589385 0.06361675832696873 0.059498540463555356 0.06841289242846048 0.052561063642391194 0.015358316298440946 0.040482515662510224 0.064161815433547 0.009825868346658701 0.053149862478769586 0.05471835014168378 0.008445921205653566 0.0677599964308846 0.024408287452995364
2 0.07964083095559046 0.042180614338686924 0.07997110010592096 0.03253425676061672 0.08624883086858538 0.029659455395436105 0.03569915414373829 0.042921282280011505 0.026696847479929762 0.014511180414770605 0.06198021098860968 0.004373886302872653 0.03668937876461034 0.049828002373957965 0.0810051920354063 0.08898313329907771 0.05611813459849679 0.06557089179466484 0.004647350278739802 0.08074026682027725
3 0.0920542081696867 0.054119309522680466 0.008629285484522967 0.011090289934652898 0.06637931881322334 0.07981473745715638 0.033157212967006515 0.0006161219489761577 0.03847575261773233 0.039067431366473344 0.07378757727819008 0.0801900233330411 0.09721206532372215 0.09975725358385054 0.009057018641127608 0.036139426284119536 0.0378163664464768 0.09450590901592486 0.01480052988845439 0.03333016192298168
4 0.05758993540454946 0.019223066574960205 0.04941836236781311 0.061166641278608505 0.03382651251697412 0.013815327521134952 0.06718630254682034 0.041265512459816814 0.09813576030678665 0.041481977765481966 0.0004404313243077999 0.07216232004849489 0.08067885803009973 0.006329990006465795 0.09709165305611062 0.06548271546028091 0.0639550648401032 0.091194923338209 0.009250135413476312 0.030304509739505672
5 0.07332331206417303 0.08778017789719669 0.010520563587060978 0.08218476709158977 0.046558143669120214 0.06154165829728669 0.018083990246142122 0.08515812900581517 0.07489524012596377 0.03863847358905284 0.058891275982981946 0.07673846375431553 0.060281064915025 0.013398024361260481 0.02907654806659492 0.032627076583437976 0.0250295379663656 0.06485203455106277 0.04229172556602717 0.018129792679527353
6 0.05399629046670743 0.04794817968644633 0.06499372355386834 0.06757428832175884 0.00013183719427299617 0.06478606105699874 0.06464145589187999 0.10311848660281715 0.0059845363575700555 0.052142070208760195 0.012018121836414843 0.10851400516602083 0.015432213076807413 0.04587085282052513 0.11582919372575776 0.019886047788258827 0.06702570689502878 0.04690217047068251 0.021838987974286222 0.021365770905137464
7 0.03958935813583566 0.061996064003297574 0.055176707787985786 0.02439675532032863 0.08011033800118016 0.02900180905484449 0.04018445413792475 0.06705130295372096 0.08298070135164116 0.07062251681589796 0.026398328262208295 0.040690676541896065 0.010421650155801924 0.06358561181271176 0.07878586882825625 0.07067097765323085 0.025203761463232378 0.0791065065547465 0.04468340013539144 0.0093432110298673
8 0.04983264140096905 0.005277027152224919 0.10254830971534518 0.020399666808877323 0.10493077687045775 0.016006418265922567 0.08734480134160849 0.002829998182067298 0.04064619383060787 0.07562256487236298 0.09770420374254253 0.10284151466593781 0.055744797246684644 0.08354196092119218 0.006767897998562104 0.0563023102408267 0.013631055759644309 0.004526250515580451 0.05329833389379296 0.0202032765747928
9 0.006740859572221892 0.02116472807411348 0.04283776149063967 0.014074436512778586 0.09588998276561221 0.08885760675529257 0.05954688841390727 0.08375235471002983 0.009518057503306726 0.04817594250994188 0.08485633076505683 0.007689075327980955 0.01480846878943674 0.07715518149031138 0.09330241276376622 0.07428756711628165 0.053834618375227225 0.08595468257629355 0.03149854807910529 0.0060544964086962924
10 0.11073624964769657 0.0411546662898302 0.07208633099509659 0.03164925232267493 0.0006297080184600901 0.042478951739906776 0.042207437073811034 0.04016713709759713 0.054732064498388244 0.0031248976477731907 0.07508665334747767 0.02458810839601055 0.025886942474635778 0.08156256298505718 0.018937579895522385 0.048572248130511225 0.05518047547745504 0.09237786076452609 0.0679075333645396 0.07093333983302964
11 0.01952314906981407 0.07209456201567042 0.02677371819468947 0.012463933998852188 0.02669655291410834 0.08789750654169438 0.10108621938010698 0.10009428546899801 0.0607847384835459 0.03303395435178697 0.09016542759311066 0.04647368708041112 0.06084117544722428 0.04668237333887199 0.01599645813250756 0.03565392212188957 0.04474795564103545 0.0786894307344424 0.008584348945272437 0.03171660054596789
12 0.04707195597419258 0.052860563287924246 0.0604684071485301 0.026328868730913783 0.0574177433954688 0.06697147168304116 0.07792778678381113 0.03489528779850731 0.049979634168201025 0.08361811751459357 0.0406070111482345 0.0491331703192775 0.06423464070297559 0.009635789502237155 0.0004260297122427271 0.06299726963353741 0.011694791154766602 0.07153519342364241 0.08013535975042389 0.05206090816747834
13 0.022826289342388825 0.03631054251530891 0.07183962815660701 0.1081766819998155 0.0699988313910245 0.009090493839201524 0.04602131457143399 0.05759053070021347 0.10661301576420144 0.0365523543004532 0.01415546574741168 0.003139914777907186 0.015252729053715325 0.05920024406741922 0.03495253063673393 0.0667531109731877 0.0759839122716439 0.0757053998392859 0.017787420142982995 0.07204958990906354
14 0.015306050983658528 0.0706900447570431 0.05957149743153484 0.059002331995858054 0.05063669809500069 0.08697270717214298 0.026118797527230366 0.08169640938351257 0.06437667655175824 0.045517142223124085 0.07942431863178191 0.017195893406218177 0.04580824993190176 0.07563276760051235 0.052237420533790206 0.019370223245956827 0.04963140014503767 0.04463085293895321 0.03392557672725877 0.022254940717725664
15 0.08996076022409205 0.07877430332602096 0.04995038445895094 0.06458047616615355 0.01725215495241171 0.04397638406183531 0.031193635990688622 0.05355771584239552 0.01574259952741635 0.050301215631156034 0.057337233241759655 0.04898119579755663 0.0311944277975448 0.07674203600457435 0.034642630648186304 0.013887406247474764 0.06647518880958947 0.05356314570782644 0.01731998329347267 0.10456712227089408
16 0.01075992571314742 0.03020240043236592 0.018388178709437382 0.0035771139150493495 0.04071336041828105 0.0728478627354472 0.0806350866035093 0.09065868067988027 0.027390198510809927 0.05878452452950023 0.04613041687672902 0.0018858405839142925 0.046903674794804694 0.07290102512716405 0.04576884877459004 0.07048410615056667 0.05788648982890276 0.06031462212407394 0.07810271807425821 0.08566492541756815
17 0.01501003236072504 0.07260533679510772 0.027285820564116266 0.08028693128632806 0.04272862812974384 0.013484196422158356 0.07806743187833405 0.036370157131452786 0.027173935892285447 0.05074466729014856 0.09308787287634634 0.03419520378859052 0.0021939004141348696 0.00710286471743605 0.0746571084858878 0.09616588033788015 0.05888762459197395 0.09792339011121581 0.08365200589055338 0.008377011035580815
18 0.09943948029993921 0.07593571462888736 0.06704637013529179 0.010482269637973263 0.058924549724789305 0.02723823948935769 0.08082601807541681 0.0013196104103719583 0.08534676550481057 0.0985355034600018 0.01711304122454734 0.03824293606008292 0.041525476955622545 0.03759867238936512 0.029582638581749327 0.024278563232427518 0.054797675151182376 0.0040405020387840294 0.06997480860876082 0.07775116439063821
19 0.08942921005124378 0.08026701741248746 0.020201460372692017 0.030502466669350272 0.06148717318677351 0.09303872485024405 0.03845534296772174 0.037330533066678995 0.03375152523825737 0.059894898271345254 0.047409001855997 0.036541730188229656 0.007820092505032322 0.06778126392377455 0.09101533193050747 0.03872860702363946 0.0588707171540411 0.07829773930345361 0.009128349691707532 0.02004881433682279
20 0.010175811595536504 0.02574287942887776 0.10326113781388771 0.00213181339391012 0.021852516372977644 0.059877294722977856 0.09928968850620579 0.03489638704599273 0.034958426655753674 0.041133054385943085 0.054790881934230054 0.04028873702395068 0.07360335278041338 0.08771899195523339 0.02295774918283006 0.042659378455699 0.03392631375373668 0.10260429020991886 0.02203983906132602 0.08609145572059901
21 0.1001646605629942 0.03359240590886564 0.09979115829624927 0.039893441244983674 0.08267509371186126 0.05652083541336851 0.03185634137877982 0.09220795278764908 0.04689679657765406 0.05494958655220225 0.03549633514352995 0.0634532223223393 0.08706739526974729 0.009827977857330151 0.018449367359823082 0.04902741637490804 0.02137473623889578 0.010181563880569778 0.025022383594391143 0.04155132952385786
22 0.062034303223494514 0.0668322955442217 0.07437120339981876 0.06976029868472088 0.026430728934385517 0.0653114108664505 0.027072683738651005 0.08257008984775513 0.03581134808801463 0.01616669124726003 0.06432182640809181 0.07009206539091095 0.07243069167307058 0.031243257299141156 0.03970873842351879 0.03635670071020613 0.06291630334683937 0.027729977902931465 0.03330646898198366 0.03553291628853329
23 0.08017802854427415 0.010182618078587157 0.009842456213684238 0.03119487953330576 0.04999124739150138 0.05854639754239125 0.08955171756106818 0.01957015891599244 0.04944704212532952 0.09160299393879132 0.04858206313490849 0.10246465365554999 0.07409701981629684 0.05011691434189518 0.00437897152449529 0.006489925249570986 0.08365542462167398 0.06064310334009432 0.017296119253164564 0.06216826521742476
24 0.06531971171884014 0.08287001714191788 0.08356462663893473 0.07066336386244997 0.08212233753303277 0.05102653536870752 0.019981329316310338 0.07125759675955494 0.08276233697977935 0.07153380885441821 0.042293789254591235 0.032272612954275755 0.008499415564346281 0.029782605954517247 0.008627348824216355 0.0411723776092575 0.01586951368510823 0.06962173000165368 0.015089493224463514 0.055669448753624576
25 0.10847136868563148 0.09574921976236084 0.043824093280842635 0.04194041579176407 0.008922294117985494 0.05601341878720329 0.08180014802883818 0.014546499475395798 0.09964325949622078 0.01738746082438834 0.006991388015872696 0.07229557573951774 0.0234207801385381 0.036539711581522014 0.0759705289030448 0.06599883321432769 0.031105447345185312 0.005268578355887276 0.05589640123452943 0.058214577220944114
26 0.024159775860543024 0.0808931825370371 0.06014184183662561 0.03988153152677114 0.07745549774626022 0.07791223954312802 0.028242281961127973 0.06507610796240704 0.0009456546271430383 0.050259859140037486 0.01871990400706833 0.0528181919393007 0.06784606712103132 0.06254221217782821 0.029076673678652732 0.07508706753980031 0.04049059131962557 0.0847974202606648 0.04468417852027836 0.01896972069466908
27 0.0040835105878096675 0.06945763057860563 0.08320825520050437 0.014991745891158011 0.07311586876267182 0.07615943344014628 0.04585774396269757 0.0858072896788614 0.057124536178026084 0.07658089956524203 0.005107503088747601 0.04992313273527112 0.0665124638549679 0.013722244012021607 0.08264005965755061 0.057192331246238425 0.054677030509750764 0.025662719399523446 0.0380436824330723 0.02013191921713336
28 0.0033494376140634874 0.02941181745963558 0.0637431562858785 0.03399283479670016 0.07673415463073167 0.07731486335376585 0.04745650221413538 0.07002935325273817 0.030665005657292906 0.05696540034145979 0.07232041133730453 0.08203978859087775 0.018248895267465776 0.026210820062196293 0.051377754239186536 0.0705808895545783 0.041309227175842705 0.042543425682465434 0.04438817492369326 0.06131808755998789
29 0.018672082214431493 0.012106020149499465 0.103755496173228 0.10284804001231018 0.052849409427311 0.07884296513138019 0.049220039429492594 0.05839253570725287 0.04653367051263598 0.07728538891477996 0.0011515974055395454 0.017616273612990365 0.012550679517653793 0.022025708165948045 0.06637731110379043 0.017130848478963772 0.030577496287463424 0.021472033909316523 0.09998126476258987 0.11061113908342228
30 0.02220605855031195 0.07278026603464469 0.023158824758500157 0.016758721843641668 0.0013154944921928916 0.07728321970395043 0.06207814491704724 0.07516983073287814 0.04894745990368442 0.08308262291786762 0.025727944586526084 0.018274289070080777 0.019041888038262914 0.07487680619795563 0.07275750903000347 0.0067910345775636745 0.08273851741951553 0.07691334352096507 0.09628901702242927 0.04380900668197855
31 0.038960556098314086 0.026994375437995592 0.006152527720182372 0.04450917039652925 0.08793860824634984 0.06972536360258423 0.07605715777208073 0.09250842451117776 0.0279329687812527 0.022217295049198546 0.08421951963889628 0.06292849518816675 0.04409998934209051 0.02355861104384345 0.03506497026544823 0.06150216862576543 0.034498759787680064 0.025145186337703043 0.06839490320542818 0.0675909489493129
32 0.07009454134463632 0.02269440078667126 0.10567570016168715 0.022289278530924484 0.03739868293170531 0.10079265167240999 0.008347307025526324 0.07069953704431667 0.03248659407875435 0.07703768394934844 0.08713735924710253 0.06632035712066552 0.027503239110324807 0.0030707433662988826 0.01811658897430167 0.09900003290749668 0.030000471393611953 0.01909036419628749 0.0692498717557848 0.03299459440214559
33 0.08719602790444689 0.062144910158407424 0.06436956636500867 0.0718469996082171 0.018039531520286957 0.0052214790126166 0.04046499048850189 0.02962024198969784 0.02053891885663926 0.016191585032922385 0.08349593652417764 0.07007589211782733 0.01767227486040169 0.04276247302371394 0.06650193859898952 0.04296970139128278 0.046277353694921634 0.08397545870172654 0.038600932171099715 0.09203378797911403
34 0.02340583320146744 0.07217483985554184 0.03894807964750532 0.09443987466998793 0.026039453616272173 0.003840465389056112 0.06738564443738758 0.04306576815172808 0.025639208385497273 0.08880013497715834 0.0645817468942347 0.07510366356611746 0.06387382775411388 0.010085793192999666 0.0021834744333995237 0.09018543909624753 0.00700164214496186 0.020117921740408315 0.09029731812541876 0.09282987072049638
35 0.056917156977555575 0.035132683189899816 0.044616104271487794 0.037592594817003444 0.04208027402307832 0.07102567982397506 0.06324453665764798 0.03754951432341674 0.07228344547298317 0.07036106846505122 0.04505334502123103 0.027489502537379078 0.05168805989301659 0.053108802607662445 0.0688899535349995 0.04631411402657017 0.03284713899717023 0.045549735467986616 0.02751487532331088 0.07074141456857437
36 0.05705938782663731 0.030322687908636133 0.08162219978104823 0.08085165349425961 0.046152483543211074 0.0180527948082387 0.0488152204172851 0.06046840751549441 0.0704496701078758 0.05347440629748484 0.02586164150846862 0.08097818580359334 0.01995952258058088 0.023779641986640874 0.057599484386677016 0.08052391812291235 0.008574708366359641 0.02370585066106141 0.05860117718952004 0.07314695769401465
37 0.03460581624388185 0.058960216673351544 0.06474297819223088 0.08870139911095135 0.08830076952473134 0.06458149837885295 0.05922775131868027 0.0765039939872237 0.024057386140570028 0.0061623903254170356 0.01643661703303335 0.08309456678884342 0.060592306060805505 0.013715631320330298 0.01316982878762429 0.04390905935934076 0.0002986307274602475 0.04487766599135387 0.07992558099483224 0.07813591304048514
38 0.08153245563774787 0.0804899186384183 0.014960267702512757 0.052215084883811436 0.025616338452180015 0.05583779942284111 0.005937440849207237 0.05181105349229885 0.08659386149420698 0.08375858115273703 0.07596450036232767 0.06592030999579696 0.001209849404101063 0.07713617580035835 0.0043707732092097855 0.016868022270948874 0.057169969428700236 0.07058701126290887 0.06866175112584362 0.023358835413843208
39 0.08067025629164101 0.06477803774195875 0.054803053475841045 0.09310255386226682 0.04499773381384884 0.07103193387423636 0.0562435609540964 0.07794833552883355 0.047371575423349216 0.01444757798372875 0.05763015722473233 0.012710573829567123 0.06467224864278583 0.028306102013377948 0.02812457597499043 0.05476845426104282 0.006877858893555883 0.025949209935318483 0.07212236794520104 0.04344383232962731
40 0.005258736346416078 0.04328281906957096 0.08433633835652918 0.08923193050695515 0.05183552741969331 0.00012170006142312452 0.08473823660969709 0.016507943726421573 0.020652674915495335 0.03862042608450094 0.01634102013377315 0.010742328435726907 0.04104282792835843 0.09860014641253499 0.08634858600451761 0.021581537960667987 0.024825097103238013 0.09730478323158903 0.09025590334990648 0.07837143634298473
41 0.038761842040009355 0.05756070215690027 0.0011796517258560594 0.07364179637629023 0.07384828949554387 0.07058071750395811 0.0630381745808802 0.03556434200579687 0.006270674842934175 0.06497732023611325 0.05542307899877659 0.021787737781895602 0.067726359488001 0.07323650949841787 0.07304744080522685 0.06731216023641055 0.0405796859754877 0.04160907143709948 0.028777154603940622 0.04507729021046156
42 0.048878509104799586 0.06926899126156691 0.011024462352090408 0.005029283954969854 0.010073275289983084 0.047110160815026454 0.08875339157985992 0.01699361770776864 0.03659463271255828 0.049662112521763425 0.11523681610706224 0.02476439684369245 0.017954940840060336 0.03166116243809278 0.09914666892049645 0.045572625633135605 0.02658621330619071 0.1114023172432353 0.10025193140059406 0.04403448996705372
43 0.059740710635949684 0.06436045718040871 0.031102902939087934 0.07511378887665773 0.031500038234524436 0.07332302619203242 0.007337752703738251 0.07007186942317291 0.029948119976362934 0.0422197985578044 0.05235052828315854 0.07466374365915604 0.07392899476054555 0.011698747337294058 0.06282677948010454 0.017136798926876962 0.06743765167248386 0.044259021316940164 0.042241964992256416 0.0687373048514442
44 0.02756065835375483 0.025268887767810302 0.08479450118421418 0.009124497540983238 0.01977131383172949 0.0709512882544211 0.05685811983636845 0.032575220683241035 0.07989300536229837 0.07057003578711869 0.06505269083745321 0.03956633971542751 0.030298609151608306 0.02801926905480551 0.07616252729107834 0.062327963035638076 0.06748191631705935 0.058942781661226906 0.08107826362899918 0.013702110704763924
45 0.09312629325431115 0.07820768801207797 0.03397160587040783 0.012049402809646831 0.0865671133827484 0.007834224136772037 0.028868339252786927 0.09422319520754703 0.004282754524909133 0.010914541508670852 0.08977030791710543 0.043901252708168574 0.0932165219019888 0.06119930913584974 0.03940165533876485 0.04998307234709678 0.02446705610293926 0.045698269268462224 0.08389911628691263 0.01841828103283366
46 0.07285007989332717 0.0351130011798118 0.09880902586899455 0.009311354823253902 0.07073965911392353 0.002607173771824523 0.07575064834786642 0.051419809663416874 0.07870775008036683 0.034319069273660074 0.1029137977864888 0.07359226536385756 0.0902965827300228 0.01626416231064741 0.0725821584149476 0.07015311854683708 7.633336191839815e-05 0.02015643105624348 0.01909692440309829 0.005240654009493067
47 0.028938775122490327 0.03664790510316991 0.017278417648264162 0.05347948313803829 0.049364858169945486 0.06773444535626176 0.05717013152682079 0.06142993332767101 0.05245975843661353 0.044211462451482 0.07926282555864922 0.06589947215918802 0.00034533480069124896 0.06228590161346803 0.06607597854922427 0.076596231839229 0.08673636474370686 0.040024022282694575 0.017809396093815554 0.036249302078576115
48 0.03194132234338748 0.04706016584668242 0.0019856473988963323 0.09892845015546003 0.0011821976513822644 0.09730951082885542 0.005744716059686959 0.10080520941789782 0.008987810170566707 0.07556081231112971 0.02897210061211751 0.10962292173657284 0.04872178204652241 0.023378854987728296 0.028247860241985376 0.07602555852455269 0.09049337889405264 0.06490937640725274 0.01706110151575249 0.043061222849517855
49 0.06213323938261192 0.06029890944711496 0.08432613251906913 0.079717732698961 0.0521443352568976 0.0883125226643419 0.02397689988161172 0.07161498729063646 0.08064166178310202 0.00807317881042036 0.0533760870256477 0.016375238964117717 0.00141602287053086 0.01229398025585544 0.059870638485056256 0.008479098744996721 0.07916920111302951 0.03677373431360385 0.06580869987837597 0.05519769861401885
50 0.09128556113160441 0.056168425661276715 0.06134260298239452 0.055896985723622124 0.0863366665894159 0.06883687400845621 0.01638413367524266 0.04518366886978225 0.08432717681905498 0.08309796956245495 0.03363419458651985 0.030180079290493753 0.07219034112577252 0.04126738797045218 0.04665084554487582 0.02692764998793171 0.01578625745622971 0.05437161414381554 0.021326309481382436 0.008805255389221656
51 0.025124141382329816 0.03896230473689572 0.050437820975888774 0.07156655805664784 0.07744754148523421 0.07528653218981375 0.030963282339412583 0.017248025705351788 0.074885102137489 0.05915315598337512 0.039858504487449264 0.054751679572231024 0.06356846078410452 0.04876828016100818 0.021038132699911435 0.005630494000796728 0.05793800164975636 0.06888119722027025 0.04928661252306195 0.06920417190897159
52 0.0703821110049681 0.07025057095050122 0.052457529234896855 0.040676114168214136 0.015294260609650197 0.09164812090039844 0.01692870324207651 0.058194464603862316 0.07844783976377073 0.03707536987112181 0.08934395070434739 0.012527276676037083 0.022516395702170584 0.07510432626627789 0.06288502718971145 0.03218283332252788 0.027275024934727294 0.028973912589892285 0.053874722614341015 0.06396144565050695
53 0.0580226986291444 0.026482522319880644 0.059207569328531516 0.03880154655448856 0.03798903930240342 0.05642625569776602 0.07468931967777223 0.05063138689251127 0.05659268578995902 0.05181000683062985 0.07825530037832303 0.06508916152603236 0.07058347267116029 0.034541584316282056 0.06235776345529419 0.057222614371880906 0.02322183142944451 0.04772168755858163 0.0006294403770123775 0.049724112892901795
54 0.02852825000793807 0.021068797999314732 0.07731233117378859 0.06902932833608835 0.030541775828228476 0.06919687952509854 0.008202535790836124 0.05253120085228582 0.06466280910983299 0.008464113638716353 0.07762663860852692 0.07039611213292554 0.08180294363820745 0.05737924885351598 0.053337138809461164 0.06906366319074636 0.04902922062311086 0.06792141440056419 0.009359306229811806 0.03454629125100154
55 0.04289846663017737 0.09062501939923528 0.06841383692152384 0.0643759658880373 0.07388061219366181 0.04101123291531857 0.000381072209776765 0.03934918214671572 0.028049756776047662 0.09792098495483667 0.016600337431845726 0.11891956267254152 0.09536517879576299 0.013765744613486461 0.02861301982555708 0.02957691318920374 0.07327495132669351 0.011370769310287557 0.04287498658592935 0.022732406213361037
56 0.0845626289289761 0.062249527684914506 0.016805388455809908 0.05273354476219938 0.08471324140180587 0.02686975958735451 0.02365119967529309 0.05855008844776164 0.07509488249645214 0.05724412670449564 0.06429800529805495 0.013974118695239898 0.06958750514093101 0.02005527328859802 0.053274335927328845 0.016379956993405224 0.052858733762514896 0.0790984982220828 0.03871171090415473 0.049287473622626865
57 0.041639689107523976 0.0240568250618268 0.08111404141978065 0.024419489547815417 0.061666003359034424 0.07821276895733778 0.07205853836946188 0.04790731597657857 0.007904431128639686 0.06681371340461106 0.00829032747060593 0.08353881093526468 0.07235891065870763 0.003225757656253535 0.061348137092033864 0.07393531907326473 0.06104931887155487 0.0035956424214416286 0.043787981772970254 0.0830769777152926
58 0.076771205718155 0.004494473048315869 0.11137241286704636 0.03107816890306965 0.01980294855306219 0.05083776155037865 0.04805923617876698 0.0725273066059642 0.10847279195444688 0.06282822337854226 0.04428174314918378 0.010566809755059773 0.01325427180266114 0.03975621221105698 0.08706476294022943 0.06595159288795556 0.009056667404343582 0.07520207003073646 0.06442216520411308 0.004199175856912014
59 0.06982289370944729 0.0410078571729281 0.06769962383256854 0.0017591051914852645 0.0802736796520613 0.007069002485481015 0.006682976148614053 0.051954341274241075 0.07790311922532417 0.07693829944969807 0.026649603424928246 0.0549162701521593 0.08868934999408058 0.08344733799815056 0.08768726495744501 0.012840521362120227 0.021337725466420484 0.04561913796704629 0.07314667211434435 0.02455521842145625
60 0.044711558191971895 0.06946537475062 0.07942264582718549 0.06503639411078663 0.025155788283762477 0.06913392219675682 0.05286897868479827 0.03646485699087507 0.0066849263500316615 0.028783325754373493 0.028909087310441228 0.0652940629141698 0.07551134369423255 0.06066189509929459 0.06116563903080383 0.04410661650564953 0.050286982686957395 0.050224187992110536 0.07716597586840966 0.008946437756769158
61 0.015900074116025575 0.09500125437149241 0.03775542546898752 0.08394104372532626 0.008733826560295817 0.10143955573503163 0.099534960363548 0.042490899540057414 0.045134319730150245 0.04664575234810814 0.012793798488730117 0.0672270984621122 0.014649022185161977 0.08519338474429536 0.03909476934489666 0.022272286875998967 0.033870860265474416 0.026599833843155462 0.0416173660730535 0.08010446775809849
62 0.060256951838760224 0.07067240333442226 0.03717960886157008 0.05306810761999875 0.021116888966673995 0.0681845262169699 0.08157011714187894 0.01105446777876187 0.08404553511749627 0.058656772806049126 0.02951685782746658 0.07428248783363753 0.037429707114382885 0.01240812544883744 0.038646403585573384 0.058981444745913866 0.05017209443374395 0.07516234997721309 0.05888318748405015 0.01871196186659976
63 0.07961052046473559 0.06602157557198915 0.025781938106536697 0.10433478624108576 0.02995582989232753 0.07181000839064026 0.041916272901596746 0.026547342662255148 0.013744737416882879 0.01345825499195123 0.09985262132529556 0.03555115655990579 0.044478657659016235 0.049784960017088827 0.09133441766274661 0.03212561910895515 0.08225235038075748 0.03302152864669439 0.04876725009116426 0.009650171908374661
64 0.0008042727059374184 0.026365709566883385 0.007045925353264785 0.0849651853277718 0.11332682631603135 0.046101237250200496 0.10475311059005141 0.012661532300251334 0.119491530796035 0.07281719372443198 0.08464397984682734 0.04366738531789331 0.05023128722623763 0.01916774533785301 0.0995926037684718 0.06725598794727677 0.00094380494919239 0.010208570026645665 0.008316847496840592 0.02763926415190276
65 0.008826582746848324 0.08600419708579067 0.04817937950203736 0.06115126286204252 0.09869013523506365 0.018190827464485443 0.03236244543795875 0.010630249321206067 0.07818258448083429 0.06698708009449228 0.061097309649324756 0.0564055417478506 0.060402517590438576 0.011760559509544957 0.06480988165011377 0.02885177314907924 0.05918739012228909 0.05217229784886195 0.07591712709009571 0.02019085741164197
66 0.03725727015993022 0.07482412510546892 0.041332826405177395 0.01245862361874847 0.061694390246253616 0.024780119716671326 0.0659912417589756 0.0002058833250503836 0.05336512277593591 0.02888713431163306 0.017227929855018347 0.043721311122663774 0.07635401130583692 0.057115340134522984 0.08251413447874335 0.07791837700562333 0.07010990886982144 0.0510997295488407 0.06117205560543714 0.06197046464964711
67 0.037515857578169436 0.09166465159673985 0.04478613742935898 0.0555399973235758 0.02307195535895008 0.022859885445089705 0.03600700909232293 0.0903976232887011 0.011755181707200222 0.008530309414072545 0.015816263715953096 0.07510986893342375 0.08480216110859637 0.004058580666467343 0.09229718720847097 0.061166234186736654 0.1071323402486709 0.010600582899316506 0.05642067765140812 0.07046749514677571
68 0.03870918057855112 0.015034967389267597 0.06897049857456164 0.07593464725579385 0.08122284618232282 0.022563722944657652 0.07239646592845304 0.044209024531491184 0.009510491290673898 0.013173319016501182 0.033017215206251206 0.030551317563503547 0.08080326165428982 0.06284720538485279 0.05202305208615856 0.047648664030352415 0.03740666815808803 0.07637092293245372 0.06927174485412721 0.06833478443764862
69 0.014275801532637168 0.08873770798633902 0.06953119639745206 0.0304131902189278 0.004054328084822138 0.01737190974510759 0.07356681038210938 0.049510400482745506 0.046504683575872334 0.09477748273318728 0.06248697927469028 0.07850412183797326 0.02197487645862153 0.03435846844287817 0.04674699117754082 0.059732654997526655 0.0743844597432001 0.03192671905797227 0.02724791010157249 0.07389330776882452
70 0.0726524090546262 0.06259222773079323 0.005927282140775155 0.06117181979339278 0.06072388949002441 0.013047266710756695 0.05398909108387288 0.0671954089700313 0.018976952822562752 0.012490279275266329 0.05416008185132994 0.09257184518032283 0.05413356654333211 0.06905780122639771 0.020832934888912327 0.058553524379245166 0.08732796050153957 0.0211250333495716 0.09016287897420902 0.023307746033038014
71 0.06769795527093118 0.08666806581223793 0.0017839006461258457 0.039580283292287514 0.08864625830758197 0.03182982702026852 0.06008701161461793 0.0941218051589655 0.03446318099700175 0.08279818556835718 0.029421621942716643 0.015765020204314247 0.06678028910164306 0.0524307068669205 0.057578284978271055 0.05277748683140833 0.016591838010312634 0.07769701219969428 0.0035307928122640703 0.03975047336407958
72 0.0483445825697637 0.055411464458097894 0.07256793307027191 0.07841982339892488 0.04956844769534579 0.009353344609269372 0.04240714891028843 0.06600515662008923 0.05623460373830461 0.06765708793129618 0.05312406482506923 0.015346624120587486 0.06159636234357235 0.020013604629489555 0.08527248729078755 0.09304378851190884 0.06997274367440512 0.04723159467381303 0.000335896568167532 0.008093240360547326
73 0.09272613986760202 0.03213940926748442 0.03781316828677656 0.013669783579192766 0.047544585922646494 0.03357973097020353 0.07331056868284032 0.05742694098717987 0.017681584354896522 0.09288141498265015 0.08317134707355486 0.0209329757940991 0.08467193873043921 0.02096135845603457 0.022668732318350964 0.019215690227314973 0.07766417603286818 0.007641984273563198 0.07966214564062371 0.08463632455167855
74 0.0881645651470732 0.040585577078211935 0.07320931983251101 0.03133634182207322 0.06323631394492639 0.00868404369538324 0.034280609481211026 0.06065057317835301 0.05818459337190498 0.06134750398655586 0.056028029098994854 0.06890881832567294 0.023683153229479996 0.03318686021915583 0.06147149390513345 0.06419717951833742 0.03182657324016036 0.04650258820456045 0.02906556517723122 0.06545029754306948
75 0.07045487751421015 0.05127784706360658 0.047130542791097976 0.0049243213195397945 0.037005803085795895 0.05801455187908647 0.036710598040994545 0.031655253352803725 0.020006900974433806 0.013206998824039607 0.10306047620096156 0.02839504861538733 0.034322070139089736 0.09473217117582904 0.09476245537350382 0.1057690236018253 0.0031241616922683406 0.0716883843616462 0.0638732689788634 0.029885245015016743
76 0.024014378377178305 0.020254162705365293 0.08521858359846618 0.07715216526046717 0.09478428617782214 0.012510926770677992 0.09702385092839863 0.06792112750050676 0.03511060381487489 0.0018613348398319358 0.05185928075128428 0.08146999594163559 0.08867196370376594 0.024039358976750292 0.07564334040676511 0.0006282486217840012 0.0020304398831060277 0.06653934825500483 0.08900360144058779 0.004263002045726803
77 0.047838657972474996 0.040288620538574925 0.04922185910054789 0.018284520581954934 0.061242922425528694 0.04633854798895697 0.025771516011795115 0.04208414788063771 0.07931148861162529 0.043101818805919276 0.03910821645039932 0.0742377608553811 0.02197887257819771 0.057421831438468726 0.06573140719921933 0.04363876856651013 0.018495070092468213 0.07954370859130809 0.07440156478515729 0.07195869952487449
78 0.09141856488421841 0.08704788179076954 0.05994932467391207 0.03121921370384278 0.09038469586529392 0.08476579613069912 0.023562544454863967 0.027727022184565412 0.029298064770026288 0.06843105436207579 0.06029129191201333 0.015084907048784003 0.08738303710689324 0.039175310131531554 0.036117348602820745 0.0236367314787143 0.04367117851063858 0.0013886839553793147 0.05481242586926379 0.04463492256369407
79 0.06470116354256338 0.06359490895736418 0.05910627511289756 0.03603581061014936 0.024040431319750536 0.04476395622314974 0.05550226587614809 0.05964159727964557 0.05783186417112996 0.09237298419455738 0.007636248754196852 0.025951531451579586 0.048174166135683795 0.08663381838163593 0.010281905627697494 0.06681744394001467 0.004808352773986304 0.019111567044143445 0.08924597416666992 0.08374773443703633
80 0.019223552614616453 0.07950795879360738 0.08677962622372096 0.09000480324456517 0.06681235986311915 0.07034853040843965 0.0734972683937449 0.03231783954836554 0.012588659409128128 0.05988285040744741 0.054761055696618294 0.0006485761812746728 0.019304506765967608 0.020725186611733552 0.001057433279326199 0.0421156861584284 0.09114861123053547 0.05599939003154247 0.03454857052370442 0.08872753461411377
81 0.02399151595179094 0.059935578205267355 0.08619577440451184 0.08436747990144036 0.07403844921256503 0.06063760098872778 0.034342606179407424 0.04919340082765623 0.03049856876986573 0.011010219485281567 0.0028668376947753663 0.033915091283721686 0.08486183618368968 0.06332680494583144 0.07696124755741687 0.004386552446534821 0.01467138826146588 0.08597561372416145 0.04585341460427339 0.07297001937161517
82 0.04402738459714663 0.04240115558974922 0.030969638840642667 0.04706422131298383 0.0739866222536373 0.017139023437010566 0.06891651649873984 0.06604219408876108 0.03123041747776928 0.006636330132656553 0.06644766636159301 0.04473381685961717 0.04964451254144579 0.06463519375316117 0.03888256560029748 0.052162008296484985 0.06327590750309091 0.061832411239115405 0.06467237310156843 0.0653000405145286
83 0.050981756713947425 0.11565307982357707 0.06245807250558449 0.0253855000169984 0.02995569520847391 0.0556987959510615 0.022233926682584 0.08337135094289767 0.01143394019317227 0.05643545848740492 0.05717737376173155 0.009383449202466941 0.05579459932923341 0.003628939759120406 0.09990537830151792 0.098246524001277 0.08102128087633258 0.017896058424212824 0.05626941013436106 0.007069409684044479
84 0.019749928417236395 0.035405306481108456 0.07089685788749923 0.07604730751303637 0.10904982567155211 0.011727938098711069 0.054275312928412506 0.010652300929053555 0.034183800061026635 0.043543270211740884 0.020767926992865112 0.06464348425627003 0.03116713258679126 0.09173541935852524 0.033795468306766406 0.09616698510134039 0.026172737317457413 0.04435906939024478 0.12041784540533304 0.005242083085029131
85 0.08649079354355643 0.048269856911990885 0.08586279262159313 0.03495639660134485 0.03503338067982131 0.03914074290017246 0.039139456635468146 0.0006156080766294875 0.09011272459494148 0.07725193331090811 0.03391085642992795 0.034681017780567425 0.08454612637317485 0.05868870843063228 0.012081046926728527 0.08965104703545217 0.04753928860774918 0.04599922271052823 0.040399852676525676 0.01562914715228758
86 0.06191633526594648 0.00277125283043467 0.05895316473329602 0.03143608026410711 0.05299949505626002 0.08417964261197348 0.11849286151013824 0.03609149858131178 0.027183301198337523 0.00025348140396303534 0.025457074652194385 0.11306349562855925 0.0899113116909292 0.07447950425480908 0.05601219107701186 0.013388822965177792 0.05519180542119757 0.006566849751892495 0.014387266810984163 0.07726456429147592
87 0.0457913642499761 0.009412006813650849 0.06174657310777901 0.05889881669434191 0.04460040141112614 0.05278225796125355 0.06265265097697864 0.0838112273655682 0.0027839671304090057 0.0683662689221757 0.06570342731931175 0.08477611705072136 0.056015034828935946 0.050516697277641846 0.08467083319693765 0.028212033456640136 0.0019436130929154347 0.048345199022164 0.04337426885981851 0.04559724126165464
88 0.005322970577131464 0.026301072356479042 0.06701258616699732 0.056147122363650374 0.07200591167962621 0.053760299821830816 0.056793075619520086 0.06136891996451829 0.06245518616628455 0.021106286109272666 0.08978374697650356 0.02120415995708833 0.09187145895433019 0.017089868691972026 0.032789756006757625 0.07392635039789681 0.05183792175456231 0.09863079106422556 0.004522359608209517 0.036070155763143104
89 0.0840411974873574 6.80757385493897e-05 0.0431157129102618 0.07896420328777655 0.03154828638805329 0.05051300769247455 0.07765419230232827 0.033157525241936596 0.017600859670857245 0.03834905408923012 0.044887716693219865 0.043454828804698274 0.05012283333376062 0.09346534191117555 0.00890309582518096 0.09059507783215351 0.06951190032737967 0.04952852681541167 0.05179008492950395 0.04272847871869064
90 0.03607346803963198 0.0033619784332633083 0.049312454709154775 0.00233670758176423 0.01019872778668459 0.10705544184535294 0.030266470980943413 0.08728358057828706 0.052263405312544094 0.10762717564752873 0.09588019703313068 0.054012902237762124 0.011060641495383125 0.08466880146088122 0.02636050302001075 0.007394363630557535 0.02193633305810535 0.019632276176286 0.09283153072527954 0.10044304024744856
91 0.02163807239530781 0.1037566045648628 0.011842180059157395 0.10071483121135713 0.050001419264681685 0.09053377250481794 0.03263662944616949 0.029092475262717472 0.10279195538705069 0.031014166996801297 0.010331203414982714 0.011147932400510057 0.06789116939819152 0.002468705303904789 0.10188786694194897 0.019634158809522136 0.043121874807787834 0.009055508826040106 0.09232322661108823 0.06811624639310002
92 0.007205493721575605 0.020139529231214797 0.0802612541628881 0.0748739956654322 0.031055634025641352 0.0022813192678186166 0.06714321250186499 0.030926232633273897 0.042300976335881826 0.04622144199032822 0.08593915743807917 0.025288468794439925 0.07773338396710938 0.06491287009286284 0.023125296149478843 0.03556999917235691 0.07695080720699679 0.08592779485111471 0.04074849848723096 0.0813946343044111
93 0.013231588328076327 0.05562795253917724 0.0109136683461081 0.06759199970600259 0.03987652735616563 0.05816013139178252 0.07606123530965232 0.10412391904187375 0.026981296691430467 0.08463097617252228 0.07017006559403793 0.0168428630154335 0.04430961601318158 0.02262270278450047 0.08053448650125239 0.010719037113760292 0.004134290266260956 0.062396646514688694 0.05848808348537807 0.09258291382871503
94 0.012509746976580263 0.09146790528106526 0.03483540795654685 0.04482507131921389 0.05899817566223767 0.055308517022014565 0.0016515426114749696 0.07392982122558 0.06270334417327478 0.010663623512703951 0.0633600680636935 0.0699300007856271 0.08886212058068933 0.11673681621448427 0.03816128904008257 0.09572742591954458 0.012938124350000385 0.010463606515144674 0.027758165963272362 0.029169226826768823
95 0.06313535065523984 0.016651074981884673 0.08554309179540925 0.06666958123467508 0.0651520044977253 0.045001743697112954 0.02570769755031487 0.024141649310605896 0.03932369380443517 0.026061110294151247 0.04968483652679833 0.07472125162978538 0.04983056605095615 0.055446646631353194 0.025308684804082434 0.08607511406310926 0.06441716341037496 0.07769504922243495 0.02251161322188008 0.03692207661767119
96 0.07510236088205494 0.0902963272449339 0.0597502473390757 0.013795906684237743 0.0017048468191879793 0.05753691280570436 0.08098908645932439 0.06393450158292048 0.06280135982394723 0.09096083802810705 0.07938010621423246 0.04344907256742708 0.04750081056941425 0.004911413478091121 0.01629304862980605 0.04272474077341252 0.0026186802751312667 0.05711259756501105 0.07159595654185634 0.03754118571612415
