0 0.07518544479127054 0.02555633103182741 0.0803086077684796 0.05725243630861056 0.05574748217471324 0.05241842289232217 0.040961389100166605 0.08085428206521382 0.06827410312505482 0.020704851740583303 0.07732503852091575 0.059716073202050475 0.03326576467287701 0.01898399598701179 0.029184811556189787 0.03082736384180204 0.013534935419457113 0.05914482678103184 0.04458968779382535 0.0761641512265968
1 0.030032356144417523 0.09368976668883104 0.09061525449011644 0.01641249806686574 0.024758450821630622 0.09267169785433803 0.08474826592170462 0.07209730222070306 0.04352518996058217 0.07767678775453156 0.0019258201513994613 0.08378609296871443 0.005785397016229433 0.047158125459473656 0.00768923708477915 0.0524224957392798 0.04663776438336192 0.06521013258009185 0.05435633456021735 0.008801030132732202
2 0.016127369957433593 0.08207136073791754 0.017103446702266323 0.007519362876874598 0.0655680922962246 0.09265282218420019 0.09511972384966674 0.006523862520246968 0.01310503667730832 0.058422113332178276 0.05696150101219251 0.09139299795205891 0.1069473532034865 0.027538016080417373 0.057299131923973366 0.006467050131682251 0.09649062034227317 0.08294394176880883 0.005290063144102928 0.01445613330668713
3 0.09106095126186206 0.08829421191683907 0.0003783196095798735 0.05499052310391333 0.052778172690209485 0.008716588073020969 0.03553988257167971 0.01706919169728556 0.017302531485086137 0.041097500125661685 0.036434897150721984 0.006719208942960125 0.025426247818108986 0.09198629209124437 0.06554235908288124 0.05324301762889808 0.0617529799578897 0.06046004723603422 0.09208355605317459 0.09912352150294858
4 0.02281296303377214 0.037294384075007785 0.05325965600005563 0.007834443193853671 0.07279771602045162 0.06100998592716171 0.023115606697595634 0.09706992407410077 0.0081146868927418 0.0918390534635722 0.0005463531856605606 0.06501611255283675 0.09488073941650232 0.04707918181347374 0.0034846893618795775 0.042591248373317125 0.009503852929182745 0.09405765374813284 0.07580079062881123 0.09189095861189028
5 0.07539129073915804 0.006275117073298274 0.07783984973818826 0.09288998237368844 0.010823917679927792 0.06154637942140977 0.036278863072466125 0.036494579878035865 0.02530841585607991 0.03932816497362562 0.04865862762899172 0.09352232442335477 0.04618076745568494 0.08651532975186134 0.047498072210832874 0.07442123931760981 0.03674518604995615 0.008436379550808297 0.02205788988956533 0.07378762291545664
6 0.0172189171675678 0.04996992217831757 0.028798954012664545 0.07869111567396891 0.07340777140066522 0.04054942254250796 0.06901858595245716 0.0773011777013374 0.08285443046633116 0.03384753357502139 0.07776437465152769 0.04541038139822526 0.004700759316160133 0.009223392531505212 0.004875269882442327 0.059076496693775425 0.011618213891052142 0.08117973994288445 0.06778597341404752 0.08670756760754078
7 0.03409014626107846 0.04938358982616477 0.07624466716265652 0.01825993063456886 0.08781046963262434 0.011501127267632765 0.07749844221787162 0.031751735441708916 0.045036583396620304 0.07363369850017254 0.019995463818950062 0.015532807817955102 0.007996801031164118 0.09362234130536573 0.02111646434110652 0.03312479108598475 0.07012378743908959 0.10220567855428658 0.10379054199583906 0.02728093226915943
8 0.027432865577946195 0.03783760967959557 0.06385673490900746 0.00913907304588819 0.098096845336224 0.09941577671243346 0.0835399549011462 0.018097598423350725 0.016278733744620997 0.050546944132062295 0.004462526373002246 0.008451674429350195 0.08443015752455595 0.08379505140508332 0.027632441512662666 0.04369694323896882 0.1141249455547545 0.0814006834980261 0.006209833223072826 0.04155360677824798
9 0.015226044366204615 0.044478253342110294 0.06368366091429037 0.06881302103611393 0.08166738078275339 0.004707540774673584 0.05817648727010181 0.09041405017844266 0.0231374903190648 0.002105002218388961 0.07416551119212396 0.02174029526125093 0.017843937484194026 0.004180445888385575 0.08571260416574476 0.03610133657526626 0.08530623067756474 0.07427840985370132 0.07343290838405665 0.07482938931556746
10 0.056533313791956606 0.033232327860007474 0.06490857879547225 0.0360157936283748 0.03293785794876295 0.04043251724150357 0.0005019705025561946 0.05369120594583999 0.029935449311233646 0.02931372051262521 0.08000247719432878 0.08204211974230886 0.0478722494320711 0.05822584837218447 0.07686988900013915 0.0576521401664798 0.08109330603821385 0.07741843668835559 0.013796654491180893 0.0475241433364049
11 0.07279546399005567 0.02474972588977206 0.05443010223396955 0.10602223783771497 0.0567526960481949 0.062196946919740564 0.0907317297102659 0.09374598845452867 0.026453304416547314 0.019037072518669214 0.06738453300821183 0.05207290128120227 0.08082724808137859 0.030183389136564452 0.006721747618189001 0.07564265918324768 0.036910926340061406 0.0167269402021678 0.014839947657089734 0.011774439472428294
12 0.07325564940261961 0.02445632486282734 0.09044340148402118 0.060716575418221695 0.01111126661236289 0.05590731218151146 0.036960957451137345 0.08074219939520635 0.0006645462319144326 0.003270131417836941 0.0762522615798251 0.01498725910625792 0.08947710613261359 0.07549884869739382 0.05634599830330552 0.046693958242729094 0.0714532776110614 0.033468953696440006 0.03845609408254906 0.05983787809016526
13 0.05575730892092048 0.02182127063143786 0.05786283669422749 0.09465472819203026 0.014244171135550798 0.07578308449686706 0.04333646660207246 0.037852683850512096 0.07511832625369429 0.0023489364895511026 0.049778590321455804 0.08743792218239806 0.015205534964620987 0.025123677588447437 0.08851685388906069 0.07828170367504782 0.002392710650215873 0.059158278145167664 0.05746563871806171 0.05785927659866005
14 0.08795126654442845 0.09217387229746325 0.019473277950387394 0.08074437705276791 0.033805402144254544 0.04633066597462771 0.015444667430744363 0.08015122877190639 0.00594030070663253 0.023271553847512023 0.024958975855586513 0.055434023436348775 0.03536955702306963 0.034566606604853035 0.08223812629868923 0.038708243328203475 0.03587154425649664 0.04895879609198883 0.05525118098056382 0.10335633340347548
15 0.08952431985637438 0.06869386112941459 0.08578799129092507 0.06068244069598471 0.02825219831788808 0.09014338037261233 0.04709901010054127 0.0459222178172781 0.08420874535506337 0.036761756399975774 0.060860819477044255 0.019894452223351185 0.09442596780799786 0.04045030137871378 0.034913910292809124 0.012067254764881036 0.06073339557932633 0.015842852137278485 0.010962145830728862 0.012772979171811636
16 0.018138555386950292 0.11447893692033645 0.04642228839947832 0.08286884497011558 0.004599059051125388 0.025988024001600777 0.10550581096029646 0.06802671704015531 0.02349005838031532 0.026741066979477448 0.0840348910114023 0.02192131492346455 0.006285763899787163 0.0010625141011399363 0.06016045949902357 0.07842010473177742 0.04142699362282941 0.03935086795292808 0.08426736643135987 0.06681036173643665
17 0.07198122199820495 0.03382658652173813 0.041257584599772266 0.007846287952879238 0.08384060540623588 0.06706770746095786 0.0492057890723922 0.0285833995128835 0.06671464386804428 0.019475310048302455 0.0009826975785647062 0.06255142947571951 0.040220403834386194 0.057598297977861534 0.05761941581708412 0.04861802144233472 0.03862471929649544 0.07427322608722446 0.07104522784239556 0.07866742420652303
18 0.06868192443542645 0.04469664591713545 0.03767415559114075 0.07313427064700607 0.03525662945825362 0.02769660228034129 0.05930561561704285 0.057317918141459305 0.04549841827463051 0.08033396316509009 0.04217617209924005 0.06938689923245242 0.05526814601027027 0.06401912779614499 0.005992278623232977 0.034314305947099846 0.06164607880845229 0.03899260448913942 0.03612949140905173 0.06247875205738966
19 0.02976890134989565 0.02213668322385258 0.03263724635214066 0.08596623079080033 0.09229335056277942 0.03895476810764131 0.014711300910602984 0.08510814352211736 0.07407120343901119 0.07857155531643316 0.09233765316729968 0.03430030277160582 0.028358764591472303 0.03204832182032461 0.025540267603430387 0.031043558532565282 0.05399645518151933 0.07850836388485263 0.014519392080553062 0.05512753679110238
20 0.08858020164525625 0.018207512718240126 0.00849337215521868 0.055768045862211284 0.07561892887247855 0.03726932508110138 0.0932914576626992 0.026186864052791595 0.07269474508814242 0.030570677361638574 0.01511752466238858 0.0926848690249527 0.049546161435884896 0.024290778469760903 0.06864127877751973 0.08841593295512772 0.033277268983737646 0.04922266307631072 0.020375189893626248 0.05174720222091288
21 0.08484957019391469 0.07763411532756398 0.0757974654937321 0.0890335068178551 0.026294403786253435 0.016611313963894994 0.060392684019406055 0.00368414199523278 0.06088949342127856 0.016449040099954817 0.05017549770599418 0.07097410714862928 0.04240508893787661 0.009698800887960168 0.09102192621627235 0.01626136925045312 0.05854834410235963 0.0785023580388437 0.043539807768768465 0.02723696482375597
22 0.004921448794971912 0.0014782994130267033 0.04050747336779357 0.055912826403385796 0.054220316257554316 0.052962452873108544 0.10244686429332317 0.011399577137974974 0.10305849516903133 0.07529745839108677 0.0023117412669208083 0.09526887435018781 0.028338209185601065 0.04608284771914608 0.10446262465139255 0.06070959561978035 0.05948577085450434 0.012414719798984968 0.05213625769254181 0.03658414675968308
23 0.02160503718064259 0.030771522182810502 0.09214932711359086 0.06085993909390083 0.08080703117880897 0.01853648225314651 0.03784059289419053 0.012752111680103786 0.02045634806173968 0.0007497886043299284 0.05397592292390222 0.09876004099170015 0.10614405163163486 0.022886058436031392 0.01503219698833971 0.10514979636815812 0.11853407528248226 0.035226194299978045 0.018320832914575497 0.04944264991993363
24 0.02717243474059029 0.08011608105761212 0.06773683771768933 0.05350373641684924 0.007191137890196267 0.05945146439904 0.0565080859076466 0.025660176516399603 0.019872705983152654 0.055162329485219146 0.034615628592274905 0.049545614330302246 0.09419419182948127 0.05639712240883108 0.0810221712278934 0.06600073543157679 0.029232558303602718 0.01074669042030461 0.043392366105951284 0.0824779312353866
25 0.04665511091841436 0.03725542636949836 0.06654707587698291 0.07238831483240157 0.0605973617093723 0.017103405928677644 0.07481844708339375 0.0789146968944892 0.018687506351715816 0.04298326656043626 0.04957034955057839 0.06277707423021595 0.029951000648915222 0.07006555838683186 0.0381895942157739 0.02035756134001941 0.039426351011854294 0.06132282210810521 0.07430902742475916 0.03808004855756423
26 0.10055247788114202 0.012266888915300112 0.07560919657216676 0.04488863372670407 0.008636532068239711 0.09528446896520157 0.07886746398131611 0.10548825067848183 0.10974897940021426 0.020832934912184707 0.05808016874722693 0.020185463075022322 0.03697227476985006 0.008677654281120722 0.07020442742560787 0.04927884386160542 0.0459374069537742 0.02423144883821736 0.024600582458478477 0.009655902488145424
27 0.04362009104161521 0.08603223714858785 0.06008291961345082 0.09633965894092753 0.07261987121866924 0.04540204997180766 0.02945739929852366 0.007319078039218555 0.06580399917756301 0.05083463293264162 0.09727441504338862 0.013568002521559182 0.02901781529714047 0.02273300304156072 0.002448058355289672 0.09367841408092904 0.04547882607659249 0.04126572158319401 0.02417005755421542 0.07285374906312521
28 0.06873146304198119 0.05819894014155115 0.036255991941927794 0.0712064605299264 0.07391369224056148 0.037710558867995084 0.02336539327239518 0.07984132496650223 0.01821733113242266 0.06362574306527616 0.057538045124559546 0.02832093402830317 0.051830299987826685 0.05181259082993255 0.05580475724344944 0.053305933279255716 0.004407272383666981 0.07922712432886192 0.00766304726278392 0.07902309633082066
29 0.08153217533473202 0.012137222883864164 0.07641944949605572 0.03630028139637967 0.015571026712052346 0.044796201926820274 0.05787521526439631 0.03760705798354735 0.03481181331261291 0.022727478354805906 0.03710918385078473 0.07852989621506559 0.08216663425165029 0.07209395417262246 0.08060026838598029 0.012326817158113445 0.05676472296291804 0.05507143545789531 0.03118671794325863 0.0743724469364446
30 0.045810269170073865 0.02876013558437469 0.05906465155195569 0.0719613044142501 0.006424651401692366 0.082071682587758 0.0902372867014696 0.018531981433189765 0.06984085533218369 0.04461799289779865 0.0643397256072721 0.038030299606015186 0.09442358775621357 0.03461969881361279 0.05864747440295999 0.05214482925650361 0.06975688794329353 0.008334967980196202 0.02595490576589966 0.036426811793286926
31 0.08631962639979616 0.024938367471510976 0.04672977993934166 0.0657565447257498 0.03619443758177371 0.010171819225898444 0.010114155240591708 0.08078751266335855 0.041894328852390174 0.08183527798862009 0.07323155688556503 0.07817300758121484 0.09207153863327375 0.0565899498230408 0.05079902593272735 0.0426271684817105 0.0037641930616193575 0.020954932309583875 0.08003753738206448 0.01700923982016863
32 0.04992399259419385 0.024810650083890967 0.03329939849600027 0.015465288144726011 0.018366241524787556 0.07805126930571965 0.09494324567295764 0.02990525303697403 0.026927944786322107 0.08297872446794409 0.05401169623195531 0.04890966516704386 0.07750160033296338 0.09192615978499988 0.07387698972061028 0.018711903357821583 0.07523393781372673 0.04802504024874583 0.03168071269147955 0.025450286537137493
33 0.06821298044991879 0.003573016633704823 0.0002193857410693317 0.0602320338045295 0.07573137666055678 0.04962737284427625 0.05386677512001657 0.01955645889185473 0.08000856069492888 0.06753566762635546 0.028205267992272073 0.06950665204670205 0.08208347573421632 0.07063774444858854 0.07368268110577843 0.03815174127871725 0.05726620203218489 0.004427425980045931 0.06205645243566934 0.03541872847861402
34 0.0301341057510947 0.015721067752509282 0.10006252938446933 0.1113429987836951 0.025606760870399894 0.0027345566151399017 0.1019274171202077 0.07615095360544323 0.05702649886523832 0.023376140481413246 0.016285084094183947 0.04947870839047522 0.018578017379093918 0.022591936265364328 0.06662315560883361 0.03582260110937691 0.04189587602035634 0.10999565323913042 0.020137414482952667 0.07450852418062201
35 0.019380020145199368 0.09337445121262065 0.03530440044410846 0.08544596608362032 0.0368189810590341 0.07946872309123622 0.007898691509043864 0.013950795163322897 0.04586899384345771 0.09157208498841293 0.0191181705926611 0.011086302866320936 0.06408777374551106 0.09085000566197764 0.06547776573377528 0.058634599247372486 0.05463042780957061 0.085911267117627 0.04084599816746561 0.000274581517661613
36 0.0905606573141289 0.06184792934867199 0.017438129181506317 0.030828575782802004 0.030577508449098692 0.06421556005465527 0.0365431341791715 0.1072079108190154 0.05340050131818338 0.0380561628571454 0.014473472416186565 0.07838923957554231 0.016783497703356843 0.06239605805545844 0.06501813512800088 0.04993994200682314 0.020830218251772264 0.076758397538865 0.030067689002023754 0.05466728101759194
37 0.03161974134074857 0.0057950284861683615 0.03944502129763497 0.07207760190731795 0.10190254364821409 0.06722579032848201 0.04537216929301408 0.09681586039378672 0.010506326784503714 0.034906990717733455 0.1019996080696459 0.007764453615862405 0.06395279420381625 0.08463360516819986 0.06954501133425196 0.023855087894149356 0.003123011774736329 0.06293501521989939 0.05881528199915288 0.01770905652268173
38 0.022844904033280277 0.05057096270785086 0.015455621337855925 0.09745669098122939 0.004339118923832364 0.015030053709183226 0.03486850842211451 0.07591202496687725 0.10196098101439946 0.1038411863718536 0.06569014839699845 0.03617811403649776 0.003137510142327272 0.09112757870183093 0.003926290880847811 0.1307150627263432 0.022025008537109987 0.034531799401635775 0.03323016965034529 0.05715826505758643
39 0.024819382881191204 0.047579960779791736 0.00305144481747032 0.05437850807272645 0.04542557864807938 0.0748045383054302 0.041068388109658335 0.07800954659605167 0.06084316087591987 0.07654047111231818 0.06631472326432834 0.0279737173329575 0.057678092182698905 0.06618984967103232 0.057827449963624204 0.05151010915683302 0.019802889955945664 0.054011862320803405 0.0295199442208504 0.06265038173228894
40 0.025515789857767996 0.1008509744640509 0.07313814663130673 0.03149811961882878 0.06927984167832743 0.008677483856305592 0.07668692134271128 0.03955698377464179 0.06101927388765991 0.039843530123671714 0.042923982052294966 0.025710380077929737 0.09258063245144284 0.07147004734254127 0.035134083917028464 0.04937975769268222 0.025337372190608602 0.006006713170754274 0.09735370404095857 0.028036261828487
41 0.01724886972204629 0.09361016932214082 0.030307642431668586 0.058625588299985106 0.02333449429254819 0.07530281352465724 0.08861292170297781 0.08595912581499579 0.0615136993961042 0.06654397796508886 0.06752405036140902 0.004619885280453542 0.00854943138466866 0.025566945832336423 0.030944665113932096 0.020473111268276497 0.08295656946156185 0.06532177894867494 0.0023995916295904496 0.09058466824688367
42 0.009778289679365032 0.06085236693817515 0.07234972596487856 0.08831350531997066 0.06257050740273892 0.004017066729546744 0.020784195092262602 0.001611371646880388 0.031182190612645988 0.05755480292775479 0.017603436259040928 0.08635011043503146 0.08261803881918726 0.08004364893804343 0.034273438777390766 0.085742681421772 0.06877494863805293 0.03292031034528879 0.009520678191349146 0.0931386858606247
43 0.06969235685418299 0.09126599969213388 0.08447107412355621 0.01856604741107791 0.05104221316350447 0.0852594867540288 0.05442207055668546 0.03150623513425613 0.027595018099492268 0.056697999938231325 0.013001064990368311 0.06279998225192492 0.0925465040884146 0.06055850870160334 0.013029785557609133 0.05393905262996172 0.025189760076176067 0.037815015868406715 0.04054014772480991 0.0300616763835758
44 0.048182977260838505 0.036251117595255476 0.056649485580356825 0.054391402764308615 0.10144628803883447 0.10266540391744586 0.01368288338090609 0.044767912345495126 0.07477498716233745 0.043853558128339604 0.01940605214177773 0.03900493638804717 0.08436550470600424 0.06074480217838467 0.007474857091397967 0.056041012245290955 0.02274928881142885 0.07117124475248016 0.0003063212320962816 0.06206996427897378
45 0.012923934668972703 0.0034813816858901563 0.061241271212572855 0.08200358531986503 0.08165988035960972 0.02892223774453117 0.030381485687264134 0.01748593141827907 0.07231563406811874 0.06346594499061363 0.08323224116392859 0.03951292688586491 0.05823478924912784 0.05991330355649608 0.008038247296838776 0.07574318420314766 0.049868743913166966 0.07215328703477009 0.05498064170831846 0.04444134783262344
46 0.06356476208743968 0.03026276447435237 0.028256237788546856 0.014841355963829374 0.06649302487653719 0.07176481856404097 0.051704514412110304 0.033729149228915754 0.04801067868814007 0.07861219727043725 0.06026998564973149 0.04210385665234333 0.08061470084891388 0.06417993786516848 0.0486256475877854 0.033992959100777764 0.04566885350208955 0.05388334496587662 0.0364991011943249 0.04692210927863863
47 0.031115925866424844 0.08506456877843219 0.10579497031973285 0.034232800262615715 0.07338636020523427 0.006459639005192826 0.1027465875207787 0.0803637135714922 0.00980789211273034 0.058923542986670685 0.03778934133663745 0.03763200286799305 0.032351644946541885 0.047948482933757405 0.0034535549708885347 0.03927038852548258 0.06966805976641466 0.07305794630375097 0.03958617752885178 0.031346400190377016
48 0.042943712857787406 0.030977724982463383 0.049870471103641324 0.05255896404969424 0.022051218978422396 0.11304833613269534 0.0453855909751617 0.039184858368790244 0.07392390912666218 0.07618663179063737 0.11078330489829945 0.057166471529426104 0.06811265904293151 0.008962411416069332 0.037432590609458645 0.059158065216791296 0.028832118805274806 0.07447458265357841 0.007163267423725645 0.0017831100384893377
49 0.022270400201067315 0.09790726435683497 0.013745819719230086 0.06545177871259752 0.07971444175837385 0.011279070119533063 0.08961397912485117 0.02406589661231638 0.0417485804100262 0.014879232145571894 0.016631159387788426 0.0736038837861022 0.01006407308097722 0.033420088348027455 0.054538911168737984 0.09889231108350188 0.03851707768834901 0.07933129919082069 0.07471270414480313 0.05961202896048946
50 0.09817664670250459 0.06029648987318573 0.026979882520097555 0.06545282494622194 0.07929199702935705 0.10602485688376015 0.04131259693829036 0.046768652235035416 0.027812957271490444 0.05235600780996257 0.048477636037144625 0.006162374520640872 0.05666482083467725 0.027452201216644483 0.05713110412186511 0.10462835087051811 0.036146183476072694 0.039482075217630676 0.000695677982449887 0.018686663512450418
51 0.015061215436331668 0.04800350946252355 0.05757493511792453 0.09069285681961282 0.029812442615334223 0.05038450457331857 0.0757860852587915 0.023556152070738332 0.03208038774674463 0.054030243471658815 0.00909255788619771 0.10244190881051339 0.03976080126379603 0.08573677488689474 0.047723483304524764 0.07001188121381907 0.01490675996812926 0.07914085500435335 0.004532905969508665 0.06966973911928447
52 0.014084933401534008 0.09809292840337108 0.0757943697992118 0.012535476815527446 0.04966293686765059 0.018739866318049678 0.07121468835509402 0.007839334512137622 0.07258400058077011 0.09428658981448049 0.06353214248455365 0.0529656128682639 0.0876173782143302 0.08970629976891839 0.07643745671697204 0.007737804837773438 0.0009819188298852539 0.07143183065684602 0.011581894437968034 0.02317253631666226
53 0.07373084429405746 0.027362976846736862 0.008037516693779166 0.09098601091489879 0.07855605183228452 0.04358992712866279 0.07984683064168364 0.0853078096139133 0.04563579104707644 0.0043251533933274305 0.01893635153309725 0.09399191097493878 0.030795998082201875 0.0592494584838337 0.06193340337158338 0.034630208035982005 0.03695887032348802 0.04110176591757217 0.03400107819467334 0.051022042676209196
54 0.018742028980589267 0.007294942666664187 0.09199724271013497 0.07258143658523142 0.0945504345458094 0.025899215799551335 0.012731989415291913 0.05786351160183895 0.03618351857060889 0.056677947584258995 0.02934048303790978 0.05578465989401065 0.07302547283850817 0.07819921258044596 0.08472003465517854 0.03557330937385755 0.018602582844960927 0.046985577218928355 0.08949953130897154 0.013746867787249296
55 0.05941707580180089 0.02521695291203255 0.07228456009835027 0.02395742721118937 0.09568145353518417 0.09067257715918611 0.10727379775944522 0.046655385338354796 0.001348634216299605 0.05478860442267573 0.026823770235392116 0.06583131741910236 0.02435409650821162 0.03822011763008054 0.0886939120237379 0.017023050285309257 0.02312435187571792 0.024856705200419486 0.10362385239429622 0.010152357973214034
56 0.010923769261231285 0.011241689774794072 0.013819247877241987 0.020717155529115207 0.04534734793702514 0.06530371641963811 0.05209071640694976 0.055933481507872786 0.10071616507534246 0.06839740812963013 0.09019463879718408 0.09257473343721569 0.03317881176594458 0.045806841217925644 0.05115115256127581 0.009052837971246471 0.06154025274989926 0.06525613855220308 0.08646617363135332 0.020287721396911325
57 0.09415380715642296 0.08271771160810186 0.05226357164275387 0.01002990062591489 0.0029922046151819683 0.06532270904664744 0.00838293287934118 0.0891661864768988 0.01200772254625451 0.06749932119225789 0.06440223754947907 0.10149311300952722 0.04682112712069666 0.04456435615374974 0.08678881691643853 0.012758480819682044 0.019404017950889182 0.02166223252954447 0.06639194109812858 0.05117760906208912
58 0.0784868698922393 0.03137530603097246 0.04521937295135944 0.06522022642474995 0.035454569305695044 0.04694529310819325 0.00406857986629366 0.03617716897292717 0.05556826047500646 0.07888436681871883 0.00570268438901738 0.06530974310296794 0.07365001343176172 0.10239135062792383 0.019365199736996918 0.11200832655036383 0.01891801729109893 0.042687967640561646 0.020654687635751928 0.06191199574740023
59 0.030757367427273512 0.04222456619897058 0.008497079362352486 0.03509765554558483 0.0022363613428958043 0.00775859059440755 0.06390385355123526 0.040494212325458724 0.10170621735914563 0.06234597504926796 0.0783619616402919 0.0997807402552763 0.08782048897301094 0.0748224969410301 0.06726088181522034 0.04536389356325703 0.014542526359638434 0.007895029542781947 0.08234294981449457 0.046787152338405996
60 0.0013490415213277456 0.07947177052140389 0.020549866924568408 0.08627618758501186 0.03144640769447117 0.0769978956123912 0.016254107377204802 0.0826090189984207 0.012366121974552759 0.0879802157652685 0.0014886374154573822 0.04967048572749252 0.06306015475061313 0.06959675740332236 0.04674636554724047 0.07606845449149767 0.028164555027146723 0.06366976533179554 0.07117714556284536 0.035057044767967685
61 0.02571837760119187 0.006279956507027322 0.07477956074196165 0.0001633991455375668 0.03434159921279859 0.021284039987829143 0.04938432284313112 0.06626362063326462 0.013170203000775288 0.05235067285833531 0.07254594364131368 0.07332360239143829 0.058199321014429754 0.05466850387542602 0.07469357095084049 0.08578159914476838 0.025119864060607892 0.07911432539608579 0.04837706170409009 0.08444045528914733
62 0.010657519972347766 0.03200085022100395 0.08865875977515787 0.019390216635062543 0.03365952898239428 0.08652766530187825 0.026089259640218878 0.030921952394103145 0.10410460808279047 0.07491638648583847 0.02863913882126001 0.06342774995666454 0.013970422303131239 0.02913214588357393 0.07442298632247356 0.04475009097467414 0.023460178643817706 0.01780825938034174 0.10150071113235952 0.09596156909090812
63 0.07817794701771012 0.04507747206161996 0.020821044256825454 0.004731586054958447 0.009533598740965819 0.020846844730055346 0.07701860000395044 0.0605983452337235 0.0917165848086006 0.024055356800708003 0.0828669443396454 0.08508762083089662 0.046513506390336364 0.05911089715765808 0.062088201069545816 0.033283707824677544 0.004721526569721342 0.048177919593802486 0.08092268756195306 0.06464960895264578
64 0.08213125596230014 0.06215202598029558 0.053284706504105925 0.08402283618148904 0.08065151576829882 0.020269192389157222 0.024300428059951532 0.0404444752548223 0.028822153732152567 0.06738513646999614 0.05159514222382534 0.08161009700838863 0.028492096246056735 0.040192546991522915 0.045779902845150086 0.059704737949821604 0.03423797957511416 0.008169149646475764 0.07121083377181357 0.03554378743926185
65 0.03950866680657707 0.05121069699904074 0.0712964440109675 0.0880110879282942 0.035917451598392575 0.011088903875583079 0.08573762254146293 0.10216086386113717 0.08856636570840126 0.004381197670769384 0.006600194262103343 0.03554637887294033 0.044471605264738576 0.06726577388145662 0.030688797783626716 0.06918709842939491 0.07401646034313676 0.0015361583776853107 0.07477481873058575 0.018033413053705802
66 0.03674657931132278 0.07991074896690932 0.05685421257848417 0.055309244572111275 0.07982622373019395 0.04090162298712358 0.011522320416815092 0.08990597398087402 0.05543109947706141 0.04559855608319962 0.04177362002877307 0.06443880906854145 0.0390157964015788 0.034294423907959413 0.04242521065463196 0.030994548043799097 0.08479518378028389 0.07223417991815877 0.037748172018792644 0.00027347407338554987
67 0.08389910667251972 0.013916973792147576 0.07120927238361409 0.042797437806494816 0.09281440778984809 0.05685592977912644 0.08664132690147572 0.00985529348836308 0.03280884602798562 0.032946804010166884 0.05844278730753457 0.018921809897599735 0.04251871093463376 0.07600130231985527 0.05801820335502635 0.0920542668953711 0.05079606282308348 0.05243752123370151 0.0011589880914511742 0.025904948490000936
68 0.05364223003401754 0.03364203650986028 0.0885564162384862 0.030198379462192705 0.06488405355233988 0.045136134070749664 0.05521595561291283 0.005758342007428201 0.004490230053162729 0.0543393606782024 0.014572550315653281 0.02409403768736813 0.04124159209592022 0.06414050735171768 0.05257905095620241 0.08950548761162731 0.09480619117276566 0.011793807934543207 0.09510005819803044 0.07630357845681929
69 0.04216913289523808 0.008975853283612953 0.043063412643755766 0.021211154527626758 0.019112188775179076 0.10263624712759632 0.047993193204424654 0.05585997405883006 0.07871785003611612 0.05205903811462099 0.01028215783385625 0.01613277481842895 0.04887674490487792 0.010441209953165699 0.10331704311344736 0.07368770748678331 0.04749619394112682 0.07759073235962549 0.07741470616192189 0.06296268475976535
70 0.025142958689790395 0.10133417609855654 0.09090688038542796 0.03886010620973412 0.013744560173566605 0.023994797859059534 0.11344108015849454 0.010527833447044393 0.01827783913367297 0.03732258332702555 0.08179043062639153 0.11127585150926467 0.008447003930326356 0.05303806162150873 0.08416985200653952 0.030897181926252227 0.021364230202688364 0.01893054157781766 0.009518596838660692 0.10701543427817763
71 0.044197018403063226 0.08592605011169867 0.03318364379870414 0.046700900356072265 0.027190475321420608 0.11185247127480079 0.08312320164367104 0.02105324872363113 0.005615754232016585 0.060259455226914824 0.10376360250297688 0.07753646620965361 0.029123613003279265 0.006324678946416708 0.08062513516222292 0.027520521069363275 0.06135666445473874 0.010643814957488347 0.06194154450931324 0.0220617400925538
72 0.03457957919840901 0.02995059401171392 0.07530886401164094 0.08145126628359381 0.015978939478295994 0.056275277610031114 0.06685981321290765 0.05348143220842073 0.031101819834229657 0.08331077071915508 0.08177701900887262 0.03803758022670515 0.08377980635983927 0.01327603409101108 0.03277807299357682 0.07286027793205274 0.07301670564897458 0.04182444545469922 0.03361707316493655 0.0007346285509338076
73 0.006950492679433805 0.021726719427609197 0.0781316157953131 0.049632245993700586 0.10360412664623816 0.04555380370814487 0.0023536521194524314 0.10978315772419801 0.0037817328982393743 0.00024220750418404394 0.023149133678654604 0.07953980764484762 0.05658642439154767 0.009388928837780324 0.02750693225455597 0.11230761308483976 0.09673186893993728 0.043779584570189774 0.07765783872574969 0.051592113375383795
74 0.04261372350205977 0.043024116594455354 0.08529771744404832 0.037749966794574034 0.06448133295131431 0.060244225696797465 0.005138385267224486 0.013610340152879694 0.10051676246545696 0.045206289209917525 0.10208622897658866 0.012443368518445068 0.03212658171645359 0.03620122865138452 0.042258034214401434 0.02270456968981508 0.050950269204202425 0.05005687702741503 0.09054188159903519 0.06274810032353101
75 0.06272336652529564 0.04911861746596084 0.07560293306954849 0.04493754603309987 0.04074165254962007 0.01396862937800788 0.058689016195923226 0.05115656951820185 0.01967064556846748 0.021765318760426665 0.03657169729085175 0.0763902220643036 0.05325281366505408 0.051558380264339836 0.06658967668353918 0.07108638094829865 0.027115987919374484 0.05865158209007417 0.08570203990109578 0.03470692410851661
76 0.0009566880934989213 0.0317220000832251 0.006757848817836459 0.06351767477804339 0.06358024405837644 0.034108287851241245 0.12040737714258076 0.05874383017837372 0.05775085223600259 0.035134874196397554 0.07888439467330743 0.11244510318213564 0.05494676027128233 0.02037013688853644 0.07291519439532773 0.012390323825981497 0.035707531704168356 0.01016861830787472 0.07545100123470067 0.054041258081109066
77 0.021584015767443714 0.0295291038870206 0.05673551776921391 0.03653095657529993 0.07529145691118094 0.045277898583771584 0.08077032606844542 0.050995193464877665 0.022429169464452395 0.04345782131024346 0.06196890755408608 0.0545712755170766 0.05062137950893086 0.05476014909026806 0.07333557511558395 0.019487507285642306 0.051386913485312664 0.03666053247035954 0.07287517989591805 0.06173112027487226
78 0.07903748163657329 0.07930227464812323 0.022035476143844875 0.024315010075846005 0.0053045792232110445 0.08471078191676401 0.054667056484194856 0.052020596045373096 0.09150977815357923 0.07576028374483446 0.0013512852232084641 0.056302444905786425 0.07977202978710717 0.06164943110274705 0.09811352004626898 0.0025764019721557533 0.006681067447945048 0.007687530832179017 0.02387903115497638 0.09332393945528154
79 0.09352855222459375 0.030507066778500073 0.040843362884875056 0.0464213357920743 0.09475517340730127 0.07163027587928507 0.01580328740201406 0.018946385669947923 0.05540828204268988 0.08792669604562652 0.0028942071048832724 0.05082232812389743 0.026136371185890666 0.09425369338814277 0.07598796176014798 0.0018228415858488403 0.09617198474303741 0.0013552230737069028 0.015448686696181555 0.07933628421135548
80 0.03127914737202549 0.06549422917197772 0.016134083712977705 0.08618367899923728 0.033870490654532424 0.0857650261208772 0.011556632550836237 0.09475431179666946 0.09005245084224466 0.026275398068268493 0.039964448657216094 0.0024956001164045376 0.07477221062539273 0.06295150289037804 0.05563522537159175 0.08853905398452722 0.028532199798178132 0.0005126700902509273 0.034264747238560586 0.07096689193785331
81 0.026772479579136657 0.01724298796383706 0.033976080865247775 0.07755925117826366 0.023424568908532784 0.05965039427951761 0.05145741415534207 0.0022584583021603238 0.07587575324392842 0.0014435652836609436 0.029774129688413312 0.09755976105222396 0.09797858588115793 0.04680082161044609 0.054108707324114505 0.03180020873313811 0.08028176577325188 0.05935534653797392 0.04239707666257241 0.09028264297708061
82 0.05940754928209102 0.05250239474412577 0.019365919761673407 0.02061524692199788 0.020857440204936576 0.039236218409405846 0.02479529324261044 0.028811746173521162 0.0533500067130354 0.08016025274521303 0.06749433412986146 0.039176326321165016 0.040500609459931294 0.07352953167777312 0.08208118775122412 0.007054860308250136 0.040442342280773244 0.07774440217370467 0.09101887500904554 0.08185546268966076
83 0.023949532043332483 0.06182169009147405 0.0875251359323691 0.07184063921079996 0.02081812869305551 0.00036535884855096553 0.05780167575446435 0.08387047586706955 0.03899751771977183 0.004126397746216409 0.06915298756246023 0.03526075395115236 0.08256583166899345 0.073581506778406 0.0574753246060751 0.04897637818923469 0.08283520862868006 0.02697699179107971 0.027898911789604408 0.044159553127209865
84 0.06384428031186998 0.07304910710649185 0.030414576037633704 0.09386969477150117 0.0848791319087852 0.0008352459758573601 0.0563843926178216 0.09591578561156272 0.02101249728296207 0.015241524776817901 0.014637760550170704 0.09085651890900534 0.06446924248957975 0.0068999161456824165 0.04149049103306924 0.012041027960483112 0.045712348318001694 0.08717880570347673 0.0035088123290154738 0.09775884016021207
85 0.030813259877302213 0.030514859301319856 0.05797476641743876 0.07421678262847486 0.051785326417897765 0.08495455573681726 0.024637168148908446 0.08352933835020325 0.07350792993175088 0.026231762975775716 0.01613042134514178 0.019079999571735888 0.04350767064986555 0.004857452262032179 0.08215132182283431 0.036336427098038734 0.008112934754402204 0.07854648457438937 0.08637379664443305 0.08673774149123803
86 0.0004969303474659256 0.08569519070437522 0.06904770916596999 0.09251489763059356 0.07943325416501042 0.01286435211016944 0.08415229023060417 0.04470517721904414 0.06641449003628044 0.03343886496435561 0.08212545528882371 0.0485778558493911 0.03996668334079637 0.002209256783145684 0.05028571363046593 0.05943160758910947 0.020923871244534393 0.033384622534977815 0.05055778450997631 0.04377399265491032
87 0.05711050554923974 0.006441549953602349 0.017184217771005487 0.045764434343236265 0.039240614355003714 0.0718206074155994 0.07088590608938398 0.06931996319295228 0.012494559149601599 0.06427597907824048 0.07726804541231831 0.08124438777952461 0.06794309509362813 0.048387302048546854 0.06640994127221517 0.03023683976064823 0.05833001036237319 0.025520379274459236 0.02830913863796031 0.06181252346046055
88 0.045829730229071886 0.03855359878142524 0.0482270259353067 0.03698819391101024 0.08857234639524676 0.019725284465419938 0.04035658327953182 0.06111898264167315 0.10138131287033902 0.06153905864927706 0.03399509943324536 0.08391683293253871 0.08466095902049296 0.0527208794988736 0.0016730346614047438 0.08439934269798988 0.050214400563848134 0.014173205485184493 0.024853403346525072 0.027100725201595437
89 0.03548490105988669 0.022364007075910772 0.030877128175638275 0.04836876831415854 0.052379010790914386 0.05739662996919547 0.06718418723812299 0.013158661955646814 0.026645619771786293 0.05463284565743174 0.020319796942185206 0.06800388389641843 0.0037427810852489678 0.09926498791467536 0.10692247616348484 0.09005233491256466 0.10132117516553894 0.09293644059804451 0.005582646531382823 0.003361716781764341
90 0.051541879878990254 0.032464661927666214 0.029156199284440788 0.04476801126144179 0.0907769307733837 0.05918715172741184 0.04180474252363509 0.04080926383915298 0.05390391003652183 0.04480983128375669 0.06971826194338221 0.01566875656178607 0.061774632819108236 0.09112278823615659 0.06868066093772696 0.054830000541813556 0.07553178054805275 0.05913081750957395 0.008138625417249518 0.006181092948748833
91 0.052563651189652234 0.011191876737267119 0.08804584657114872 0.05068489215560329 0.026460688330268854 0.0652723099594627 0.06810907091427477 0.06751583444930528 0.040446829252026716 0.06762133386027977 0.05347139361057768 0.07815011988057835 0.05317619441027083 0.033838338813234184 0.07089724448153739 0.0252832958581741 0.0018503699907673862 0.02874398840205802 0.09360521188908537 0.023071509244427378
92 0.01848332098546734 0.019918641503326166 0.053566223424209865 0.022805519147255513 0.01720534833857042 0.01162221543314645 0.10409005523458734 0.03369879013700324 0.09256965571035908 0.049287443792585386 0.005815078207530864 0.07297868933480878 0.0848816287786809 0.005498315147737404 0.08873246247048495 0.06088366851436434 0.0759381172902281 0.08241521758870028 0.01966645009890665 0.07994315886204684
93 0.02167205096310097 0.028468375679686637 0.060917314781521674 0.03500149018057096 0.026203125443112464 0.0428857542753346 0.048037861126742576 0.003413759966241026 0.01086058236083434 0.11051558496355082 0.053375175878931404 0.03603654619484077 0.04499683452693826 0.10157359730984167 0.08055948180912186 0.014092958546978368 0.11170583145049953 0.030492351164486366 0.021103682477038057 0.11808764090062769
94 0.04206068679070209 0.04183009815628931 0.012917793762658203 0.05632183828612178 0.10075347714085084 0.0013318585734212152 0.05922682710524494 0.03312045431832876 0.0027021675580630126 0.0038774333801821726 0.08545589880347228 0.03054753277919365 0.07895415889651744 0.1009718329580919 0.014140402121135032 0.08881370480145351 0.005108854478361034 0.13965964278877008 0.04979139042754242 0.052413946873600466
95 0.08378396094062389 0.00517215578139861 0.03541369210507685 0.053157263926483116 0.013901399637938875 0.08561566016082457 0.07998258788450838 0.026514248685901288 0.08733623479083043 0.0276419870755107 0.08168729517665077 0.07269295965329031 0.08387924836217364 0.05066521489095577 0.0015120566688999481 0.08050319319684579 0.05563073158184379 0.06797995462089956 0.0034007149260467558 0.003529439933296799
96 0.06522501399765404 0.011776723750861893 0.07471419759988414 0.02404061636192376 0.08221949586686961 0.08278140780078774 0.08219409419981005 0.007635767937779144 0.016012244460825407 0.03927349380127575 0.06869352531904171 0.022817133961236885 0.07199529144955448 0.010883501251505402 0.06025607937127736 0.029233079529633374 0.04320552692509248 0.04953105793307614 0.06192779039238557 0.0955839580895251
