0 0.06363435090995968 0.0860518095571573 0.08421963854843946 0.015110389235638866 0.030020051074368212 0.045819977490672376 0.04170412893690851 0.05316485290992958 0.043635432060219456 0.03410335574667163 0.04042447152193001 0.08607889558853032 0.041438816245043246 0.07082217258352684 0.08331485693019139 0.056116496964568 0.06369681836776434 0.029905352902848827 0.014121330769664564 0.016616801655967253
1 0.053689453358877925 0.0657654671719614 0.07087051531980455 0.08388693567627965 0.03775252514598333 0.015604361179023302 0.04090227125808794 0.09399098299739858 0.061617203979409424 0.05571363317580622 0.003756361917080521 0.043161457541851904 0.05424487576353023 0.06124576002861448 0.0019592958278754576 0.018267881155257702 0.0438012611916868 0.07788299342876742 0.04506786577735939 0.07081889810534374
2 0.022544396439047647 0.0007632451319478141 0.06027416128762278 0.0012455726008947167 0.09602174161681132 0.02715854706774658 0.07126792427607329 0.0911920526733273 0.020699618494225795 0.08422542764533301 0.09519092061070579 0.06942793915580013 0.005945515539759958 0.07600652249599846 0.08729088115803019 0.053566686022073325 0.0003356483034939809 0.07382592507125062 0.00034441601425689645 0.06267285839560041
3 0.019802506793504412 0.08087892629098653 0.021989964146969077 0.06491696421151912 0.1026648038067209 0.08936849040483318 0.0038669169478244042 0.03195161503460783 0.009895050434372207 0.011391049349323895 0.07519991933012143 0.014754545405137667 0.00908987507975331 0.0536855204465354 0.0891914034675305 0.03709405128486027 0.1070929371093194 0.05374465781552818 0.05591026571845971 0.06751053692209244
4 0.03334789391308288 0.046736099167950594 0.0334311745188302 0.0879373768566862 0.052699390505365415 0.0836572058733322 0.037907917272454045 0.06002680817878577 0.08076985240476736 0.02821723356133325 0.043882232859654355 0.025419844975947566 0.06245352884369687 0.06281352124433306 0.010656445654745625 0.057987788808832375 0.0848944036647396 0.03979187736173712 0.04016098281958173 0.027208421514143852
5 0.05470754232647322 0.007568843343886344 0.10936574165847666 0.07087969150736198 0.022485270822534244 0.05943772078176047 0.06570970882897438 0.059054319616234224 0.036199456945692265 0.08356802177966179 0.024878928324501857 0.10334188251882383 0.04975071875769797 0.019175034761863465 0.056291991173164205 0.09230796465732499 0.027250356163183862 0.009902271310931748 0.010298951276175555 0.03782558344527687
6 0.07908341422879929 0.051893347677174406 0.043083742289529096 0.08153553937015455 0.06549442961028956 0.014877475519695793 0.07631660571483125 0.009889664370906897 0.024670701284360854 0.03995685472320265 0.05466671242434529 0.036146988817242175 0.0738550236592676 0.07081846331163996 0.07451201074104183 0.02199138580945305 0.08491744832711101 0.03455656901631782 0.006232960755784541 0.055500662348852405
7 0.015897074667794983 0.05502251524470956 0.05894923990622372 0.05768024899170301 0.010005762830633754 0.014288342147752358 0.011365544924205714 0.031968506466951145 0.08253623972801313 0.06800690179683555 0.07787880359338835 0.04642964322342352 0.08502506913695665 0.08229644528042604 0.07228096449593976 0.07304006640364955 0.05553112206383519 0.044289771766222466 0.01621183322816262 0.04129590410317302
8 0.004783785241599936 0.07398919154358251 0.04659253806069174 0.0586135374056112 0.07952025271179324 0.05940515104019736 0.02654032970899038 0.05207500900262159 0.05667583968561084 0.025381022114530746 0.06681199505323596 0.06232967085348852 0.044292535141293894 0.05109473654696496 0.06958644485258902 0.042242628909483305 0.0090695250772157 0.08537042391799755 0.061064395777339756 0.024560987355161743
9 0.044970140018020154 0.07246736955316836 0.012098871341507509 0.013775382541416172 0.00888075855147683 0.06826457667585013 0.06479227173931064 0.08757519708890867 0.08352666515471377 0.07134363518508556 0.07875492665724203 0.08888202058616092 0.0430055428257581 0.029089951397454433 0.054390536942996774 0.012476923559944283 0.0875811012545938 0.017436591124585853 0.019417226200409858 0.041270311601396346
10 0.048342187464684334 0.026668689281850434 0.02446037498102267 0.08826637406897204 0.05928988976344273 0.08337672969414107 0.05708626787693684 0.058861399994917886 0.0765319286834782 0.03324431595049926 0.01798673085354268 0.058096484765120304 0.08531550937290008 0.02623754467756445 0.055932665580956026 0.035478017604843065 0.05521922106021523 0.06461949999919517 0.019927764391056646 0.025058403934660935
11 0.04091273996203319 0.058061099995512816 0.0500792851452441 0.0732777376383522 0.07947929758714951 0.014095254718617653 0.03955908759116839 0.0675848093089098 0.04403943584329498 0.07115150865728032 0.08870420780506048 0.060812621408991074 0.018034819161719295 0.04390335129705436 0.06981647321579287 0.06511623354835712 0.016235873153500772 0.03909601215368167 0.02470145009862952 0.03533870170964994
12 0.02859222442703794 0.019162042307073083 0.007986862515038277 0.08519450932760539 0.0393981078098201 0.009622347467705671 0.06548195726811523 0.036517126280521915 0.08673125515996903 0.009738193665711834 0.058387344904520494 0.08075690083664386 0.020137552695960556 0.0852594465693347 0.05459973142462644 0.0563232995227031 0.09142839582007858 0.05356285647216674 0.026571999390385393 0.08454784613498181
13 0.005581608029613989 0.0823506245172914 0.08285020963948533 0.036573979577061516 0.07541766198559584 0.06682995311905095 0.044955494012722676 0.03907773872466214 0.04775175073727875 0.04577145857936057 0.055018375167752924 0.07363307811881191 0.07748579075723913 0.07122563934797893 0.058054691599560795 0.009110951937156804 0.05125274164320594 0.017985481034937995 0.020545866153249857 0.03852690531798262
14 0.029699262365978144 0.035061002022252534 0.037478790126798806 0.037967330386029126 0.05212465537037554 0.022529142840184646 0.08073412609185557 0.07840357447544542 0.014640161577408203 0.054491102426357595 0.0698071292381558 0.07211011163533487 0.05231984398974486 0.06757372691960635 0.029400702856801054 0.06731098401069932 0.06115801378004299 0.0382294180629955 0.02966215301924182 0.06929876880469202
15 0.12416021350998108 0.021878780358174983 0.04556364165200813 0.04083210565988891 0.08624706334611511 0.08031576555135407 0.026930474695165338 0.12450121258286004 0.04585542174276407 0.028547447300251418 0.07398111993531939 0.007245920740864118 0.017392551981476136 0.11883858950140812 0.015166482188579888 0.05459916246255085 0.006542960822992176 0.06234449060875543 0.017763926028448368 0.0012926693310427082
16 0.062345199503340346 0.06146691793681609 0.0496759816682584 0.0232648442005918 0.06462723033615676 0.033788975856331366 0.0036133055558733034 0.0760866234576615 0.08510301490285002 0.03737629768972594 0.06132014818665459 0.0428854903816396 0.03428665256487978 0.08822743569684245 0.03294961184515792 0.033774390462472666 0.06443283060909046 0.06195082695461581 0.04850515793463451 0.03431906425640648
17 0.037560202374431056 0.08576305036088876 0.025459585177252678 0.0069937785857931475 0.07163634208211912 0.10704286264505468 0.005518126822427268 0.008619619117795907 0.039720237233539235 0.003314297598591076 0.09319698255252201 0.029381484431626907 0.09816260111243988 0.0991724101049043 0.0064773727120112905 0.0818543066961733 0.009601771407689455 0.03944899653744249 0.12016467265405906 0.030911299793238485
18 0.010097685022882821 0.02206665216878689 0.0008468031649644293 0.0391297390969354 0.08423289013804271 0.09398321391299724 0.06423955443936903 0.06417512735381985 0.09699247110922894 0.045937081831720156 0.10045204096976948 0.03548002041869977 0.021802154209172902 0.08609833993480019 0.07316560877031511 0.04421842818821525 0.002207791354235451 0.022739067139392662 0.01475324803640426 0.07738208274024763
19 0.03983527791467013 0.04172469809300527 0.004061919149354193 0.048726259565372576 0.07240500676855949 0.03283681112944854 0.04017026503529874 0.012788964400071183 0.06863803727928376 0.005406918614638382 0.07643826364476292 0.10122770706195668 0.08270478256656313 0.06251001152733088 0.0890021117425836 0.023012202326470263 0.07219736729507659 0.03592483578501842 0.018977586789347987 0.07141097331118736
20 0.04343815590654629 0.09244777527098386 0.03687295590919654 0.06538528218797852 0.013386658361090195 0.00661831806313615 0.03714646654126781 0.013360603511995719 0.0949762035204509 0.11115835818004324 0.10687298754467082 0.06359706225093867 0.06372633919317636 0.026653828854414658 0.006523316203741406 0.03257029038416517 0.013213940389534221 0.03356234220549685 0.026843281370773867 0.11164583415039851
21 0.006429066709533343 0.05579715881925773 0.054954572432359725 0.0627460830710124 0.016950510816757056 0.05520431457641974 0.04600655662330863 0.07735001067796446 0.07691202634765312 0.028461604243040395 0.03225411863049333 0.05933112663725045 0.01781067230365961 0.025321522096090794 0.054027198244414154 0.05843070295281174 0.060998296420202006 0.07723382555879853 0.06432616461608005 0.06945446822289268
22 0.07812423193318194 0.03845772610618831 0.009256132168020893 0.06719836032933739 0.0790432725224825 0.031217384161466778 0.01391955378623719 0.07587581248006918 0.00889866165866499 0.07274803252918953 0.005103298621739162 0.075066287194612 0.057615898747709574 0.07106536767898744 0.04609783076170267 0.08216101298477343 0.03958925124183321 0.05558977758082857 0.059101879198820054 0.03387022831415506
23 0.046019358523841224 0.03672488843228072 0.0012201125188453432 0.03262768197262523 0.046191599446047796 0.04687587623471395 0.11097197533647112 0.06370442654683495 0.03382813420286044 0.057781312814807695 0.019180452817623594 0.06941406564636646 0.1046449023017786 0.0043771152843958 0.004734770726139414 0.034845315450334424 0.01604470548288937 0.08494768572527767 0.08261209122646491 0.10325352930940122
24 0.013280854305414171 0.03401799275260118 0.07339729323622689 0.008657231842901694 0.05017166233743114 0.06141030666379175 0.08081612717930232 0.025506716196598608 0.06223207156093833 0.052231027115916435 0.006850225595909004 0.07121900747295538 0.06390988491505784 0.042779311252718756 0.05550739567637136 0.07167107810954977 0.0832616355138471 0.06584334488817423 0.03424772373557419 0.042989109648719756
25 0.054782863375485255 0.08300275043381157 0.0811804378015989 0.027729904049474972 0.059760502489681885 0.061031212834849864 0.09203854929014686 0.03763047639064866 0.034310078728713764 0.06155095266532616 0.04720665951880769 0.010179299175172263 0.07261228775382993 0.04152889834528399 0.028931224854330088 0.04367862136549832 0.02855660112412768 0.005720908708962356 0.02653099476657018 0.10203677632767957
26 0.020736640467350808 0.06471509116339526 0.001738575604344421 0.087796378338811 0.04102080274484192 0.09029385138429384 0.024991671502039393 0.05129480525588846 0.027429932712049705 0.07669809053010382 0.03290720424289681 0.05022505893156344 0.06025505369248615 0.025956761542058268 0.04569415586480668 0.09045301714474017 0.03622361701694682 0.08314081794456164 0.06715775347483631 0.021270720441985275
27 0.000625143700374815 0.07021809601940253 0.08306124877420303 0.06844236176169537 0.02899948403995202 0.05838202236442585 0.08963843373668062 0.003895916606066226 0.09037935023278452 0.08568411130445179 0.030372172144613744 0.06524759203618748 0.017268579277012135 0.002593413120660969 0.030974157580127493 0.06903261847975177 0.05941329665831683 0.06569960660234131 0.0795396945823949 0.0005327009785567394
28 0.07073815400281963 0.07202429104459539 0.06881933730792333 0.02504414646422502 0.0464953402868977 0.09436468188175551 0.013822452559698268 0.10555411965353748 0.0069552213929601845 0.017909924152811917 0.011105464650996412 0.0006989230360453312 0.012320000041437584 0.0475027388208939 0.07573087064524167 0.07535032614001917 0.05288308874564934 0.08816553717698722 0.012782926340598187 0.10173245565490693
29 0.02194858338651458 0.03503379269144811 0.034718940302537075 0.005278372627280484 0.0690098988746494 0.024001164913263217 0.07704922566616106 0.01626304019819721 0.011180335680236056 0.0951441154292839 0.09373254485180581 0.08922033490596988 0.04476406288446702 0.07749995558741048 0.03614225828261066 0.05741508426106481 0.049194323537181055 0.04309089520508263 0.10250026724232093 0.01681280347251559
30 0.06706387776797781 0.08766475649935986 0.03540731084222002 0.04908270306304191 0.06868338610649535 0.061028183313416494 0.06203080185315294 0.011607519943057169 0.03245548584883924 0.025323895199351912 0.07162125171261058 0.07992542721497876 0.05510702183266604 0.043776944266332926 0.006584908620771186 0.0018151022135976965 0.008311406056850282 0.06524597961630538 0.08160439298862904 0.08565964504034539
31 0.008266070929531091 0.05440283612008621 0.08675671645877729 0.0552078024303398 0.046284963586148364 0.07031962769958545 0.0574371660211504 0.009771642962938218 0.08113777972961138 0.06113998430257042 0.05774914140661989 0.004774132989138891 0.09380873430983243 0.04282640743223117 0.0033568791178764106 0.050927640595282535 0.056115598248093534 0.0754847271417387 0.011894083971511935 0.072338064546936
32 0.039332131379272016 0.07614343264758687 0.07138497027124813 0.050293486617707585 0.012633858019658098 0.046203481541880476 0.14253910881545256 0.012850291266895407 0.06079045124533884 0.03536971554836019 0.0824153971796952 0.09636074624388496 0.0008219361315256354 0.02672987596985669 0.00978760255977138 0.03893709939466582 0.02320631273354747 0.0005077018553662918 0.16762576810256544 0.006066632475720892
33 0.01597073355937088 0.0558589342086625 0.0032617919347660103 0.052306355540923374 0.08055091244223678 0.0753624703984367 0.06989905289137546 0.028684475126030708 0.0028883650465471897 0.07645604707256523 0.024768043295708343 0.0712755415519045 0.041260946917773426 0.039859947066399525 0.05350783118731533 0.024543066256524915 0.08822395095787504 0.03939854000300942 0.07355959548263419 0.08236339905994035
34 0.09205766283791587 0.08347989611876473 0.017359070970861236 0.03557056315608955 0.06137961293417048 0.08478363499075464 0.031911013064181204 0.050871598252013865 0.04980040637476937 0.07497111137359388 0.03306910818585793 0.07505715457527352 0.09003329583572509 0.04011106334702595 0.09263493945252546 0.040130941102988975 0.00318013677183487 0.018191400406746532 0.011367082325309854 0.01404030792359708
35 0.03709289146718267 0.029394098968766106 0.07786646519075283 0.014021998500674324 0.04825731635362369 0.12211687124595524 0.036811308321507634 0.06815296989177695 0.035992568970825964 0.0413552023450401 0.009470216531574167 0.011835942221726403 0.0025034291774856145 0.09011316067051549 0.01105399506868753 0.020315017509077223 0.05663401546996981 0.07788608747095685 0.08238103767006477 0.12674540695383665
36 0.03464936498606379 0.010564461700700195 0.031821346231772914 0.08224747392552845 0.04796815620487457 0.005986818193432616 0.001877298475093173 0.0936774811846469 0.038582769171481825 0.06935901030263625 0.09064306394642162 0.024645228319466063 0.04271539471410971 0.022703430533037552 0.04477994691828017 0.06459162274140096 0.08366177896319144 0.05222679627636041 0.09255050275748852 0.0647480544540131
37 0.03197325797533749 0.07217223650201919 0.09090481564015439 0.0823679178153322 0.0889438879752846 0.028087987156889482 0.008947588570788374 0.05786736445101046 0.04337495853410326 0.10850999641341197 0.016939410810431908 0.02226295021938893 0.056121089183664666 0.016376336044746212 0.0276541233410271 0.04778459169806 0.02845147737787911 0.07534213886506884 0.08065905173861605 0.015258819686785786
38 0.06575278592430973 0.061840160879752325 0.06987381384388311 0.017878570914764604 0.036332492649262194 0.07086572709178712 0.052516118133151546 0.07063574718022825 0.0004892985579063938 0.054903058202217934 0.050271677132049636 0.03300151471192574 0.050238604048045206 0.050389600744997744 0.07337620350603187 0.057624786707843045 0.04460215606603403 0.01956844643940516 0.07585286559911529 0.04398637166728906
39 0.006928982273207721 0.026217280065222285 0.015841775596099523 0.007335663811525301 0.013819267028523426 0.043455372771258986 0.09187881575815139 0.09565940138784877 0.09265681528415089 0.07410406730202768 0.012239124524564125 0.07163035859921968 0.0862867985731307 0.07066234645221431 0.015121410689854608 0.03066161737264217 0.08957804734299071 0.06660524170913529 0.03169923170220175 0.057618381756030845
40 0.02789409852343337 0.05230932741083284 0.06449755043841747 0.05588758279796107 0.04809146684022837 0.03890927068344979 0.023904888997473544 0.01816852732217418 0.026795341663124642 0.023649585843713388 0.023538045542319523 0.08600991413408765 0.05406825341930074 0.00201538922144657 0.06817339815730153 0.08460481758492445 0.07625679958090897 0.08853742540625906 0.06870876143984236 0.06797955499280053
41 0.039907329680507475 0.07786463377820046 0.07938371336509147 0.02843325220896972 0.03965202064428053 0.07199779089358473 0.000684027486760238 0.023561394317988215 0.04968718035619206 0.08346776948248413 0.044885471673218665 0.04194056259394899 0.014273739125427488 0.02833258075922451 0.03535002200277692 0.06417664370671734 0.0849152304698777 0.07796442211857803 0.02256095749841017 0.09096125783776111
42 0.013622293718698296 0.10103044013085193 0.011537793325177017 0.11707805050023168 0.0052963542996052205 0.07651389861421337 0.008510412513563291 0.06338231017287133 0.01309519703633507 0.11503218662126496 0.022035260716534878 0.03387983737552248 0.07852532710072453 0.006839354141792666 0.049525909875501414 0.03662922389260799 0.0038202394621301003 0.09277509982022518 0.08252519155929527 0.06834561912285332
43 0.02409354094534741 0.04498423668099716 0.05464193006169743 0.05881166633373304 0.041030949400549487 0.06676364256021086 0.008558769076333066 0.07804075867180642 0.06785259730605822 0.06969136680054716 0.03783881472765128 0.0013601311273985098 0.07872864617191075 0.07667024207149023 0.07450962258693664 0.004014417405010144 0.059458381341861495 0.06862482634559901 0.004164032229513708 0.08016142815534817
44 0.016418739812191004 0.02906403265782098 0.025983054412489787 0.059400568439024866 0.0666794493562542 0.08992362983589416 0.00861409993220336 0.07834478730064866 0.09460767380602114 0.09124169428991541 0.05033931103256235 0.0715743821455959 0.05390751404306362 0.05337221234125217 0.0027322457152191113 0.08121079938805145 0.029033869198847064 0.062265722312428405 0.02281075807198611 0.012475455908529977
45 0.056641113484169364 0.05990193173153477 0.09115937892991686 0.0770235352860972 0.06410507608853143 0.003708837180238722 0.08585054912269724 0.06288970777685883 0.0385597303533234 0.06545677038697617 0.010910828354689118 0.06058111668355522 0.08053954628668399 0.021529000048825603 0.034374772347305946 0.012222565755611236 0.049071229354780165 0.042850348958187824 0.060088145026012806 0.022535816844003992
46 0.0008386039666338201 0.08528243007508182 0.04633123734568239 0.034039858468232896 0.08031906119896694 0.0003067198662915378 0.0686971892149614 0.04218690071323009 0.02460977905120947 0.04934775915852443 0.08873521414788944 0.06664780553501697 0.0837861289254123 0.014724283832487212 0.06705042827882048 0.08854956390108494 0.01177394323317077 0.02047629841328367 0.039488601595339144 0.08680819307868055
47 0.013330699386676408 0.06798732083533206 0.07242106172249063 0.07229102145434342 0.07188668521528008 0.0735063227550865 0.01743717665604612 0.051547258606384073 0.01916205535086674 0.062050127132000865 0.045436285002751584 0.03738831199664468 0.0603607541622107 0.06631851326486675 0.0715775087700346 0.006487349261596756 0.07104126367540013 0.03510847783505437 0.042932080434412365 0.041729726482521226
48 0.045372344766575826 0.08437630576269496 0.04225286028666802 0.01791347026631532 0.0615599957986425 0.07795236955920708 0.036280672988475024 0.08621769741983737 0.043779073256595115 0.06827719427729823 0.06538493749697029 0.07386441335537706 0.0263142378488951 0.021481411138589195 0.0651245235488639 0.0033796966562303164 0.03425123608792077 0.0029091076631453266 0.05263350561610504 0.0906749462055936
49 0.032939838467908045 0.05184919794342841 0.09365166140641432 0.09831344282451969 0.021712431203063227 0.03490020483552544 0.038696108627998854 0.06010869682799162 0.025022709971842565 0.012845284339945248 0.039037174663661446 0.09482387211037148 0.053499907366781084 0.012041340265941843 0.03853740961117879 0.07262833123187638 0.024933936084649156 0.09680310405661754 0.0032700061086542026 0.09438534205163084
50 0.0954153882719702 0.02567024880258587 0.09763792317396876 0.026269070424067932 0.04875632735711319 0.023699384077333668 0.0024540995869400616 0.027924517875060374 0.040667004960411555 0.09287171241831194 0.05846415057403943 0.06005432233080932 0.033399693371119615 0.02037565223887936 0.09275614531757638 0.049372807559618814 0.07443500039847172 0.06421909341840396 0.012769516353543888 0.05278794148977401
51 0.07380370021006478 0.07441324832115141 0.019772965339478858 0.07153218120373432 0.006584401130106286 0.03413203433676761 0.04817423840263471 0.0804896239644933 0.025100978085431706 0.07934575099074005 0.06890947438784722 0.05044358142368776 0.08808632437221008 0.06795792602916292 0.02432245679686246 0.06681259932125519 0.007482910777967915 0.01915899827247156 0.005520283729457069 0.08795632290447458
52 0.016030403589237255 0.08745901887643699 0.05900774247777019 0.0074605262123605375 0.005087263791084145 0.06802574261574588 0.030442014723173306 0.05529395180908795 0.09806694133633086 0.04238300208745795 0.09211707967462594 0.04326040331507105 0.02337032770364601 0.07293697628131424 0.003757604683635494 0.005024553471029426 0.03362836258136183 0.07001666720117053 0.08187151431616742 0.10475990325329318
53 0.050417817199591576 0.07045061792835165 0.06133620828436881 0.016293667930222945 0.07494010232144956 0.04729961157303612 0.08156376467064126 0.05209707855921583 0.05128477735623848 0.07252653866457823 0.021446520504720127 0.02346590861576576 0.0774348454269667 0.005905821366417085 0.023788842989006975 0.04636880431592314 0.0402776242437565 0.05842403862316665 0.07090738685956839 0.05377002256701414
54 0.06600188971946737 0.07046472185937427 0.08309021355583658 0.003484005855474193 0.002976788349822152 0.09129590036402452 0.014113884567811699 0.09857624256177615 0.03917863544093153 0.03313099941160061 0.06953809225534538 0.006874210289131829 0.05070829266634281 0.07469285161368058 0.014071818150296352 0.03734975858302306 0.06481314156076315 0.04703254109606672 0.05483597109543583 0.07777004100379525
55 0.01684382643861933 0.05146719300149997 0.012067970711051543 0.07972597535195279 0.02029336529692235 0.02291391589208119 0.06904316271630727 0.039199422056965576 0.09382453316669229 0.009571233067370953 0.044286104081154055 0.03982250128810714 0.061027590849510795 0.0885099472716567 0.015775269890732465 0.06217786043287234 0.0858713278209836 0.047061040054599525 0.05433635155654116 0.08618140905437888
56 0.09724710890033446 0.015172719411080294 0.0959141664169327 0.08635961359827941 0.011987767117676903 0.03357416867082172 0.046147825017593375 0.0056354566875555625 0.016758669984866224 0.08093723536450986 0.004307509866105606 0.03564841132851166 0.0470295995291188 0.038118064868497836 0.08178517047391368 0.04124761714659027 0.0835734317490462 0.05924079919615134 0.03913797393696741 0.08017669073544664
57 0.06429307277394257 0.040422465673314416 0.06900359072336734 0.041981483555962325 0.07590298417833123 0.054789072375333356 0.045939184284875326 0.054944109860150026 0.04458563600721436 0.04816159055766407 0.03716301587833694 0.04583911611236474 0.05977401466981529 0.03197926082163954 0.05328091492005551 0.03526213746736888 0.051803135105297535 0.06855935223816766 0.07080364951875472 0.005512213278044166
58 0.0272898233756953 0.06048494097853434 0.06463486741421504 0.07896042937598959 0.06767379989721863 0.0668923464065146 0.07701089969145558 0.009299872238266659 0.08261645914439399 0.07199069123042888 0.07393338397673686 0.014569322599507597 0.07705738605045609 0.028732332217441918 0.010190639888481508 0.03972932625105704 0.012161469191265014 0.0009134852132552613 0.04318781856925376 0.0926707062898325
59 0.06121034192888618 0.03738427693589712 0.04264003683339985 0.025474690751897205 0.004743316572713529 0.06891365532124653 0.02509041529235611 0.0876765514019274 0.06443744911694223 0.003445082112798728 0.022626414639235395 0.09144788416322806 0.030905991665424196 0.07824210640978184 0.0842914813702299 0.05754745701573211 0.034278138169310975 0.06393305255025586 0.08598401618842526 0.02972764156031146
60 0.08027173797127014 0.029103646405262744 0.05767079282600011 0.015395253567044796 0.07395225530870209 0.08444079690081735 0.048929677696591935 0.030065582924859117 0.03706006997573695 0.03600657291665151 0.05036529843346228 0.049525187425543654 0.046492646468622445 0.05249455958185656 0.07250658091998231 0.02890779590756631 0.03582921523416697 0.061031401471231365 0.07289444694308043 0.03705648112155089
61 0.04693826103290671 0.09962225746858663 0.07697512944957859 0.0881227377682001 0.008462372729877219 0.06498949049864032 0.09973599901528304 0.06127881263123319 0.0719764184569969 0.027770546414973486 0.05343352797399652 0.03110995477823098 0.013138439109363756 0.027067529814084182 0.03965317153418888 0.0034181489906087797 0.0633866481178782 0.023131019313725736 0.05239637701834335 0.047393157883303394
62 0.09593545270695512 0.03566587760275894 0.07061252226089203 0.05855794183111098 0.06415655163211866 0.056459835272461775 0.03084781029603181 0.07198333374054179 0.07191788112928206 0.06188915295816398 0.02761305707352641 0.0957480340762208 0.06808617394138759 0.07815662143128016 0.04038163945129197 0.003997663938906476 0.014087748488904787 0.01686944711699317 0.02997546572104088 0.007057789330130563
63 0.07254791871696106 0.04194012239973363 0.08306107391846942 0.05529547934196441 0.03609687620352792 0.04945494771001114 0.04211147344543853 0.023800523359008813 0.024726349004088842 0.03020723638433147 0.08893080607317588 0.035624487753778106 0.07486120866440457 0.06703000395690206 0.06307425731146844 0.09702550227824122 0.0356182303238555 0.04670942447316542 0.00799515077430742 0.023888927907166277
64 0.02038553518812686 0.005661411783560658 0.07951126488036395 0.06029969174068611 0.10680657658184355 0.0786198416957716 0.02378380973976257 0.059642966545328434 0.023508790374508773 0.06011257228375486 0.047636864297277426 0.05394101855882536 0.010826340372458646 0.09620651745680157 0.007735573833761979 0.07926237495865812 0.0349631042192303 0.020977022741845937 0.1192850421409072 0.010833680606526178
65 0.08510496430800307 0.09111734545676214 0.02943667790877482 0.014009440679020246 0.08418465772077051 0.06633757759429228 0.05762832294339508 0.07533571123072641 0.01277925739143639 0.06573320934521895 0.01475741350367947 0.05437714174631282 0.07960891302017455 0.06165247743898446 0.062451207827789325 0.051164659305174255 0.028823995509893157 0.011713451334174008 0.021691359950545133 0.032092215784873
66 0.012687365973734257 0.060900409848194774 0.06757706257417298 0.06726483668926858 0.04658130760526104 0.057609765819217264 0.0023296515348824928 0.023692895352463387 0.00316677022570855 0.1030008568986657 0.08078613291156146 0.049090969839218575 0.04797354510002177 0.11186391684444097 0.09938416467697943 0.004734504471956812 0.04120076808178812 0.07339165212762278 0.04505649431400871 0.0017069291108323585
67 0.07171117682600295 0.05188351512780805 0.06675184788397093 0.03206246050006237 0.07540901938990031 0.05211227321233708 0.01972346906021016 0.06426969532350948 0.02769768451723015 0.02284283830783459 0.09065468147296264 0.009976309214582138 0.03595506062641575 0.05307173972855538 0.0849550969036588 0.01626123748088464 0.05699304832297535 0.052355256821908905 0.07757255341471751 0.03774103586447295
68 0.07289683372691101 0.0001290204341878665 0.07500348822170325 0.08841455735444198 0.07452769522204086 0.04334855344625742 0.04844137324866737 0.01611806169079321 0.03985151463797578 0.06908559710582003 0.018392116924764824 0.05102879396232003 0.07346516503549344 0.008887163464298783 0.08110390399685453 0.057828493709630294 0.047861595204650026 0.06768707845407265 0.05410137954966607 0.011827614609450247
69 0.03801787772333035 0.05941476193622291 0.08730740424188795 0.02280293830378558 0.037900541404027495 0.008908743986799222 0.08094126058499461 0.07678059269221155 0.004670233754745288 0.08085189502884839 0.02176987805211818 0.005376192570278194 0.0713728158948289 0.0729977174658735 0.09108495807055096 0.018273309338116456 0.04805796475642107 0.030304259530615444 0.056945617914575565 0.08622103674976841
70 0.053591938692997006 0.006909301600513792 0.03548584439698813 0.030335956670502075 0.04368574983117513 0.027861868420350766 0.028185389947883756 0.0008841770323797807 0.1012243678878679 0.08063360427255326 0.013148778767812817 0.07205143564895229 0.040502383852555404 0.04428148480734126 0.0840381200713324 0.049948813069031414 0.09336590559972555 0.0658714896975166 0.08457803425398694 0.04341535547853365
71 0.07563223572415091 0.08907745730994633 0.07781742791175575 0.07315426664674736 0.019993455907085615 0.012613453932041552 0.028595503797857667 0.005826833284354996 0.06954862736131247 0.014509661320365144 0.039734930798810165 0.045200119994798345 0.08979601222399106 0.09436352131523376 0.04358920945535752 0.06651228938924099 0.06027795745230441 0.010747007180073858 0.05785619629804707 0.02515383269652479
72 0.018964665323692686 0.019266527122905035 0.061330104664069074 0.07754078578165181 0.010144470598638199 0.042192015766542676 0.04130282468436962 0.0034942095634082466 0.029879859417062792 0.1092732259413812 0.10157349964392214 0.0186692742777727 0.07898568982705517 0.06133438706203707 0.07271721423355178 0.04882298868309156 0.013632633971891048 0.08935049785224454 0.057628070989237126 0.0438970545954756
73 0.04979402408587198 0.08391848920860054 0.05575263038465547 0.066907409921277 0.0901469600353429 0.057722200438736264 0.07926913420848355 0.07013044068781618 0.002305845588809097 0.01963639916234479 0.003300573379010546 0.0192081399579466 0.06206422863674086 0.07086409358807359 3.916758149213595e-05 0.06802316364421515 0.08252456063814853 0.027778633593228026 0.08916626741977325 0.001447637839433691
74 0.08438269240966746 0.0557415681333684 0.07840225881310962 0.052353241858966774 0.0033673681203122622 0.021165266549263477 0.05595372423035803 0.03535181900473094 0.010354788002864618 0.01668783914952672 0.0022205217963911904 0.11990928859540145 0.020723802447404297 0.07068296457503458 0.0902142467428467 0.0068034224496676746 0.0631845723329174 0.03762195436975249 0.09688053533573623 0.07799812508267966
75 0.039471956356955565 0.025767458119729227 0.027427743467758958 0.017476151701330274 0.05473961318446632 0.06044253132486413 0.06225525705499386 0.09261540738610609 0.09367305319517504 0.03927424218759888 0.08565680869712278 0.06845216379979566 0.07058539821261958 0.00041514561253348114 0.10186829558414646 0.05692785210069037 0.0916772117605088 0.009578841547978431 0.0006513035271215373 0.001043565178504609
76 0.08210213611162716 0.08543456408481812 0.04768075335639218 0.020837055420352624 0.03732499843075949 0.07840542321709618 0.08387317055640507 0.014878709670469673 0.041157518314222735 0.029811555368455683 0.08151601985229436 0.06011628091055891 0.08149866380006958 0.01547419347465084 0.08595071499436148 0.046060278231388585 0.08056276832439664 0.009927774262185067 0.0032919275591458304 0.014095494060349923
77 0.01101368615616773 0.06481638799921853 0.09912058612360253 0.07108121913037323 0.011155555622802522 0.03432853611159238 0.019857764298618602 0.09714533163877793 0.008778116378876441 0.09786271091398889 0.017193051606173227 0.00219236627727755 0.06751102337288419 0.058363509792605704 0.026347525832317992 0.09069333807138624 0.01683089808618321 0.0597647896214945 0.06327203016518451 0.08267157280047398
78 0.07903616194585927 0.045998847362003326 0.013039863073881802 0.07617491407093617 0.0015558816992604979 0.029578787131218687 0.04874153258811618 0.06670003095099117 0.09317256790696052 0.05298600003442348 0.06970650021938742 0.06587263156870458 0.014872421216443709 0.032580022495407555 0.04500260058367054 0.060037711704638654 0.08374900243013472 0.07668620330432487 0.03007936520389214 0.014428954509744917
79 0.07495795856854848 0.02272686624136132 2.449057776206535e-05 0.0727751500938012 0.05709271354466555 0.04236574967560409 0.07078605654458624 0.03172161686445794 0.06664133394562474 0.07245558109574408 0.05172113659895399 0.006848544702556621 0.07745972195599732 0.0454867687647835 0.017277945777176958 0.09955755219348546 0.03856499273610687 0.0037181147295259577 0.05777964812415311 0.09003805726510426
80 0.02274959520313933 0.08094487123671389 0.06102181943303764 0.0396809073049429 0.03700330999557076 0.10051646437377441 0.11000967549100063 0.07266293706527506 0.07101261320992559 0.03084411947239969 0.031217087046313433 0.07481430697238503 0.039118364646329506 0.06328350925853254 0.03670743561921953 0.015413394132103837 0.05426401880371857 0.0005949092438548626 0.05041602967997622 0.00772463181178648
81 0.05409053742795472 0.04433804767799775 0.07179188666021719 0.07125130902707684 0.07556714970896686 0.09598087386526229 0.02724372598045811 0.02898770490336882 0.055635967654704556 0.07206436422557583 0.007933234252995467 0.01886675824217733 0.08650944177995379 0.026281878413643867 0.011866126721428926 0.07825923082607461 0.02142566029644695 0.022333413092788454 0.07620229855142853 0.05337039069147914
82 0.051261892304599765 0.014409808594692798 0.09391405469195567 0.07329751821819226 0.04126570494485058 0.07943941306130842 0.045159756509934576 0.05715293735793452 0.04633950016521516 0.024237710133304866 0.06538381312671714 0.009077764414617471 0.09037312598246176 0.026793209560327078 0.06863937393446583 0.04661900254571354 0.03502276107586645 0.06449057388506772 0.015609479943286582 0.051512599549487705
83 0.09285093842007587 0.05239524275414821 0.01010465715782452 0.09271594687840708 0.002752350411835732 0.05941234718242448 0.051228887303285175 0.06907854582507106 0.06388721780730286 0.032898673958703675 0.003851077475833565 0.0439657450734794 0.08603347745086001 0.06214503389137332 0.03260778577225883 0.026721019491645116 0.040374838851222054 0.05776523482981892 0.05928105240233518 0.05992992706209505
84 0.07792365792359233 0.09954119199145496 0.05089679705268635 0.06960082206918854 0.018058101078100103 0.09102692611587523 0.013969617512947776 0.02707602152101641 0.06821147173958858 0.022524156514259923 0.01164468351252121 0.007114207867096403 0.03166172941953972 0.009156691832044508 0.05829641891211443 0.03582206603753415 0.1030233813187191 0.055172114605358376 0.047107561219439924 0.102172381756922
85 0.0307670133369667 0.004860915262808895 0.07943185480926264 0.07674505418892424 0.09273863589565573 0.0054754947703981975 0.04936927840640592 0.07547354343475356 0.02413950045133491 0.05921573195911296 0.00033727649773997035 0.09755646706759662 0.03431249596212795 0.00629092994763641 0.07264917918868345 0.04757850280335754 0.07972900931068326 0.06845012431833947 0.008886610585226717 0.08599238180298495
86 0.09861481262828628 0.03682217277940352 0.033522975253118106 0.0066368782780147385 0.07097342456749416 0.013159318449305539 0.039572909612006366 0.08322331904134436 0.0031021431707820334 0.041030633478841505 0.09726549664206655 0.07799144169701328 0.03812562035515287 0.10580464310648043 0.04074789540137511 0.04126473963202458 0.08286898746986651 0.030920537999762382 0.022655789304281287 0.0356962611333803
87 0.01735373447564392 0.105035482958832 0.06200404773742207 0.02085194724769753 0.05143486260963278 0.0778659497710467 0.011963434200615396 0.034834331788753406 0.07377050730989672 0.038592131449108155 0.0668669338170719 0.041152420790617435 0.044991851385921405 0.09545338824944989 0.09342450541834299 0.08644019590539136 0.030201975888432032 0.007773505737638648 0.010581960808441863 0.02940683245004375
88 0.08411979327799335 0.07282736683757488 0.030111175087515138 0.034448979938458635 0.027568126221524502 0.06415267829208114 0.03425875148472707 0.0830758967464852 0.09166403062383971 0.010283966648142044 0.07321210416934242 0.029642689237432098 0.014960847081894607 0.003591703679862296 0.028173121715332525 0.05671534622913058 0.08328750633777558 0.08695136671698764 0.03966625410965277 0.05128829556424771
89 0.06900817482286364 0.0495677592515128 0.04642180392732948 0.08026708831220006 0.05478827785468306 0.0037476084618934596 0.09860258361753582 0.03659107640226807 0.07434956244178428 0.02596101528431081 0.0593039094640068 0.03972178585124927 0.08141664039952243 0.015372675029135039 0.00916891082560259 0.1058878608702365 0.0035403254584310084 0.032647026160322556 0.05760296650273713 0.056032949062375034
90 0.06225352401291765 0.005850204309418572 0.0017093854990541813 0.08094656884110245 0.06394044578149245 0.015255551020514822 0.0690078664433332 0.04615565735873649 0.035848052336761534 0.0556140570637097 0.08041954491037884 0.007879237018343392 0.08578205465595755 0.039464546735391806 0.04231374937334612 0.0711877111256944 0.06289145488121041 0.04881463044008675 0.0599995659399041 0.06466619225264565
91 0.03905043360804246 0.07406875174398161 0.0021483683753318362 0.04458809547388334 0.0882119700150673 0.0644089587404768 0.009734017059942895 0.07803448388657384 0.03007250743878129 0.07353919664790853 0.001940405499291653 0.06838776563584817 0.061008366497161945 0.08068464695939516 0.052859097262963256 0.05957120198380342 0.004488763591298262 0.09125090969058842 0.005660947412136871 0.07029111247752286
92 0.07315809473927094 0.0022941810914634047 0.040404502933939095 0.04628774044068601 0.09501933056328982 0.057741982178191355 0.08580315733675549 0.01131777427542927 0.05155842299846018 0.015095780450090152 0.0433005501248835 0.08269664454254269 0.07137923567134077 0.06854314069558717 0.027112339701344978 0.04571779861747985 0.07592511765946151 0.00041932336763505167 0.0895833674887526 0.016641515123396292
93 0.04846315276586771 0.0036465224937543054 0.08440218723489334 0.08885200385363545 0.018143054533766505 0.016607245528167495 0.0647415463476229 0.08435515567335915 0.03989505639123537 0.007414960531743797 0.0631538760524328 0.0029280574185917138 0.08037116438545332 0.05586844840869948 0.06894640155022445 0.02961070103287884 0.0487076024057813 0.08217467823829464 0.03648262818114687 0.07523555697245057
94 0.04737401107068633 0.0035652626086241025 0.08015169336763571 0.021947659893430952 0.04452461895616749 0.00356059211259876 0.014394694829577925 0.07914056984442021 0.07153097511489431 0.09465405393366552 0.051573971499520886 0.027141056780732278 0.01414456789819725 0.1017672594111622 0.002763106655721433 0.056862519121239075 0.0875873701489319 0.10715040399976057 0.00028463475923113594 0.08988097799380197
95 0.0018610658043491254 0.07573604480326775 0.04308793269085761 0.028768429875117664 0.059649030063215 0.04944950012591025 0.039197740433174776 0.04257525273301389 0.07417649750486464 0.042317770241191946 0.05417689625930817 0.07611843685881405 0.04427479218259533 0.06872702579046887 0.07297700831175323 0.07351314033074054 0.043763399331429934 0.03213908184339542 0.01145875170398557 0.06603220311254634
96 0.0488504452534595 0.0552804063724054 0.0834283529638588 0.0016448698276208833 0.013273993498329745 0.03320399086980941 0.06920874315456137 0.09222694418699272 0.03174849107967599 0.07421086509998938 0.007782478453462407 0.0437738425529341 0.00019200610974297227 0.0831956676351083 0.04468323108126796 0.05345651860858544 0.07710876463193532 0.09042354499995324 0.07960410771580317 0.0167027359045037
