0 0.015467716121805947 0.08509724499547953 0.02479081988688029 0.023988168330180477 0.08785831328405373 0.10661878075509205 0.03261044712230779 0.04632931424720744 0.002369550483165341 0.031177358127471435 0.0649021371953114 0.1015536763233752 0.03978374534696013 0.02980456287251944 0.04173183382501009 0.09685261347277643 0.0220337871439568 0.017244571969110563 0.04617883428460222 0.08360652421273364
1 0.0770432374965922 0.008156230589517513 0.06955171033760754 0.07094464548760857 0.013454354519443453 0.04000333230462873 0.02985038358765626 0.0663869818593121 0.08304566726068133 0.02239578920693036 0.0026862968601471574 0.0383736039938318 0.05077780388633369 0.05419853907411083 0.031202754812045996 0.0691719137713102 0.05712143597545332 0.10323729785480115 0.06887447034920018 0.043523550772787765
2 0.053250739675120194 0.007996791809660515 0.06617305061545202 0.08289417471725172 0.08083477960342751 0.045229452019832035 0.056827243304097046 0.04082872337806936 0.05679978987919115 0.08552678960160691 0.04932484019392082 0.07890792448359552 0.06511042317305206 0.019394294368880252 0.0918310609975112 0.025200519941517955 0.015838143373219198 0.024354075485517837 0.009410914272505292 0.04426626910657139
3 0.0037123236176975797 0.03421934317914944 0.08242668475737817 0.058615099068495304 0.09271228046466676 0.042765414933521206 0.048922226448001455 0.08822105607302215 0.039174976128893306 0.054471661143247876 0.03215457412154558 0.06315736787391074 0.040266218784935026 0.00990342017044811 0.02009934701565394 0.0784111345197472 0.04136659667413896 0.020635563626778083 0.06940820288384955 0.07935650851491936
4 0.0262842550718011 0.04082878938519578 0.00858988130723104 0.07973056020285789 0.04780401154670392 0.08166461683977717 0.0552959246955039 0.08486388489495508 0.07633014226559841 0.07396886120336771 0.08094765796797491 0.006840201357457865 0.06457128326236673 0.03832207222780544 0.010816706671233389 0.04228828075445615 0.0711516106195306 0.0173179645230481 0.06069745210569346 0.03168584309744153
5 0.07973925189231852 0.05186418240899151 0.05985964826171685 0.0816171685323253 0.029208225509408766 0.06615197653922082 0.005898342463854207 0.03651078905385876 0.03331322740994237 0.053392731015760614 0.020509903911638136 0.024744634708260688 0.07321230747931937 0.03815126074152105 0.06211877626806096 0.07258738363061826 0.0618818272814531 0.0669311511207939 0.07909524050143898 0.0032119712694978885
6 0.015983608998570615 0.042013165934738625 0.04520451343860714 0.0789561502217552 0.08463563598388103 0.07531251523245457 0.03770623268906991 0.027809978893270488 0.04816176511841922 0.011258795742926757 0.06440013280389012 0.06593307669069784 0.020505648576673318 0.02693221759165893 0.05030513672636223 0.07258487025269668 0.043302676650962844 0.08180886558206475 0.03572322573772829 0.07146178713357142
7 0.05130161901379876 0.030275070008050225 0.04315570981234373 0.0734664537711229 0.042481744328103546 0.027565780206615254 0.0033694443482301713 0.07671863394222277 0.058060976484246775 0.06600145475712371 0.07851860277610864 0.05370623161723471 0.042459565567905685 0.06582420731659488 0.021944850617305067 0.07677911977317821 0.05418607061945941 0.07104717946535657 0.05463410957904648 0.008503175995952664
8 0.08155048581954184 0.07275303749180598 0.051096273402254755 0.007893912679349724 0.09048402220714677 0.01120986151781394 0.02448780906239365 0.02057642878613885 0.050302679699888546 0.03405432899567919 0.08259053755506059 0.03784986085620129 0.02018086308294965 0.08708031374079235 0.05728951217284882 0.07994595354245934 0.043751383492175576 0.052157416121200735 0.008331979682688 0.08641334009161027
9 0.07232394965998941 0.011503272488412179 0.06593547815712879 0.0072528303226489475 0.08998569627406015 0.04643766117772376 0.020537645793958025 0.0023361254930540577 0.06566172661618312 0.0638608035322661 0.029831725549082467 0.09555013275274218 0.051395990124187156 0.0983382009321911 0.06533094347620551 0.03339418470594846 0.04534730621344415 0.06948664522966928 0.06112957897976864 0.004360102521336639
10 0.07781252065162171 0.004706245135565164 0.03875352894830618 0.04840554097270877 0.09861954011211499 0.009858747680228461 0.06592773203503784 0.0806710484934694 0.03548804857806295 0.03415735330770452 0.02551788832179227 0.06013453421133787 0.046288835491070955 0.037644547774062585 0.08874758495828926 0.043806816729240874 0.007161006772338472 0.09341662516373014 0.08329031664385317 0.01959153801946452
11 0.02248383517974584 0.06825334572968485 0.07051947934067361 0.08529952762578186 0.06419630951426994 0.059596583231960355 0.025355148793560756 0.040286569256720015 0.05571722984680165 0.009913811651151901 0.1032952953500667 0.09674826453845577 0.11161211383292917 0.003601114284725159 0.026296838472323957 0.026662188954397797 0.02422161951539647 0.040503468878730374 0.02211455884445186 0.04332269715817193
12 0.05460920398717092 0.05186885304516742 0.037730490848851404 0.015259871351173862 0.07029664824801592 0.035437395338005 0.07744836608586396 0.057587990913736814 0.026064530609315954 0.012960067216422722 0.08652426762159429 0.04691765296467679 0.06720334744339704 0.0346520135546488 0.03833779700461674 0.09508702215441599 0.048266354010856716 0.03617202678383054 0.09339683867214806 0.014179262146091184
13 0.06397349675115621 0.014133908330374558 0.09547707220661818 0.034521734184515596 0.06131456591784301 0.08831729436893174 0.03971279395902131 0.08935647330692122 0.060579731969363344 0.09498292422871163 0.013207065406356152 0.059694708702830154 0.02288190374681534 0.06976174357439778 0.0007029164155737956 0.06961829191218709 0.03505982347791987 0.02753290206358361 0.02862025066933249 0.030550398807547032
14 0.03712283036583361 0.006370775933732845 0.05450053644711769 0.04984821371238633 0.06878701006099142 0.03670910743568573 0.048827247850732045 0.00783455172618466 0.08591468801891304 0.07299516241523722 0.033637646793060604 0.07250642508819423 0.007986463905343993 0.031241852595709756 0.08360460374011151 0.06569849444382911 0.061382453996713646 0.04935954701381894 0.04927607297942084 0.07639631547698299
15 0.011864497421949803 0.022698399583666398 0.07576922647828131 0.07537762864753121 0.05311899168569554 0.042092390038415355 0.08320359561107742 0.0021420962504115934 0.057800641357447016 0.08072262099392133 0.04851746911750758 0.02405825370684016 0.03637883572114312 0.07360072502097527 0.071988817865849 0.00781578291331397 0.06670270340940734 0.0697211502980709 0.023981600901201487 0.07244457297729417
16 0.07128481295122695 0.07467001399810669 0.0743922502685515 0.06976047168517387 0.09114587599276282 0.048391753782464804 0.058147036104207024 0.027866510084024472 0.035276603892587445 0.06874371377957328 0.0585386892729515 0.022885225180227155 0.026910788242274573 0.044343867743043816 0.008612061720967014 0.048998082963256376 0.07483970372129994 0.02387414657113412 0.0275042268666499 0.043814165179516744
17 0.05556465852923189 0.10047805545637388 0.03404467910713852 0.01400146467627342 0.1045602676144221 0.04956254829227997 0.04651258067700717 0.07183179035088669 0.0722685783927142 0.07988876668511652 0.023451085952183225 0.011576710165223625 0.07279557362899422 0.056437906874429435 0.04702245814946915 0.005409322144392942 0.06250280749549185 0.009748706438915095 0.06886067779111114 0.013481361578344805
18 0.08761800925854847 0.04821038980101449 0.025109695892788747 0.04135523762787865 0.06832749961117215 0.08657670454451576 0.07741946985456609 0.054799448220442144 0.0057045668063719504 0.06948254164865725 0.01835785119694668 0.03814539117266168 0.020079290032609547 0.026781361242700964 0.0793629944299565 0.07850818987934353 0.06560543401255073 0.030659760133748926 0.00746658704175125 0.07042957759177415
19 0.04315872495960954 0.021518964048053337 0.045928546391002904 0.07670532115066439 0.0641254129408168 0.009546904631673434 0.08202963327412023 0.032323182918968275 0.08645443458121076 0.04670196117572266 0.05229401322995529 0.013926111367459483 0.04728346518288448 0.036755865893659506 0.00884356032578943 0.04420683609934198 0.05533522670192016 0.08392034703316778 0.06783763507753257 0.08110385301644704
20 0.0579625880694374 0.012847316187997766 0.04512846511323425 0.03559252224753065 0.09569722583244925 0.035045369239878464 0.014010947714745339 0.08040427756429375 0.08864397517525811 0.03748920099632521 0.03593788778083481 0.08194882974124924 0.05708556733435557 0.09152610096418332 0.043048253160763404 0.08107958679185011 0.056963146814692674 0.018513755566510186 0.015352142011220227 0.01572284169319015
21 0.0012527623548756785 0.03911699037539022 0.009274943731455352 0.025979819236239283 0.07616706612148746 0.06379208041700006 0.08254063557716511 0.022295267758547437 0.07670140223368023 0.00461933508720871 0.0645238017564701 0.036726366753101015 0.08085190772678633 0.02154786757274368 0.08490261205228139 0.07370405430954113 0.06041470385218032 0.03006349969902313 0.08141526023892591 0.06410962314589742
22 0.08624279960249805 0.08237132921879402 0.018694659849720182 0.0645553778656071 0.05707862551853496 0.034561985377150134 0.04383211064355982 0.06338686106073062 0.07907168353175592 0.007337437862990894 0.04234237171202032 0.061368439564039805 0.0058220502773875344 0.05337909838905231 0.01670690573262712 0.0011606512548447234 0.03426388887507234 0.08955412876253639 0.07515414370263679 0.08311545119844115
23 0.051005662703367004 0.07342963479286384 0.08509752616826635 0.08890184574292667 0.051302019406153095 0.03441872068677115 0.02002176941903637 0.0364599673006552 0.014738243253637194 0.0843282488783833 0.07300881544416511 0.013433467999068666 0.08419711590225505 0.01699611234888994 0.056787424895550026 0.07073415759487567 0.08884987524496517 0.042035671514124635 0.0076976334893511964 0.006556087214694395
24 0.027277594515332557 0.05221362508523366 0.09532581021494764 0.04501580506660624 0.028841492239367543 0.06421715427849059 0.0019873205161511118 0.04722355675817113 0.07620966428509077 0.05039783153203821 0.0962536197898062 0.00020856645521095664 0.03992191572062832 0.027948286661874603 0.05417884526220176 0.05958847336329567 0.0051469077619616995 0.0617929040244482 0.07846358791035583 0.08778703855878735
25 0.03608440787860517 0.008330767585895347 0.05132362439822793 0.01009034248170331 0.08898121409877376 0.09285717333035909 0.017276807613479613 0.0997417463577059 0.08747532090639887 0.011015248977007003 0.05726526737450937 0.08014989753843026 0.07123268547844096 0.09440233044489889 0.0624791165840523 0.037399062635266225 0.043119913692662076 0.004831370204253782 0.010671214327645125 0.03527248809168518
26 0.03708271389754268 0.02242713183010316 0.09279794831985871 0.03434325186294428 0.05964838081599436 0.02602006044383431 0.06068306531627312 0.0747822767816556 0.10749955522630535 0.046520622410677434 0.002708308697848298 0.10409402551426346 0.025887753976089053 0.029494195500981105 0.00187625779712997 0.02780963164601386 0.06387114256527841 0.06227684499364632 0.034600514162414706 0.08557631824114582
27 0.03269181689041045 0.06140293932295793 0.08048068030028512 0.07452066396821008 0.08755025475082671 0.06078966312758248 0.006521121191707372 0.06479301575038314 0.019772437956039897 0.07782234426833216 0.0828483740454241 0.07645801387243926 0.0021451949783466333 0.011985249654238042 0.04895476329674914 0.00039912006756381754 0.0015484476336629287 0.0637549257444352 0.09025972804437121 0.055301245136034315
28 0.05468534469042011 0.05295406391568698 0.035558282356009246 0.005356758212949859 0.0649595157925685 0.004051981578953501 0.029799050359776313 0.06084670491345431 0.07062163935120622 0.07970795125257085 0.05615139351575339 0.0786303673401604 0.02739625358670908 0.02770953199418585 0.059427209802037376 0.04389241388695411 0.07732400252601264 0.07737438608181318 0.025391902781879264 0.06816124606089874
29 0.022805932391993987 0.11379207364710048 0.09163397765205249 0.09354150286544634 0.02871245040182892 0.09309652453340395 0.1037664477863923 0.0016160613232120268 0.007130271943614814 0.03001037415452207 0.0037829742528084453 0.11138394532226652 0.05800141743420204 0.07778243820042037 0.09545107688702743 0.006114922468880159 0.011183945721996788 0.03763972493511492 0.00900400404089787 0.0035499340368182197
30 0.06444809705974194 0.07516121847023176 0.050045318301394255 0.05952280726814997 0.06218371722411808 0.04083342550632133 0.013309927889879714 0.05815882442668137 0.007604805781157472 0.01293949021445081 0.05252594014041886 0.04771101874594116 0.05533857149940043 0.08308815575470159 0.08360625114956141 0.036117005820898634 0.025572243294974435 0.06495934495181388 0.08289237071841093 0.023981465781751827
31 0.04457725646372045 0.0007358618340422514 0.018429955667483466 0.051346647001133866 0.0007609414903460202 0.0037330103766765673 0.10607113352057992 0.11721293746769312 0.0944290522148279 0.060728109697810936 0.047900216851622275 0.004002065015010047 0.01157877246170872 0.040678820524189814 0.11741356625544921 0.00808967008405629 0.07178352392713569 0.07911582700915118 0.027048411048697967 0.09436422108866421
32 0.0868900385996827 0.025193804905024653 0.09534161488162606 0.07238514116590866 0.07473126624161362 0.01652264241891754 0.02748694700866676 0.04454619663287082 0.05719346026375788 0.04771857377936339 0.09685053751807872 0.06137905258642513 0.0068794520665525286 0.03024157054451879 0.09747286214603951 0.010533970190626032 0.024978404901511552 0.0610572934337918 0.015154184602612466 0.04744298611241146
33 0.06117286622433603 0.00970985255921809 0.053865661436871756 0.03272847565662085 0.05687472181259469 0.0820734984625065 0.0922821799254893 0.05791472963014163 0.11258340160608758 0.0002345932717921273 0.06958207654616308 0.04156971845015018 0.012304458745057038 0.053735634153292335 0.02102340308574089 0.07987597559932727 0.09159071127522093 0.030226021101010987 0.016872654265050774 0.02377936619332813
34 0.008075578266883125 0.09467355063990585 0.10400263897582177 0.08336477486376247 0.04485039458910222 0.038895210013142945 0.025129393101124116 0.06047237117599757 0.032029558530861486 0.03482759758084837 0.0010725517704378966 0.044282725084397734 0.062162421596624676 0.07304036107501162 0.06805166193876047 0.07022103899325514 0.05899238662553587 0.03326423768823131 0.02476652371060528 0.03782502377969015
35 0.03278678334593378 0.08935421362889322 0.06192319962195637 0.0593117793090293 0.01949960297865243 0.02762107040788946 0.04054975007039577 0.07837831398554727 0.07286213190048968 0.05895130129702097 0.08620668758231027 0.001945253713945895 0.02770160292997645 0.04813755531020998 0.03396738447766829 0.03452538218594236 0.010615156812491882 0.023846696374234734 0.08688010498060332 0.10493602908680848
36 0.08641133065136562 0.013254431051740387 0.04263538565394185 0.06262639809212624 0.0706311122005788 0.018461881289429938 0.0424585887052669 0.06536233677286864 0.08401446611195906 0.01952546217448486 0.0429499534380765 0.04013899851024224 0.034652133728733395 0.09400453117784262 0.016053917680628936 0.008213637104441607 0.03745082462628842 0.07734851568641118 0.04325801646366274 0.10054807887991003
37 0.0679494523858015 0.07735928730110919 0.02355552567528368 0.06082899690492627 0.060330228114855944 0.03710517086716017 0.05487755154568889 0.05816411710014001 0.06176980770315753 0.008877904600490007 0.03899345771439055 0.012870057364025533 0.08314270296621454 0.00421742993798298 0.0357784192418173 0.07869882885793031 0.07458427495465383 0.02362474043783646 0.0447961838513703 0.09247586247516491
38 0.07044838606614759 0.06155436323618597 0.09705188054341889 0.041023208769721896 0.10957393267120069 0.02469311322340912 0.02708426697976989 0.0032005929419554385 0.05106950403316626 0.12732144804259132 0.013034565411869176 0.016103449900609173 0.01598541300284085 0.08761779929202518 0.010881916336805084 0.024046158224847992 0.09821432220796666 0.03137778155522123 0.050451485226235764 0.03926641233401183
39 0.05001522410727682 0.051709164221271205 0.06954845678350736 0.04416797898249601 0.060306773428130366 0.07917928211783619 0.054162137011981026 0.050769696718723736 0.011295795477634875 0.04528481922530651 0.05353023900032709 0.047516505912240804 0.017762886085704106 0.058038852321635435 0.013588997484412411 0.05941275291564495 0.054806797437043336 0.07281121284897958 0.037543125904533674 0.06854930201531427
40 0.06629915885451898 0.035518190675545194 0.06844563953319767 0.05289332756318848 0.028097084969170048 0.0464620708883061 0.0422040537972001 0.07824931547132664 0.05528551966593462 0.048107772619344506 0.05182379437088425 0.061934513205460236 0.038441665954701804 0.03693300510719561 0.06925977451494907 0.07172507134618115 0.028641380526862915 0.07417890902029452 0.02031260353404379 0.025187148381694294
41 0.014232987492991012 0.0572242100571334 0.032361436717017515 0.05345416841387159 0.056041471100716896 0.002172860092922704 0.036636202370299305 0.009969394116275999 0.02204731627365743 0.05501411205705981 0.015202407770445339 0.06173073775718509 0.07003189138770664 0.0875887353354496 0.039113029629399346 0.001822989047694025 0.07152294777508303 0.11197786545865217 0.0868041203048692 0.11505111684156984
42 0.05484644414563243 0.0260808600928757 0.09764656106310447 0.009143902323403322 0.05023024499567062 0.09598551890964345 0.06755688069669866 0.03722004444400808 0.036480601737253454 0.037359710744264606 0.0103000226071831 0.06743965450411903 0.016248044336798353 0.07454370112470063 0.03508901962596317 0.04576428549660389 0.09462824653851047 0.006493033767304766 0.09107294418109053 0.045870278665171245
43 0.07552153442583621 0.026849296828546747 0.019495000218544018 0.04633757287441375 0.05736146659634521 0.01879239206647729 0.03178511350383556 0.07188337157815566 0.021976430473748036 0.007367015218150604 0.0637780341642907 0.04029145020506518 0.056006101518450965 0.04431071239891213 0.04518559429301306 0.02440613764387933 0.08410382897200713 0.0905095097766133 0.08199399625676733 0.09204544098694789
44 0.05525815907645767 0.01584509057218384 0.05408708445092838 0.026692549346468253 0.09696850026803261 0.04737593322383454 0.03316768288354998 0.012995320314268689 0.09756756978641436 0.012845866635662985 0.03047842094880975 0.07288545807559933 0.06719828834473925 0.0873958543987303 0.06050829295067738 0.010516742383011922 0.01118158079915982 0.10257547505664835 0.08745048899973713 0.017005641485085654
45 0.087321805169845 0.017550891902890605 0.09005262990283319 0.05007955939976621 0.038265492495935395 0.05724539136208017 0.039148362907629304 0.011969667117377908 0.05043177294579796 0.005345109876350787 0.06296790928001696 0.015893290185535876 0.08194290765790589 0.08273775362462321 0.0587314694564785 0.037702484888341575 0.06724972889930436 0.04689881537602106 0.03647172161169443 0.06199323593957177
46 0.013017706096751699 0.07134416970605069 0.03086022799236505 0.03547316767793997 0.08810887495047011 0.019060475865705914 0.08816569575847348 0.06265354962949672 0.03193548057496931 0.035277726929814006 0.09508930753322055 0.04997820827679499 0.07249387092752418 0.039104595424436527 0.015771733142933918 0.0037282225973510456 0.06970152021867927 0.03458378017795783 0.09790787867153548 0.04574380784752925
47 0.05845887597371839 0.001888153706570789 0.07135912050740113 0.09074202302363334 0.04158188990113428 0.015343552142884145 0.0693437151333673 0.017249115952582758 0.041858757157726925 0.07176016576933093 0.035122593757460734 0.01944054493893107 0.09423316188706353 0.07114115716179048 0.04300782733472772 0.04973129095372565 0.07221875132614934 0.0020415778454251935 0.08989425171059019 0.04358347381578612
48 0.032896811663497824 0.028346966600370567 0.00407550791122396 0.018123603490599462 0.0529305747565129 0.020724180294899912 0.03572608269456653 0.089804466013697 0.07408404047094738 0.07943497815454371 0.05169659080833375 0.013382873720342225 0.08933610606324315 0.007110756748658788 0.07966679437543923 0.043392713518001974 0.08482449206848672 0.01746651700636591 0.07082723817265114 0.10614870546761787
49 0.04616260939505992 0.023960404784591594 0.09771069843425811 0.10498781336488937 0.06073137948104938 0.048534931129020076 0.06635215336977023 0.015336479754486914 0.0020297305956366992 3.842415319870469e-05 0.10581463420603411 0.08956880586781375 0.02190962623618276 0.04225770067880521 0.01839142790811411 0.08750156717850331 0.08649050594813966 0.06266646124553486 0.009856872196605066 0.009697774072306166
50 0.016246232613552198 0.05591372511639116 0.013163744336597387 0.07387635273132492 0.07062498575873336 0.06818153802214237 0.030650216040938476 0.04549485131047723 0.06925684936186165 0.06461944979856642 0.0034775996673381553 0.012125913489375703 0.06739993654652608 0.05455173296263895 0.06723147622549658 0.026442682788523554 0.07345606636224958 0.07288006959546402 0.07581880197361174 0.0385877752981903
51 0.02012533090703096 0.07548088511160832 0.09084630098917375 0.06784789269994591 0.10379805289704057 0.008551855653250976 0.09020055898433003 0.026833272590036043 0.010120011901512843 0.01117778124554588 0.0992268729088536 0.03906589890784287 0.08816298247191277 0.0897996089207352 0.022786859116871176 0.05966390063256048 0.01897652259349487 0.06723524308857338 0.0023003323100476403 0.0077998360696325065
52 0.06133165972309274 0.06822299380999623 0.016764886964443334 0.027590536100717076 0.11255969612099942 0.05059852312098708 0.06428087697158051 0.061188601026408676 0.028960596106943296 0.01327424803341368 0.06136274999178143 0.02404909918100728 0.056758542599306454 0.026934221002755207 0.07695488325623032 0.08526751438719883 0.019449679020435807 0.020215721001556785 0.011065231650427713 0.11316973993071806
53 0.05575981954453605 0.030894967201623172 0.056494038861212126 0.02526169231699953 0.07132433947347085 0.02726755460269353 0.059386064233476935 0.07911282711498066 0.04671380843237132 0.07559773252020124 0.07971060948292218 0.01797739792944665 0.08178288386945214 0.014376521085711759 0.05470694393075699 0.07461199242163946 0.03945189171708386 0.01792893872527307 0.03217512597938186 0.05946485055676666
54 0.029278602602260614 0.02242960063852098 0.0012850332788509862 0.07657614278554097 0.017930213430400965 0.006850322151059541 0.04436068546482034 0.012889425122263065 0.06592780877381399 0.11250732733517418 0.023494064410446314 0.04745775238723307 0.12217484812974093 0.03384782409546626 0.04885586447944419 0.06849811633349047 0.023543230752645243 0.011747885582874555 0.1099525345454697 0.1203927177004836
55 0.06429085643443412 0.0646899403807028 0.03290749335458774 0.06504571946832165 0.08869311020321227 0.08835061945262607 0.07105798746660895 0.035217466515565066 0.09470149278771998 0.07112783463728141 0.03768484486017119 0.0058581294514184505 0.007595569916494714 0.0015037606147124032 0.03627245281520626 0.06688556473653332 0.036986998991588374 0.09149181505426036 0.01570190042615047 0.023936442432404458
56 0.02404492164733282 0.020389293310123454 0.10512096327257926 0.11005044355331724 0.10177416867875776 0.04907686204010199 0.047129381449448345 0.07603945280435631 0.03845350987722219 0.04012998578835617 0.003993354977964829 0.010357500878919415 0.11833941496637104 0.03779794089773822 0.021240904005847244 0.03891413572362776 0.04612825759136913 0.03340121883117509 0.040249897230401545 0.037368392474990283
57 0.07817214654813029 0.04236105636310101 0.08628630337172014 0.015778254123217924 0.02983846767899826 0.034094546464805406 0.0836647565202514 0.04178661812737863 0.05003519001101371 0.00223912184666763 0.06676082166142785 0.06506534326233263 0.04814744269281724 0.02846555867605931 0.033065304772635896 0.0020330716293543195 0.10313887398635967 0.09375156869978167 0.0252331976383893 0.07008235592555756
58 0.03938783473549043 0.05394417148647864 0.008639493304937585 0.08376806693949616 0.06882633924741206 0.05108382044124916 0.05937487209207748 0.03799902093805309 0.020770006386448443 0.04872842700826447 0.02638915663793695 0.0873352829011126 0.08241597589448733 0.1040820472518242 0.046893212170342216 0.012818893037053598 0.013594443401271226 0.06646764950131506 0.013013355485056789 0.07446793113969223
59 0.07548917722203734 0.046194553539500305 0.020544686712856065 0.020995496396177506 0.026006627462140445 0.0026833756776767736 0.03949592614514572 0.09469032976656647 0.046891240169013124 0.08066334043865057 0.03536699305444552 0.007148195201729614 0.08733307795971554 0.08305103473517347 0.06539455622693345 0.006215601244471822 0.08842902521983498 0.06706532948286477 0.0066039831852776195 0.09973745015978878
60 0.062096273323256776 0.03457362985114639 0.06458012639444587 0.015506272406059089 0.0671410009699573 0.03828872041889852 0.033887931204320786 0.013387840788963178 0.03411498056310921 0.09257166567449308 0.053585571561877834 0.09355738652523729 0.0010675923949277875 0.07661763069278986 0.10878152182622151 0.05341087076626694 0.019916170576306267 0.0026660242173870098 0.026319355026262318 0.10792943481807273
61 0.05236174552054005 0.04949792405887651 0.05212652913854978 0.025029036791827327 0.0657937854532257 0.02541884859923048 0.039542588109276494 0.027460468094727228 0.0062197077895584695 0.07193857478151373 0.01076549033479292 0.07083397695395592 0.09498914624534516 0.09290984705450762 0.07757580283060078 0.04509280105245068 0.0749501599927215 0.021769255702113684 0.04141021212674903 0.05431409936943698
62 0.013972575478348695 0.10099919426575384 0.05812376404473711 0.03793343748229299 0.05555154039340336 0.030921816324781234 0.07614150837360487 0.06261977459681858 0.069933404915796 0.025996644050263314 0.09316799539407002 0.03785360458277758 0.03600705631397491 0.032728561963088425 0.045194447712543426 0.06196112593291418 0.07738309460756296 0.012173932221399678 0.030792481500491103 0.0405440398453777
63 0.09519559561164737 0.0017780596140476923 0.08967380990305915 0.04155783813952469 0.03479836737813487 0.02694145233167562 0.041184983319154614 0.09759787012385382 0.02490951760373271 0.04094465517825835 0.10759429003664897 0.0018202257219944794 0.10986597909914449 0.04535889365890722 0.007318101793706253 0.03380775985293656 0.03735782951673641 0.038126013293063685 0.014538707549532074 0.10963005027424086
64 0.050659149373611906 0.08330664271679677 0.012571367981190799 0.0603689351368039 0.019444315686890017 0.07671650712826253 0.033735582081973046 0.031010652432647383 0.051557767698401986 0.10134245715866297 0.0031496869372521974 0.06002222445819904 0.01997197520085858 0.04980199643321211 0.03995620804787041 0.0952437619515697 0.03802830496967621 0.014287393605122541 0.057735477699808656 0.1010895933011893
65 0.04097727050557582 0.05139978841170919 0.06278518142896106 0.09184339050875409 0.05518364288690336 0.026451674038298116 0.0018428519289588159 0.006417530230579272 0.06299125133874349 0.018800953590059816 0.10672736104897688 0.043833986063766185 0.02448572899298417 0.05078668374820603 0.020685604372205815 0.0925609148366641 0.04524625244263646 0.07624243930753269 0.10665897321195426 0.014078521106530257
66 0.09727101642602148 0.046821195955149456 0.04683556405019173 0.04828662539146793 0.10455050955718619 0.03428486417615201 0.09946753396702493 0.06145845488535536 0.07549769914011512 0.030064881557385428 0.001556426794095556 0.07469110952661813 0.017771867624209334 0.0481835851226745 0.04454691257757643 0.04079448211170445 0.009770974938436702 0.0024841341726266983 0.08670552593095147 0.028956636095057147
67 0.06656387856506163 0.018429291182172857 0.05587277945155949 0.05888026726793664 0.084544730532639 0.03383644717579858 0.06381660794539049 0.053547618588475954 0.004838653552884642 0.01444426023586085 0.01195748487208201 0.058476858472404206 0.0925508885835039 0.02922874959971785 0.03599838888657346 0.056627736713508174 0.013398059393526321 0.07021362417153122 0.07882215657031905 0.09795151823905371
68 0.06020158799440375 0.062293656798585215 0.039060607923212434 0.060318270464530595 0.06643656661452396 0.09333775788328778 0.026998718809639544 0.026121293493494367 0.07996952560538843 0.004861549442846526 0.00654452933518507 0.008592773964237332 0.061207591323058495 0.09370237808201805 0.10119964455854966 0.010485860172395988 0.015699438547766155 0.07047102548059458 0.05208969507855772 0.06040752842772444
69 0.052573417154334834 0.000999363918222237 0.051467030889345476 0.03150990731248657 0.10095786704185926 0.011770852953566027 0.014810452106294392 0.0982722983907786 0.06565227921828506 0.10442661597874212 0.06728898014862034 0.02631396343789149 0.010046328632004052 0.07987097668804415 0.08519632578897092 0.04942970461518049 0.09397169385752223 0.007448393235186384 0.03453225098814525 0.013461297644520169
70 0.05827537328091657 0.06504233201004622 0.04031497390405588 0.06602351034427714 0.00840727585144025 0.059580185543595184 0.09152175778270687 0.09443243411702404 0.04393463686246699 0.013177117512312037 0.045062345142601976 0.042876454365678975 0.025136033845528462 0.08380971040381008 0.00403621469379249 0.03914551319966253 0.05380940958582215 0.07861882969993704 0.019372162769328623 0.0674237290849965
71 0.005666186972054815 0.0028522442887406398 0.07164692439666026 0.07899809757049805 0.012220459535168385 0.056189667238989854 0.01192053953735647 0.019874077915418863 0.06844341638179165 0.09849135774711061 0.006282291698286851 0.04821030168718466 0.04182021115886672 0.050683278233489074 0.05287118226093478 0.06171617970022173 0.0796654866734815 0.042902505231460414 0.09577856506686121 0.09376702670542338
72 0.018816306614330522 0.05110370616357381 0.05198223771723991 0.04966064957497599 0.08228595843043063 0.052573737907093895 0.07018285406450521 0.03554002122733141 0.06190371666414142 0.029317722461476507 0.0785477130546054 0.023789811481029495 0.025653162863578986 0.048939158998050875 0.0053403334461251915 0.03872142609395195 0.07559740038708156 0.06118904266260716 0.05479956252328571 0.08405547766458449
73 0.07024326553473886 0.024648482593302625 0.09650398498272039 0.017186765464352324 0.004051161874941658 0.06773209542191695 0.029357548166216284 0.08484796112504647 0.0014571798315611392 0.09249150582971961 0.03810298724010755 0.042665438333541694 0.0666985942532247 0.05811785983750858 0.08739671519296131 0.00722765778429565 0.06866749394138952 0.0698027838594525 0.06869385597461901 0.004106662758382955
74 0.06015150295696137 0.014250204748282532 0.05705298847755193 0.07325116771021722 0.04368365078446752 0.06651627980258135 0.03544563471716483 0.05480829266305543 0.021405829441574847 0.06334377587007672 0.06945128694329432 0.06959122624821694 0.045510957831805164 0.07269934357358533 0.04004949083639985 0.07462704912608131 0.01204529096185934 0.042201981057902675 0.06674491477922354 0.01716913146969794
75 0.05176622245873361 0.0013313809522095567 0.07059250593339098 0.08399581087453141 0.046824956672930164 0.004353314409733804 0.07880272272836972 0.005319315843636617 0.03732364044844605 0.06931098189345501 0.08445628677706468 0.02909304418726665 0.09556144026198667 0.07999455460001464 0.07923627224263363 0.012527007107845819 0.061659252379671556 0.013443729388711044 0.09205210504209543 0.00235545579727303
76 0.03810926252550863 0.01631568188046128 0.017214616841801107 0.05648408874100413 0.05497596837598522 0.0418528318687064 0.032029037301965844 0.03743475900921793 0.05533949722559035 0.09227021908930241 0.04344321538676504 0.08122965642781199 0.06659101352568272 0.05675439147880172 0.0032006736666170842 0.07116123683547519 0.02468968658378823 0.05829194778444404 0.10275523759029206 0.049856977860778647
77 0.024905552236661063 0.018515844815249715 0.0967964483502036 0.053538786932639575 0.08934919361487549 0.05123865535276131 0.02496884200935971 0.018325439919595257 0.015518877696563108 0.02654455363972801 0.04605480896361078 0.02439157075988552 0.0429427654038748 0.10037045194995138 0.06128368025961017 0.057939652389045145 0.012470186852324833 0.11612721676330817 0.08633439834203033 0.03238307374872205
78 0.07842528527962019 0.00026567021238137174 0.0023547690794531776 0.027063794130804213 0.09006046637484487 0.028584970457408626 0.09093440835389448 0.03012656052960526 0.003406063991335195 0.08149847245544085 0.02723499539352148 0.06791325266968032 0.059233605705489016 0.06247948897671201 0.015368549821529506 0.08345357514263561 0.10217560273733829 0.04464543259425141 0.08122427186734602 0.023550764226708064
79 0.08618526629624547 0.0846707048170302 0.044448101721799395 0.056088906038907 0.0098668357443995 0.0473453563314918 0.028169190365811645 0.06654766549063296 0.016444893526117086 0.03658942639992626 0.023681282697813066 0.06347873509743947 0.08037480573656022 0.09607569638411816 0.03138876761357613 0.04139749257769748 0.008391059026702495 0.0401271993556089 0.09117034347117539 0.047558271306947446
80 0.037174805845338096 0.0804142851122356 0.08556048495710385 0.0611857943638624 0.03669571335146017 0.09447013950610203 0.04207923389593596 0.008149422305823203 0.04735860981641456 0.0049115143444929356 0.02798083623421517 0.021302966542887016 0.04316139085732491 0.08005173787940079 0.051272925308785314 0.08147618546730873 0.03358609659409833 0.08978595714977071 0.014646817176385251 0.0587350832910548
81 0.052931626559628076 0.027939071476329635 0.054373588192292314 0.058016183479193274 0.011541502042051814 0.02821383161613096 0.07046143316612132 0.008780094667265483 0.05706508375590912 0.04682808120977933 0.09369683664202783 0.005805173619998423 0.06501447721177576 0.027559174022985203 0.042313630363635495 0.05053767647408903 0.07292862998047527 0.09074618636093904 0.04753940916466514 0.08770830999470729
82 0.07841132180642348 0.07766010563979668 0.03789952988615915 0.07158820730878818 0.05927464622994288 0.0667771041275544 0.01819780904592839 0.03108598075315906 0.023328541273079373 0.0621189048221229 0.02858729162307988 0.05130669457297623 0.03407537761590051 0.049196486816521626 0.07368351166118686 0.06602596760660247 0.012865522203719126 0.02344485343247251 0.07128565048689786 0.06318649308768849
83 0.05379395308094874 0.08486967977427137 0.028875313971841867 0.09026213790689329 0.05208821969821559 0.04911873099863647 0.0056374731056545386 0.08156533093821641 0.06607646166749813 0.007315890829808849 0.03064599520927058 0.04233744607760478 0.008950702438331943 0.10072472793463279 0.011910539385456272 0.010636686756332893 0.04614471693900712 0.11001779358113306 0.007293249187038598 0.11173495051920651
84 0.07224864538989344 0.04230181188718118 0.018110143345329958 0.019482511328960866 0.0743424180149667 0.016117516898817717 0.016403080248644324 0.029334813737887457 0.08584776003014678 0.10890364716449003 0.014774490765722247 0.009418955969000263 0.03948425593283411 0.1015388230525957 0.07932801919666406 0.047819999965266285 0.09496376606665037 0.014068482427870016 0.08156769364947693 0.033943164927601556
85 0.07261608343803788 0.0823282390947498 0.03589293209073394 0.08107854966118389 0.07715429058302811 0.07000818516783948 0.11823006792719301 0.02877990903709678 0.008806192775735614 0.013249732934948537 2.731069052011917e-05 0.08506144177239221 0.04162343467459414 0.06824144042182322 0.06606336739361499 0.03804424745304337 0.013057607283161824 0.02074621851979412 0.020370069819635805 0.05862067926087329
86 0.1081069628686159 0.06125778471664405 0.006121803160794637 0.012641490557235964 0.08689275491605801 0.019507284757229716 0.015000613867205633 0.032470575220336716 0.04764088431741457 0.10870019363595845 0.0033554325320244004 0.008722970824753814 0.10052963302177108 0.07411416144380971 0.0033405513464073435 0.015497737594439547 0.0321609801401864 0.1159134202598126 0.08357140599461207 0.06445335882468943
87 0.022765167448423065 0.08310699301291008 0.050802830859498806 0.05270477014182582 0.061823733327836854 0.07260336513928509 0.08119445560798966 0.009838697364443793 0.07580579720911111 0.04009513987788758 0.04052988677420694 0.04830904192005411 0.05771610139754707 0.030187495965673106 0.07349176553399898 0.03852155690728794 0.02358509935083929 0.013181690594606603 0.05451409549363721 0.06922231607293698
88 0.07363458419716869 0.03963963736186049 0.0708764655083507 0.03325640473993368 0.028568161428235823 0.015690776776245915 0.07225347121736199 0.023916215667045684 0.09658203755383618 0.002173188271432653 0.08089192899452592 0.06104749955993626 0.04750706132763738 0.08620739085358366 0.0590279227400084 0.02640078065866122 0.026456062087859857 0.054047990478388375 0.05122640627215499 0.05059601430577203
89 0.021363693769333617 0.080864416884481 0.02196721133826189 0.02169142848452152 0.025819071887782354 0.06765825574188683 0.024823539290058146 0.049952839613192905 0.044059031715675295 0.022575199324112446 0.09842803300498199 0.07768558772046945 0.0833361184820415 0.04678939369570201 0.007768916686350371 0.0977464852420308 0.0057971555978793745 0.08338515155567632 0.04852402717606211 0.06976444278950016
90 0.014595308689414558 0.06695656836941494 0.08655451724801716 0.028761353514182034 0.04043598767250552 0.0781932046566487 0.058613946749839864 0.019264627573729 0.05180312349633972 0.07879385412095212 0.0880599854735514 0.04625845863138877 0.057511301767792865 0.08803189890503603 0.0344783194224753 0.042818349780811574 0.056040668560368254 0.016192422786191433 0.028414815938034375 0.018221286643306658
91 0.10194622806784795 0.03577744141935726 0.006702564820028936 0.05681914315491688 0.06314682074316859 0.043725160665895955 0.020964117391237068 0.050103447030632575 0.07628070904936755 0.003083479921288076 0.02990788050854418 0.07486712251356735 0.036941800316834326 0.018063971500617986 0.0007135249695674745 0.03578645298322916 0.08907174683556233 0.050499647477458505 0.10032261526494424 0.10527612536593349
92 0.008138852313721625 0.08729021934873588 0.03824699592601127 0.05508162068806216 0.06660571619519941 0.011744497419458912 0.08386323037584337 0.024471166389770562 0.08574570646335967 0.08930272524426897 0.08565850130018314 0.07227434590010089 0.03511094633270165 0.0077539935068024 0.0314066263169406 0.0024148335135140532 0.03403405272179728 0.08339898543866392 0.03873539234088869 0.05872159226397571
93 0.04637218453905468 0.05509083539484216 0.04798511957280222 0.0316662111815053 0.10817455081197976 0.09095516391114254 0.051327578610984095 0.0969150668662355 0.04901112075021122 0.07720962198365093 0.016494157123719516 0.061877539313879466 0.018039970794098293 0.018356476686992605 0.11582277993156327 0.01766006554395772 0.02797088313165213 0.041513951571412216 0.002687004668090273 0.024869717612226228
94 0.1052600447153408 0.04391334840445269 0.07434341042358684 0.003896583192986158 0.08825799808520626 0.01326479859086781 0.031579497995597346 0.03643032462885365 0.04126698103117075 0.05906183555556455 0.09964729936148434 0.019108604491114352 0.030482865415276172 0.03189924642924772 0.02254221412828055 0.11661795859806776 0.01736961094839464 0.06760525096487034 0.028410159064880022 0.0690419679747573
95 0.08534031003025226 0.004219952073152109 0.08733590856369086 0.09305809857556725 0.032403993282257584 0.01846010161931265 0.055234035144383846 0.015576081818610992 0.05499712450831817 0.030278472820142593 0.06998896222730479 0.06113380382065663 0.06273981674433005 0.030104776814572402 0.01902003811517232 0.0624031445115067 0.06809705554329061 0.013464544974104346 0.06234121862713157 0.07380256018624216
96 0.07679877430012054 0.07421490759446618 0.049614752382660575 0.03561713307351602 0.07852534444839375 0.02944507185254982 0.07853022014641509 0.04084498699973913 0.03632559397193286 0.06370486209883301 0.06996077304216765 0.07512755751671385 0.018464476912082296 0.07160183477333926 0.0655302612454792 0.003309750798670384 0.07100722363363089 0.014245580381634877 0.019397714700812235 0.02773318012684258
