0 0.09489139523107595 0.07544667616514616 0.02272136083286194 0.025064228469745417 0.08182101291554164 0.004105626102839319 0.0528431426893979 0.027921691888919735 0.029378888555338965 0.03249923765099489 0.08988540220588044 0.05848724981068175 0.08955276403421628 0.008976652653584416 0.05601917125530037 0.06245528981572041 0.03011681427839088 0.0945855326315474 0.054798850241604545 0.008429012571211422
1 0.004725841610424521 0.06485185869980704 0.031048695541729787 0.045325125539116023 0.0914284915102921 0.04444566836663941 0.08135533567465432 0.08543289310603436 0.039062033219454416 0.050254738339275726 0.005542286250618743 0.08286552236677103 0.08759734530664581 0.0505419623030161 0.03128071659351074 0.07166831360455192 0.0063646661195610995 0.0786293881803411 0.00600702407134831 0.04157209359620757
2 0.07009565972668308 0.06854219890965359 0.07535341348009351 0.07071880665947211 0.031846943461893755 0.07208877369337298 0.08034398860107933 0.014460259764458956 0.07076914621218597 0.06524298752829237 0.016606504987472667 0.026017071568711407 0.04359656140050119 0.015488498982988846 0.029309459472818523 0.04757633170940255 0.024041658615546864 0.06078376782975041 0.02656339991033009 0.09055456748529203
3 0.0023341248527048294 0.06161194674907319 0.015515871951428147 0.07102175927345579 0.08385016359619603 0.04878946182148731 0.07771690737663658 0.09772603021498417 0.07259754216157199 0.06425427075543466 0.06689305794288258 0.015786462497143737 0.08119863070543348 0.09561257639078566 0.015310208324966566 0.00606637550144883 0.03807610719950871 0.032170401366342895 0.05199005598637527 0.0014780453321392958
4 0.0841323600547347 0.09129907358782909 0.02015252168235836 0.06941672011515838 0.05957370720710563 0.08020774678820236 0.029321527328052203 0.042727883966102456 0.08081087387368337 0.0213472491480068 0.00770701729651145 0.008506984132419827 0.056909932998088573 0.04508416392693057 0.05866979100930715 0.07162481494693189 0.005794846237690174 0.08617153956702349 0.06493739958738068 0.015603846546482671
5 0.029337351257119348 0.030593328295865453 0.04750130738757485 0.08782454126106971 0.07851890466691679 0.040734647921096934 0.08188594785909324 0.0871090380416577 0.02923482311960699 0.024780541152748782 0.035491529908717546 0.01324529483631274 0.08810059747202136 0.07433632348720107 0.044913412667641296 0.024923601516123252 0.036085343035606295 0.04648834007330291 0.05979120578673363 0.03910392025358981
6 0.06491983112447879 0.07565613333220483 0.03820169790322596 0.05093647891695315 0.06926307711277607 0.015641636583594777 0.05821323760079484 0.07282795770511748 0.04512304697235482 0.0195882979148038 0.05427707843706183 0.08688573524681481 0.0785178373659457 0.054710498461676936 0.003485394415935603 0.030592498414941365 0.07610760612134172 0.012349439194076535 0.02183877708550881 0.07086374009039213
7 0.04616983972100159 0.08364641934982299 0.05340017790433701 0.01832578029622089 0.04987497964022607 0.043014791902910854 0.03591919908891105 0.03244431905012247 0.08703199209901094 0.06350262422824905 0.007121250692375325 0.08197105646372298 0.06723999507315463 0.01042825028914698 0.09160562028408267 0.07679880397814955 0.04563666705457955 0.014761647723085964 0.04076490366488457 0.05034168149600517
8 0.009122617704941561 0.08806685982374077 0.06026261578228222 0.042940237369864714 0.045436268759682694 0.015108278451626942 0.05862498153865803 0.04169048215771573 0.01246830361556026 0.10373731277534749 0.04999700976684189 0.03406360236634647 0.0760780070770873 0.029227526997914855 0.033401881125282765 0.034582014363127835 0.09255988331605944 0.05695624554150845 0.0872393191468444 0.028436552319566145
9 0.10091576868139858 0.028696572601504617 0.057815091721757327 0.08623830088166698 0.07061669390572158 0.06981108113367948 0.07177547826455066 0.06716547070271271 0.002029796140590004 0.07130295081064665 0.10272686282767488 0.04991008372045477 0.01450350504568112 0.08044048174065109 0.0325443219977199 0.01043217899345825 0.00725892969461233 0.008362075208705947 0.007338545253325791 0.06011581067348722
10 0.09756083106298104 0.04446200490118563 0.04191655578865389 0.026948566038439817 0.024639692746310587 0.03772182984082566 0.022508554682654534 0.03304601046904773 0.023664584337724164 0.09444729111273487 0.024831754209861005 0.07933141623850679 0.07527995303427741 0.02754341185239343 0.08741251361149516 0.031627282089797655 0.06188770992941194 0.07903018574942097 0.037761866982408215 0.04837798532186944
11 0.03450384533715074 0.09047894133162739 0.012645725739512153 0.03376086357548039 0.045177832444405215 0.08178877166526352 0.07578926094912851 0.07788696458845873 0.028923202676188104 0.09424932508284056 0.022176645798352216 0.0016759181730357578 0.03647608735758922 0.0752430498788275 0.019006928879523353 0.05142016104980489 0.029718742580388813 0.05821451563919153 0.05550066236534633 0.07536255488788532
12 0.05745879216665001 0.003328153471085245 0.08157178029507485 0.03445090916930072 0.08533678648686172 0.045887479424556676 0.09929126555152583 0.015150853691707091 0.05183670464239413 0.014506428328387506 0.10291928620891506 0.10305104356002485 0.050643858283299724 0.03927107782243181 0.03704801854438024 0.023234789815542792 0.034391966506948674 0.0653808288462499 0.022171990061581905 0.03306798712308123
13 0.07883888773820891 0.00434765833887832 0.0285940931262955 0.04106140067596446 0.01616032705297932 0.020622139076582648 0.07997485176503992 0.04294104915505411 0.0539056482516468 0.06591886561878427 0.06031145413391321 0.04889528219239008 0.003717929550479028 0.07415664173108526 0.0425324708828127 0.08796226055847653 0.011427616469401035 0.07931664618275022 0.07555867786551788 0.08375609963373996
14 0.10334756849428599 0.10597518156249047 0.056471472119369155 0.007515890667188973 0.0884497099503919 0.06119622130254736 0.052456014308430846 0.053592447657078005 0.04999185982810373 0.004755950824486542 0.05411469537882301 0.0036316360544257 0.10885277056604731 0.08683130202137429 0.08124948436937106 0.0053465042368653366 0.04688250864724282 0.003688873614229768 0.022727951399085632 0.0029219569981621452
15 0.030015038109268064 0.018826493113961326 0.0705907202452069 0.001979532428106336 0.08043054765212387 0.02684351385972252 0.07849753118285188 0.04710012163929635 0.08996605818013846 0.06851319335802755 0.06662221459921726 0.05541736971664605 0.007958343913666899 0.014179889485790428 0.05818258154940393 0.028367248257459045 0.08824956077633049 0.06752779088767231 0.0818080230154416 0.018924228029668585
16 0.0691945547395168 0.009658580082680234 0.0182532885086988 0.07559637490434189 0.11895001935993771 0.07494343225578488 0.02763209169095136 0.020415723818334366 0.03768168480696397 0.07361253833031685 0.06488332438465608 0.1089928004001247 0.024159579107515976 0.07053754318544835 0.050911593711685556 0.02437875672193344 0.02866267531360848 0.03797629814608978 0.05282591305810502 0.010733227473305828
17 0.025889174569725386 0.04601548841360862 0.07243247013541086 0.04963712492137147 0.08011495216243654 0.022115987488592122 0.08163200557522977 0.09837631795234722 0.0276016191894842 0.05312033046880621 0.08025638903793567 0.01166737832951451 0.06000882144362882 0.018401013166212312 0.08149830982461978 0.017033016133860386 0.07858140694979365 0.003280493370262434 0.0873658516145743 0.0049718492525857
18 0.057535219336376606 0.011279124512431874 0.07506083831781662 0.03716648696733925 0.062223679996561136 0.08344191034849255 0.03687830007377295 0.010051220487908873 0.07366949315266051 0.0900665638630646 0.043084673577160996 0.001594971242388691 0.03852436069959726 0.02426407288517522 0.012461306553020676 0.07896981739857743 0.034713916133159654 0.08940568526961117 0.07981536860424661 0.059792990580637265
19 0.08642684702264714 0.026040434760487514 0.10547307391912243 0.0455569302360166 0.023289093950856477 0.11121913833920685 0.03309955018040233 0.09327204140654638 0.06816050532416246 0.0492879581359783 0.061983201440897494 0.0004995297781648462 0.05726788384734177 0.048463264996035205 0.05106464612663628 0.058575831541543937 0.013163092642233469 0.02225254843089016 0.044261591307309944 0.0006428366135205523
20 0.07599674144653236 0.04403982242564784 0.06697993112253903 0.07491044502981009 0.06916468695382912 0.016878354084685784 0.06371040640318065 0.04644720245098369 0.06425240853472478 0.05456444425049834 0.01491438752771079 0.03748160673576631 0.07653961132171631 0.0835394497089717 0.031436588527436714 0.020769711428335023 0.07451258546212432 0.004162269058671203 0.026811954978893965 0.052887392547941774
21 0.08143469926222499 0.0816888905858212 0.030743474153380756 0.08394943469579218 0.03360550667199249 0.06966636006577481 0.020388771659786947 0.07234629319946315 0.0396787095441541 0.00922191115953153 0.04529959234722862 0.07769533170435394 0.06791855387428497 0.0008334320192360317 0.006071161785601869 0.03853004284919411 0.026454126609757097 0.09472370400437835 0.02074693143415361 0.09900307237388913
22 0.016355221233809825 0.02967511392149804 0.048475940884514616 0.007995085029539389 0.027944263510815807 0.06833460136325614 0.05459731673104808 0.06298484374388189 0.047843765180647674 0.039215174646671014 0.08049619391518009 0.03640606671383779 0.0897815800976498 0.07208751000071348 0.017868484826367943 0.10497936255976946 0.03746373488657603 0.09798271487321089 0.022701508254418266 0.036811517626593564
23 0.07122614410335543 0.08463970511134865 0.025803263245150865 0.05921726402846573 0.04733970871971814 0.06524604149250834 0.06834068727339383 0.01650571101230464 0.005104478778435574 0.09579265760563656 0.035706882352089235 0.030402425801874806 0.07583783822127504 0.021741134343392466 0.034712479676550494 0.06053269795842526 0.0921174769267443 0.03889027565514418 0.04593788209672541 0.02490524559746117
24 0.025580875811252846 0.09672894191575919 0.0441448787096933 0.05702844302159452 0.014858479853057127 0.037059788315749166 0.08983912693797182 0.05635233158301448 0.041586803180156506 0.042059187945393824 0.02528603882436228 0.021551986903296506 0.02274795020328473 0.08499998190451431 0.076060012719694 0.07455038508628309 0.012706654404193144 0.07733881829999911 0.03591933036315113 0.06359998401757892
25 0.014097646563947873 0.08278777282824548 0.006911922977057289 0.021445870019199214 0.10315952996380559 0.005715214395388115 0.046808368611093526 0.03173603271090249 0.11937640219751877 0.024262272309252274 0.08768219477656106 0.06886575248860015 0.05292963945889362 0.01274229971697343 0.08518717688026906 0.057178316819855676 0.044666478351049206 0.019738836381498624 0.01683115158928215 0.09787712096060643
26 0.08064772958289497 0.006792219119037127 0.04605473815345577 0.046499878386643594 0.10647165284997903 0.01758932492962782 0.0918574480340615 0.02687190858409781 0.0049859832738710485 0.018408001232045917 0.08976008436467788 0.07052820421351319 0.07511905361668442 0.09798110737950864 0.02311647580166301 0.009532825366251363 0.004072380628751055 0.06989927779719608 0.05723997197041011 0.05657173471562977
27 0.039180031436808156 0.08495460152755527 0.09146802503839158 0.08647473585801191 0.07627915810040277 0.08706763338372187 0.07055249216765239 0.04426911945610591 0.026030246015541172 0.012681409706379617 0.054084076086321535 0.00938850873075895 0.013678837068324328 0.034932690844301215 0.06246008062340703 0.001438696974329357 0.058409008437904114 0.07853637628465547 0.024032641263059824 0.044081630996367485
28 0.0740831922385901 0.06342917034272001 0.07596356714121319 0.04601061984419705 0.06919705018645586 0.0711030368833621 0.04216935358983949 0.009895058971220633 0.04086690678080574 0.03412701533553732 0.06051579049133929 0.013819446049104688 0.07325855807197232 0.07562015045939817 0.045193720353920525 0.0317014936786587 0.04864043763046884 0.04328119738307895 0.0629434791750882 0.01818075539302861
29 0.09316115231041908 0.09861751925935659 0.0022802234608148408 0.00957576270497222 0.011969954038189963 0.04637969292072008 0.07364759621149959 0.09657552672034242 0.0299150905669091 0.03328317253094466 0.0385182452559651 0.08451564842651403 0.005573745139215036 0.01621759513534851 0.03098605786283091 0.014670483291569378 0.036411630319636526 0.09102425472224165 0.1012639415026759 0.08541270761983422
30 0.05659796538430845 0.08528298964257716 0.029541011168340767 0.09032411809919372 0.08580960752268434 0.09560223288790878 0.08527914774196643 0.023665024853258363 0.008728084380103756 0.07104796672988636 0.07939099338325534 0.008408612643648677 0.04287632820153092 0.03975071535949829 0.026756522622954717 0.04933163355541449 0.013038743297628783 0.023554344051472817 0.036067737897043005 0.048946220577324756
31 0.03991495226301401 0.06838709522201114 0.042486491578129344 0.022908002168959496 0.0706302972521716 0.007848871244643776 0.03565812220095763 0.04203445093069987 0.05816377870668356 0.0769919933292417 0.01158927334260436 0.050394878734486524 0.0757448587302284 0.06695041176022394 0.005911872634619274 0.09302490251416347 0.07960124877347152 0.03625149684131024 0.07712353435880823 0.03838346741357202
32 0.06725132117706112 0.00515582336316673 0.07403601368630078 0.0759727396809365 0.07622918299005924 0.0024798731945703495 0.07807567474542876 0.08271885064771406 0.08470822711497523 0.08465172074715198 0.03394323510151686 0.03197163497622506 0.04188279564147235 0.007904351113071532 0.003757529690647006 0.044179379208472154 0.06691226946001821 0.04911735589718539 0.07164036780448242 0.017411653759544565
33 0.07952748818275421 0.09030765259549335 0.053726679817459086 0.06739589781249121 0.0019055451168534987 0.026696470003318984 0.03545094371738921 0.004040992044609287 0.005967996347524999 0.06485715516830923 0.08838856480456564 0.08107634363346372 0.05884892832193186 0.057077981176498066 0.05280918055280233 0.045029356287361676 0.05934798781651718 0.006410936806274894 0.04097365815834735 0.08016024163603415
34 0.004241582639625963 0.05046845206514562 0.020444024047851152 0.05146944825684952 0.03600333313067051 0.057121388239591966 0.012830979918696342 0.07817472563322339 0.04651662424886517 0.014446147709961183 0.05573244571920566 0.10543273237402724 0.059975126357838554 0.062260823592536575 0.007665686714937204 0.06791841373304064 0.08223898126043094 0.10061239061984706 0.013469935404320977 0.0729767583333344
35 0.06665849488942459 0.04645992425716723 0.08427934904029745 0.03495335115378163 0.1014202504783378 0.05913520167306356 0.022920780756811525 0.016288376894477492 0.08846994726302317 0.006888048637280978 0.01720247595942003 0.0016438445267684097 0.07117516151383506 0.07357641029097349 0.0077385464777391996 0.03537766535525277 0.043566990527029566 0.06944340709407738 0.0917147549035648 0.06108701830767398
36 0.02919663913886024 0.05232415006180793 0.002963528497444031 0.07759949173531427 0.04580509695636806 0.04742496001255052 0.002703369332430564 0.05481489481026988 0.04877166712517017 0.08575053827486617 0.09276884747055057 0.033939703750341846 0.023745042467345327 0.06455997336273402 0.08795395117577019 0.025537502296180733 0.036212720927895535 0.02020478935951375 0.09194111156129638 0.07578202168329014
37 0.03806314135289618 0.016748603983528506 0.06492741844355843 0.038293365192717116 0.05161383065118623 0.061885911434068144 0.04489117829016863 0.06622892105820653 0.10296080464316859 0.026700249460543883 0.07627822366269049 0.04989555102274302 0.06846178136805266 0.011075527970386835 0.013124076475518992 0.04842034482127061 0.04396911712240479 0.1020019628024049 0.023236915548636123 0.05122307469584924
38 0.07792797393360108 0.008670096130857072 0.03551196542336661 0.040883804265280245 0.10966152222972395 0.05410945493621065 0.020875545861841312 0.059205901107684304 0.04876526801545377 0.019204404574410253 0.010763683428423116 0.04682821754465452 0.04582487077613821 0.05939681155476502 0.015068703562831336 0.021985033303977625 0.09787259535247506 0.05294295814476942 0.11273476165340375 0.06176642820013297
39 0.024271876036180935 0.044146517092294106 0.09273394155271728 0.012518731817068513 0.07602808516384299 0.10339166232083766 0.02445412671691201 0.02764388202730604 0.0035909386302996355 0.005484637745219449 0.05545563002593662 0.08177205322677736 0.008911181489714442 0.07514153334131791 0.07210063234702212 0.05414908389354693 0.09122327906906948 0.06255972151159467 0.004381179319033614 0.08004130667330846
40 0.03208232614360191 0.08803507955827969 0.06788197956032221 0.025114136150147338 0.0026944765678976077 0.0479265530225642 0.07671342105137467 0.030834647718638062 0.06169422894162336 0.008262831779087149 0.02622527580947434 0.08405541064281676 0.08157014108587549 0.06590228404432992 0.04508037957212858 0.015493500900083121 0.07847095164499256 0.07124214432464608 0.07021648606196189 0.020503745420155026
41 0.10504984792139527 0.023460137251826572 0.08568056208187486 0.0810388307040705 0.06995012668735405 0.08133123924390674 0.025117172344852657 0.05997104464022694 0.024543505651233505 0.002727306657729127 0.0002508680513404359 0.07347664691380654 0.0008375705033069576 0.027266808203670872 0.054723549581218285 0.026282777756524642 0.030250569923624307 0.08725976287948918 0.056452999956224714 0.08432867304632388
42 0.061132467666909614 0.05293556672840708 0.02520405405176564 0.038865346770986256 0.03147467528179347 0.08186828379696927 0.07444867687387112 0.00240036878101127 0.07553161237140378 0.08308453182232224 0.018959442335093734 0.0081683556253306 0.0570196462320687 0.021838339877280198 0.08006386244105684 0.07741683725064771 0.031752315229893205 0.05279620591285078 0.07601230090324172 0.04902711004709688
43 0.0013026952782882288 0.07576918371064252 0.09311361514322122 0.015717243425643523 0.08799769525997111 0.0944834021022624 0.09368109705334329 0.04262883164256585 0.04040659973000891 0.07319737471713832 0.009555806475070868 0.02136816152004123 0.0015707513265602927 0.10050402990045997 3.596118666066628e-05 0.07913697616308758 0.002373236665422517 0.04316515257322618 0.06966525267746723 0.05432693344891814
44 0.07974730124730774 0.07048501509411621 0.07130590050708582 0.030193643494663736 0.08068662662428082 0.07213177709737766 0.03193404219395289 0.07996732955344288 0.05244211130944069 0.06224166523270062 0.052925340341709745 0.004979213046792557 0.022663345362827197 0.016224083436000496 0.009857471284708335 0.07950843096876341 0.052422479423400115 0.08067717625963548 0.02775090440192429 0.021856143119869276
45 0.11907843935413248 0.0206426658756324 0.022796876802666833 0.022161679716903252 0.01348009204223638 0.11093106740282088 0.06363811219640012 0.049419022858730365 0.03855873016457587 0.08579187461598899 0.08824817259460936 0.0657204036396293 0.02283881757300541 0.09915255923966333 0.045566185614586086 0.0005597183410362999 0.010149331249444636 0.05611767025126487 0.060521060539665175 0.0046275199270081864
46 0.040652985919480834 0.07199645652990619 0.09049214776383115 0.06439099888419353 0.04950254836835051 0.029498254452519725 0.0599281821395936 0.0007937790833290498 0.05804535639654563 0.07545887061226224 0.07442526022768528 0.05079340073560456 0.014933054119159773 0.051332564100060096 0.03598821911321435 0.012437584160898947 0.03859554868842333 0.09843691066407381 0.05376466731808957 0.028533210722778007
47 0.04645478403083484 0.07767448854484714 0.045317144369623225 0.05019185649953151 0.06365954886646606 0.031006091228019988 0.035623679781021364 0.0024967531433439352 0.037071307156346975 0.0390580269736081 0.02618411759548413 0.07894762496062631 0.0652722358466322 0.08392175190939245 0.051461193134198065 0.04629496616455548 0.07689123380671628 0.04713723480991279 0.06456001000354541 0.03077595117529372
48 0.037075580683058815 0.10665199821051119 0.06409051092138704 0.009805568583666855 0.0006350493763805691 0.1017904846731226 0.06969301997030204 0.03646125589303567 0.036125243368398764 0.09428534964701671 0.02062155274803824 0.03205160791959939 0.07471853591745287 0.005724064196933359 0.06535161927838568 0.013570705445154409 0.07959390109519157 0.02350969385084789 0.08124144601735835 0.04700281220415802
49 0.036576370710094605 0.07902735841436904 0.07408442144139615 0.01410227499234678 0.038405516645819565 0.06115959692964606 0.021818970777035616 0.08933782031014717 0.027960813859069795 0.024419445872092074 0.03731997350474703 0.04131499411489314 0.03182282086739244 0.03120348328344016 0.05600447964383592 0.08414902643544983 0.08956062570903295 0.03303519632316108 0.06846355843396834 0.06023325173206215
50 0.06926186981704374 0.03988406729674061 0.011634246079815303 0.08521481947157629 0.06161892636016363 0.05981927047161917 0.07709760234786664 0.048304801762492126 0.06874213043147766 0.012523144588242132 0.05177258837678411 0.058035057806309326 0.060292899725980044 0.03140878043248938 0.06629027453882315 0.04567271260140372 0.035788953031699794 0.05921144955071611 0.01772476971322082 0.03970163559553612
51 0.005168929658393248 0.06528360626101185 0.07991572346272138 0.018223455724292792 0.01159482895659805 0.06741547480974261 0.019256791260106383 0.04531364125659585 0.08203012437896876 0.04608425789154983 0.003790044542174273 0.00739190046987226 0.03543535588972593 0.008110518906096324 0.06402397915732015 0.10817356777897388 0.032014379554133755 0.12854864503197594 0.0975181001774049 0.07470667483234163
52 0.050585788836051734 0.02517808269002934 0.05624494179906542 0.04430133986420755 0.006375985929994417 0.07285063371119485 0.01149719192440684 0.004150673826466546 0.0036944871554438234 0.06035015675994838 0.07324039269205133 0.08066512091374843 0.07390088997888115 0.08282768234006561 0.041062404552528235 0.07592492927318284 0.028055470296216935 0.08646998613516635 0.0535917935780723 0.06903204774327801
53 0.10954415325702045 0.05077954208736462 0.09020978665515281 0.049654556003283605 0.012996226875866254 0.09544676558479115 0.11423701877533173 0.09295587010440863 0.01402952232664642 0.07336558100295602 0.07411377828421407 0.012144782312012523 0.002305702244662341 0.001679067353554821 0.012439480048545157 0.03541548954102496 0.08686246839209912 0.0018881197686958493 0.03621894934566954 0.033713140036699944
54 0.11229838159677046 0.08402999502370598 0.07394929073435905 0.06776911507126228 0.05049963029295446 0.019917008367518307 0.0023178572107824765 0.07853284442699926 0.10147203764465773 0.05693595967191954 0.01700188315581375 0.05916580371207566 0.08082298328493999 0.03550709555583705 0.051242950240471326 0.023560825511328924 0.018153934217999265 0.01333365766412348 0.006822068444086855 0.04666667817239434
55 0.00230322896606918 0.077223606302245 0.07039389455395254 0.021319574097641687 0.0661199194758086 0.08806111426652403 0.07276096593615888 0.08299260522366865 0.023562527434680108 0.0943961346329975 0.04367713243792676 0.030234127698030674 0.07447722930144354 0.02438670544142739 0.03782740723675296 0.08811592748143846 0.007992310890472962 0.03486809643741032 0.04379977697035535 0.01548771521499526
56 0.05384827738203744 0.03285266834159813 0.11562974299359614 0.0304565787984162 0.04874018703088952 0.08686415359289082 0.06770541881634541 0.05216412400531499 0.06255220632604797 0.042387638357365816 0.005666871474020861 0.029892029750920222 0.013548480909833654 0.00036217639135991574 0.05031446599516716 0.09134347767672679 0.04797435944043042 0.11137158884378759 0.03126797358916557 0.025057580284085685
57 0.09763366903526509 0.03956413254787977 0.01879106379138692 0.04115755163551036 0.08125145730654547 0.09650435026937665 0.0635234775547165 0.04122809648343752 0.07518843298672098 0.04819529049671846 0.0268368983902623 0.01316012847112242 0.05930706447090378 0.07894114973465478 0.0530980103330429 0.013680572158646584 0.014289088591905297 0.025562326699612194 0.018661307329675816 0.09342593171261633
58 0.005693587629662904 0.07883417774865319 0.0928981347635006 0.06537108191146063 0.028941845416638617 0.05915378626304454 0.05564217746884458 0.09499098368569903 0.06002947530660427 0.05556071584826197 0.020586123825381112 0.04085067937200609 0.014050071686834815 0.013440215248499324 0.0878595430379115 0.07137178812922745 0.08162783340495165 0.0028657528652130245 0.04266902930878949 0.027562997078815082
59 0.05199131418817483 0.05662216783888984 0.07157125049927927 0.03896073802299894 0.06407954227616931 0.06631045906350859 0.04376689254010893 0.04682558575016849 0.051647389556333564 0.0004714972737635268 0.0411157888502947 0.06252827478940233 0.059551380234828914 0.07800608380482116 0.02450511157150897 0.07501644772937209 0.02869977641719544 0.007927468322923107 0.07513716492941944 0.05526566634083826
60 0.034728190607930615 0.05429833690707266 0.023853124926950808 0.08573951826455829 0.08460458452411357 0.07164692978661366 0.08916955055966262 0.08387826185523081 0.035400760196227996 0.05111053388521978 0.014548228350683489 0.06643368693477093 0.040948282536247875 0.04077215423813512 0.013159323712684473 0.08742727401794427 0.014406269661485796 0.016644844068996398 0.004755680260812332 0.0864744647046588
61 0.07071019821271557 0.05935800641521813 0.0013769359821231117 0.026240590259856644 0.08628346790770862 0.05723397863455046 0.03262489303835963 0.03135776352981044 0.06334563981150587 0.034975072509799934 0.08550925326933134 0.08541649306274782 0.033734798749393516 0.0463886796389172 0.049338792309198444 0.088505609367412 0.017235301605225035 0.07523808895492892 0.013135075544208584 0.04199136119698881
62 0.08792940488785468 0.020990437677123785 0.06113308255243486 0.08542330476335772 0.0322805642373035 0.04801630174515659 0.0667053118208813 0.02605331789096708 0.00961485285707298 0.07262042369289809 0.08401411472298219 0.09711215801315357 0.0011510843222823238 0.02375679934621948 0.07439118710515939 0.01359944952104082 0.03688683379268313 0.05211938089847676 0.06873536951098662 0.037466620641965105
63 0.02681651633417632 0.03753583537644342 0.005369924823455698 0.07648508151207092 0.09528252162518931 0.05456619423143207 0.06186973453531529 0.021438696581787722 0.08175142474574756 0.03660413181379508 0.08610434812154462 0.039022984045903736 0.04210984746083416 0.0619207046537728 0.07027512819301024 0.019991265118890572 0.08489996445869856 0.04356281197901615 0.016082480715674523 0.038310403673241074
64 0.07066958987128517 0.004962389094307979 0.07443343733920182 0.033055832724195114 0.08365955327540256 0.0396099068420091 0.07343005878426007 0.06566819592823586 0.043906969852969845 0.07675125104156705 0.08713662020205153 0.0840163249641947 0.004487488450644932 0.00338232895685715 0.007556620900127278 0.051745765514860036 0.013382501394943486 0.047939912939793106 0.0754047895292412 0.05880046239385205
65 0.07683495622283945 0.02307097121821373 0.04599367322921127 0.056142825496526626 0.007219217984647581 0.024681759012177177 0.0914057124894273 0.09111327489789492 0.0729299306196304 0.07983567547548787 0.04513798223097498 0.02461470748573683 0.006728914161382708 0.029827258547947166 0.03057760890500214 0.0754606813201541 0.06439214258555181 0.0010706589013492421 0.08924727905103579 0.06371477016480882
66 0.07340702933430196 0.11486505760516827 0.03120689790775755 0.03939644421759533 0.011897633562991923 0.07334325015728593 0.02508209744147986 0.019029193395893537 0.0736747750746479 0.08061999620192055 0.05768129513683999 0.005955141672676781 0.06403407928222997 0.07316430064775975 0.06210426295874059 0.012078042254307853 0.08845109390696235 0.0745128965581452 0.010482489084027954 0.009014023599266733
67 0.057943747151824966 0.030360770869672555 0.05900745505431432 0.049720343574813426 0.017216588641606047 0.02476578840434883 0.006428102109336459 0.08382800444247179 0.054691035460498146 0.07728041881757322 0.05846236623958346 0.08470838794433347 0.01379300270624508 0.08085780309107773 0.03342044915856691 0.011271689347207098 0.056538822182811546 0.060360671646978684 0.0600357583932595 0.07930879476347669
68 0.06295771496193883 0.06164011593404491 0.08866967517489296 0.005449430346948291 0.047284681234974625 0.06304590367517364 0.06295389309035293 0.08331505349875856 0.06551352920766353 0.015023499359267493 0.01309231814794773 0.021667660214833132 0.03534336334678797 0.04142858293738758 0.0603762521873092 0.007056588363070903 0.07204899470253175 0.04517159877247237 0.056364969744390564 0.0915961750992531
69 0.08524864951301088 0.1003119640221611 0.008489369623989036 0.02717723129530452 0.02807820368074777 0.04562937477306006 0.05268584223900903 0.04933466847301935 0.07039666184365309 0.03733328735672876 0.024927299618793235 0.05925160246647625 0.08980262307391432 0.0026373594128292475 0.03777158779384173 0.018120242406833357 0.03610549183615979 0.05996078807427827 0.08695502691957224 0.07978272557661795
70 0.058356906754236326 0.021191441909086162 0.07186644714429721 0.08711444837948913 0.03753634500553907 0.008807237325918654 0.06705249548427938 0.06032281764808156 0.03759956187594523 0.06279806583512887 0.08738072323125236 0.05777638979830212 0.02328191072847868 0.06694787852976888 0.0026049028562250753 0.08278054447279186 0.0371134636352694 0.04663821511713769 0.07561569582250559 0.007214508446266747
71 0.02324630059000704 0.06569392981723873 0.08576206731422041 0.05964619403909055 0.05123275756593294 0.0761467214515197 0.059084407067711016 0.02359944759274232 0.04119721871036577 0.023760406184021306 0.06323919380290768 0.015338443081325285 0.057585865118260124 0.06556577871175547 0.05439228021355926 0.08496939505374503 0.07344811711894023 0.033000541734048545 0.039832686431937436 0.0032582484006711864
72 0.06965576307884726 0.05966964975035905 0.05826968551451804 0.06946556483454835 0.07750495366352946 0.07235770850622657 0.08521660546278523 0.07647269967165367 0.048333730499370446 0.011423831690537727 0.07253419721957043 0.0036438674281015883 0.06815142269167135 0.019134850635938578 0.012264112799939622 0.03801036738100956 0.030891119094359924 0.011218895498380477 0.034726556606471705 0.08105441797218098
73 0.07509140531220863 0.027331144424279214 0.005196241927298545 0.0496446964786943 0.08248682794771532 0.026348512666560492 0.06685892544798153 0.02439031948754524 0.07214750804178913 0.08628039225864041 0.07468087636773825 0.05975755791591109 0.055399463407483314 0.07319806252570864 0.0681595093374115 0.01329147902168355 0.06773318450553717 0.004292845804636771 0.048678266242600375 0.019032780878576416
74 0.07198513410098516 0.07552712813090419 0.09895065806170374 0.001637391344633895 0.06735871624522863 0.051488477527120324 0.01285077629391256 0.011104556218889994 0.06487961373527941 0.005538330273411298 0.054460549253822724 0.00984313899055933 0.0862134388099628 0.10075890802915623 0.06700021350880651 0.0164088975629403 0.06721032925958018 0.09429844020913535 0.012666021300659977 0.02981928114330763
75 0.013200310972382707 0.08146225592945575 0.014304577641441883 0.0497109740283534 0.08851919298580599 0.033244191703339906 0.09633505525457829 0.0055250884946739165 0.10019793169722328 0.07108869520103066 0.08142831247226058 0.027195959488067464 0.0188685528713533 0.05547562757091547 0.05471814300878728 0.05761654217889697 0.030605882881802552 0.09015201486411345 0.0015073257730096338 0.028843364982507464
76 0.08678827423452105 0.04628310521100189 0.06292247471081314 0.01756243253872745 0.02681367114740177 0.10422741014187496 0.03103239675120998 0.06856827034368346 0.031315963889636 0.05504099591077887 0.013113739659438631 0.00925155861333521 0.044307140639736835 0.0904523834908533 0.07200689778423594 0.08632061904935083 0.04279559763988426 0.013598133911866157 0.07392627638894786 0.02367265794270229
77 0.008729244654406082 0.0022458771400356457 0.06615739255919108 0.08839576015749165 0.04254849531875362 0.06438866534947688 0.0695494983852839 0.04010341497343797 0.028003269016397082 0.04519771774610176 0.07341320643869285 0.041960332630790194 0.03876870645081688 0.08637614354899147 0.005297394575987441 0.01319316948264888 0.053948043808980356 0.08781209831549432 0.08780941689387785 0.05610215255314399
78 0.018324762173714745 0.08518206553180349 0.03865369351164554 0.03681199934252021 0.05279010482997801 0.10256491208697203 0.03873125358581603 0.006658764412478085 0.015948608935864677 0.09323836345569625 0.0314379997658579 0.018238721862669647 0.10133852905834852 0.02930189412226367 0.07119027988452402 0.04298129359607025 0.028384918770364854 0.08709738804251001 0.027575202651945612 0.07354924437895646
79 0.08234050519177641 0.05228545655794741 0.08254985025390237 0.012618843602532624 0.08006989340951863 0.00739330165476699 0.036165460554418126 0.01945404123582248 0.06487563347597756 0.04461368770565202 0.08372753351746538 0.03914327133431482 0.05450533978391966 0.04595887840910345 0.06279661970996454 0.030704852990148777 0.037286441732232 0.047108435467485735 0.07017671724461218 0.04622523616843885
80 0.07348385082551222 0.011717212289951269 0.08058868717512255 0.009483266269172008 0.023487326888793625 0.02409436782716235 0.06963376668843942 0.06257262122911948 0.04818392192803611 0.0878155116612615 0.05605131128868787 0.005370232423513788 0.07450616998197848 0.07583883169763712 0.014376772731684263 0.058619169853818806 0.08484856596094258 0.0523758069701755 0.02386606723387299 0.06308653907511781
81 0.07823745412702772 0.07981675075994346 0.004980514317845075 0.08689323845552088 0.01101022013663732 0.07191081310884864 0.0451358839366423 0.085478307835286 0.05234995370187254 0.02051264691130673 0.013146292758757139 0.01156953644499096 0.06275513335697426 0.030865283075324067 0.04057763217620434 0.0681130386898971 0.031739800249598694 0.08441102709378555 0.036440269110012954 0.08405620375352438
82 0.039811414331814114 0.1077680475294532 0.007315197180739259 0.09650138656759792 0.09914611110228824 0.017841796119704028 0.06325294668801484 0.02778627189297062 0.0901034300232028 0.06931853947956858 0.050874104467849623 0.010632563931202484 0.020001565564184434 0.021783587163071567 0.0743168345502446 0.05080511050451026 0.005079010919822102 0.051273686030050225 0.06193873720771307 0.03444965874599809
83 0.06845967000115467 0.016372567343394675 0.09350771081918999 0.05063939472303931 0.0971463342225815 0.003699297300935288 0.004891364312092646 0.0713747334899489 0.09576821731290455 0.046366519153643496 0.07615539677455933 0.08587799989461375 0.008072156305155422 0.06112881283838498 0.0960257997957249 0.004380716407579831 0.05962021186751649 0.03449362990534951 0.016541150512747328 0.009478317019483628
84 0.08853860912041206 0.10276840718035675 0.09532139680185071 0.0318374168835666 0.016161534705646585 0.0736978691325072 0.0010207977313687745 0.005411750519046301 0.03776217453225788 0.07856329600044884 0.10085392235976509 0.034273259790571844 0.01639525998548534 0.019965633907433448 0.03313507044883642 0.06313586366203365 0.05887195971136381 0.04958213747240486 0.017470775628532945 0.07523286442611095
85 0.007594589171071226 0.07326867224062553 0.08175994174806413 0.06843808029586729 0.08293474089717472 0.06559642946529207 0.037850593422302535 0.05656888534368752 0.06526819951113616 0.0028101860867624623 0.028053642334417254 0.0414590948344913 0.023105922701274068 0.025375766944654526 0.07769674160210736 0.04315074537173034 0.012122932422843317 0.06952216208697645 0.057724724555275816 0.07969794896424577
86 0.05603294172356696 0.05958455223197819 0.06866578161257171 0.025077766555602315 0.07161251277464017 0.017302586205287306 0.05402640778219806 0.014318982771277494 0.042672470137164964 0.08277211439432886 0.047314688401435656 0.08442155388553164 0.06372918753849585 0.08831837898932142 0.06575517656601607 0.014198293150221671 0.008593480228900954 0.08190842600825547 0.0111292360509835 0.042565462992221643
87 0.0546796216658078 0.06906286483472666 0.02389448696432531 0.06472483356333628 0.07355297180286999 0.06105417169589333 0.015481207786240049 0.03903553562435469 0.06932985671303826 0.07448966001741822 0.07000971370647568 0.0543921426408328 0.022100215218739904 0.002070242773341733 0.03401390180702151 0.022852041706537762 0.0667574955425137 0.0725602032652372 0.06667242610955205 0.04326640656173683
88 0.08168857714814412 0.0754273799755976 0.10054685631127533 0.04239430347092206 0.04416599930704139 0.04877683584379618 0.06488315228182576 0.022397630075731645 0.05238059503928217 0.09537842835706993 0.08012728052513664 0.0027969103998935012 0.08802747402681868 0.008256441674427129 0.03348276159780161 0.015350249632154185 0.04065027256308135 0.05175502910917663 0.02918070797349171 0.022333114687332567
89 0.08419567492803122 0.03591365122134378 0.034786771284651886 0.024876584270541218 0.0028876601885110017 0.03905530163375913 0.06174933438017224 0.06252741459428239 0.06266029946606243 0.06354983983193907 0.06339941433397439 0.012342246282765685 0.054996096145818 0.03837316431827679 0.07704533148670299 0.08781008846081896 0.07642874075672827 0.001596818982778848 0.06544466868748235 0.05036089874535949
90 0.013841157399350414 0.06407708910428392 0.10933529650064976 0.11226842940866322 0.016522087909650315 0.016695931319414267 0.04073245979318991 0.005238460943357016 0.09475176022706966 0.05463518776276798 0.0019178306770247172 0.05156501792415492 0.07496812815721542 0.04320676865987167 0.11370249028280328 0.062153688219946525 0.0025391881751426703 0.09701438430707474 0.010192064849812117 0.0146425783785574
91 0.07926395531686863 0.016706634326296523 0.06451230789293037 0.06069297386922938 0.06358811603770874 0.0900553031825289 0.0783587333826825 0.05573168488530131 0.07117798470843152 0.04533246682369341 0.08086300783740191 0.005991644352437674 0.0820028164694366 0.023114942940812882 0.013976715482033235 0.03960511127905442 0.0316232531597449 0.049608492559546295 0.021978572114551904 0.02581528337930889
92 0.0012111541174596068 0.027454309352378272 0.11659532603365239 0.06729310770900873 0.034721946165838714 0.12318688946136633 0.0036253305743863995 0.04336413873791685 0.04905248166776912 0.010833405595325345 0.05522084315337886 0.07175504657832088 0.11894955732922471 0.07363378423993681 0.009536062884133884 0.0634525553185395 0.043395687129557596 0.03214061881570183 0.03766754649498502 0.01691020864111919
93 0.002448370734224326 0.020089141361984347 0.06813216473848971 0.015533977001219605 0.024343675337676802 0.09627696644931522 0.0374834363700166 0.07846778967468956 0.08583604222377447 0.026909149881183807 0.08474612878344075 0.08018618494409825 0.022060967250460552 0.08746861485865873 0.1003626397449209 0.035346098355969045 0.07892677860738748 0.0011049856840125588 0.0009648091529763946 0.05331207884550094
94 0.04423849961088836 0.05690841023106668 0.08641557308869065 0.011975125630794113 0.0899410322721537 0.02862772924813387 0.05997941804705729 0.07687626765660242 0.07595666433605243 0.06797561646066297 0.09007752168311375 0.02405716061300927 0.006322948530876368 0.03631507693922188 0.030178446473821893 0.05161743915104471 0.025668757137540223 0.016374334858388594 0.01467469800266896 0.10581928002821168
95 0.05222458806807775 0.024314662107283308 0.07634724717989756 0.08457408442268848 0.04560998429753511 0.029544985473326145 0.07779563322084417 0.06958986879854304 0.06033641625461589 0.05129742951387419 0.026311347703364133 0.01511527823329906 0.011031743867629788 0.0769312785784053 0.01096773364173508 0.04536916676819021 0.0487186954155591 0.09060714048443076 0.016938674588472393 0.08637404138222851
96 0.0070238787898152435 0.05261612790824083 0.05481688334376909 0.10045916662469873 0.015228657607930025 0.025803796393604344 0.03312045445674145 0.06945947710482533 0.042418542135539354 0.0367122020663275 0.0772239291073692 0.09185260627383234 0.0722422555024847 0.03647438574371238 0.07189435478648355 0.03175798136058604 0.05557726320626454 0.07313995201301697 0.04221394114264247 0.009964144432116047
