0 0.09922034206680817 0.02858756605378524 0.005895708878540534 0.09160875385096669 0.03669382491085012 0.027508653710415117 0.00573758655949457 0.09296842546275913 0.023515590253010546 0.07947434944718212 0.03841464943955219 0.0009355238423801829 0.0511147714512551 0.006916637266850512 0.0903922379904581 0.027478566552266086 0.05121954473167051 0.08124350506388739 0.05912343013420149 0.10195033233366631
1 0.06025310030491757 0.08589305019843022 0.028650730685354637 0.016025974015573277 0.06522632807203654 0.07818934631116625 0.09978318251983945 0.041663866092493916 0.02082865455696523 0.07201729722470823 0.026607423743703482 0.04268605157493552 0.008213889954533869 0.10013143235679156 0.08906360406474229 0.019402310868132815 0.0971380118581842 0.008584562321011333 0.0008639571435864348 0.03877722613289322
2 0.0637940787651847 0.04521550919845605 0.08416309525120215 0.05281439480969809 0.08531602970506735 0.08819450430726763 0.002689899738537892 0.05661547618769133 0.0444270992059492 0.06915283705826167 0.0034007889129074403 0.016619899418015754 0.08158506409962347 0.062262830565476025 0.051310367131327396 0.058358968387057855 0.05824461978452976 0.0007026079896428924 0.03009443642533358 0.0450374930587697
3 0.06444398530652572 0.07524874926616881 0.01915600966355229 0.08414754771088429 0.06902731860496587 0.07739780692286054 0.08021545222985758 0.04728800980906001 0.043771531303806774 0.015968732922973034 0.060178730660429024 0.08709489551450712 0.006184560534727295 0.009888608349699443 0.0018375545498713532 0.02754634684778344 0.013178628151735256 0.053380158120106325 0.0776211252476756 0.08642424828281024
4 0.004833331009700369 0.04732180902312554 0.008694551459352511 0.0017932435527433827 0.08924406949383633 0.054039189435755475 0.06625709001570054 0.02177467990597434 0.12182688265658258 0.031990339911348704 0.04745363062552887 0.01861935845898765 0.0850189793525625 0.07319762362453355 0.037213436660231754 0.10773645103414739 0.03509395769113932 0.07313357499124336 0.04840067652103271 0.026357124576473222
5 0.06429094386638838 0.012057962417346088 0.07545626689473373 0.09270578008582653 0.03523750173563577 0.054933115489332225 0.04324156890601907 0.082422766731314 0.0861078381451217 0.04601247081133476 0.01559039080413164 0.03329656041027459 0.07954242879827608 0.10234632166655093 0.024793319533769467 0.06099707469211251 0.014559544376406604 0.039387454218648164 0.03629534609606595 0.000725344320711805
6 0.08485222666955371 0.09014404658426313 0.10457438840262602 0.0736812973356898 0.10896554291582392 0.015824568590875547 0.04640586504446788 0.007935469413978907 0.07049300777346733 0.03989675351478698 0.01300475288850992 0.06994925595975927 0.00476994881250611 0.005670162554897837 0.06946286531610806 0.012105834159813852 0.048386013135804415 0.06218289601028114 0.017973274410820115 0.05372183050596619
7 0.031808485859036374 0.025971104068333653 0.08317052003952348 0.06611810458973179 0.06815874083623541 0.030841914635932062 0.07544421525309361 0.07296581184261754 0.06967003873921379 0.04896438674952541 0.048532057622050456 0.0014890271069027052 0.02840444161482212 0.024582254790301367 0.07730619101056933 0.024097532617701742 0.06014096413895149 0.0702858588615438 0.08091394001101396 0.011134409612899852
8 0.009195234931962318 0.07892457126059486 0.028791061099675705 0.09238756409568077 0.021777858741547734 0.0696186723712699 0.07460419898241524 0.09424470512607945 0.03013827833270036 0.004302743025304142 0.0911397023465085 0.02170483665362601 0.049116732741113084 0.08155911946406431 0.02193300777579838 0.0879558501308902 0.03888348478595923 0.020948961216578747 0.07009086186624922 0.012682555051981863
9 0.07709796429141852 0.0317663703941045 0.002611714296448612 0.07774111254823647 0.016294155582847088 0.03041170518565558 0.05061353514274566 0.06495811444983371 0.020419396196951916 0.034984465550409335 0.07924396998409554 0.06750770994155525 0.07221136331731405 0.05766267931560423 0.03441647996282464 0.05375358671082813 0.0822279469380598 0.057585113630871945 0.04688313785950305 0.04160947870069221
10 0.07679528731577127 0.060334934397395026 0.05643809520112274 0.052662185169029575 0.04516505229867491 0.0006713542614022997 0.08534595434117216 0.06340711155358153 0.039068204887188485 0.025087001968694414 0.04820119941005128 0.08553785284002893 0.07800938643709408 0.009181437544288459 0.053997894233302327 0.00812709523444113 0.01428128135829832 0.08357744932863234 0.04735202224227471 0.06675919997755583
11 0.0826714083357983 0.051259979668045394 0.07469562955172027 0.01786944630567713 0.002679691869407297 0.08834524630378694 0.06045285452864758 0.03444173992857779 0.01969962720360739 0.047491195709579825 0.058455167900555965 0.032591931983306094 0.06927194759406932 0.03780233675659699 0.05888332458158138 0.09106835144873567 0.012385747628362875 0.05934261849586563 0.07505957405729133 0.02553218014878688
12 0.0012617405894877474 0.027188993431105167 0.06281578383849819 0.06494219791990916 0.08044985715810413 0.041870905078184445 0.07755845826606157 0.08578056571980347 0.03519132069760282 0.03226409255218301 0.004500987126484109 0.008963900828159066 0.0820616700954373 0.013763047649661176 0.04184165269442581 0.07955168004226618 0.053604208830844595 0.06663124824571603 0.08392681751306301 0.05583087172300302
13 0.05557725454103262 0.01586596650126362 0.035979394658416326 0.010510035987829814 0.06510611143382601 0.03352411782707364 0.08312696093146064 0.09347950843496639 0.0006891819689914056 0.08138793872440571 0.01684306996226338 0.08875530720899587 0.06892415361432354 0.09316800612720134 0.09280152265363575 0.002958875146490074 0.059158422414579935 0.06937558875643465 0.016154196599415936 0.016614386507393216
14 0.07006917631849298 0.061450736170229156 0.08094636728744081 0.04558262590241631 0.014612939015476516 0.08227738127373234 0.04889505752541746 0.08526053394081523 0.05087945022202401 0.038856545981789385 0.01788422080371606 0.02830866515666089 0.025180521831651252 0.012223428845010023 0.02488049077244975 0.08274757735574971 0.07902848280972484 0.08471089345674689 0.03310205183417464 0.033102853496281545
15 0.04232638987205144 0.027226979088306354 0.020744442670234037 0.09068124172035658 0.05329772285890014 0.08438090469237093 0.08931282991412874 0.039110809340750785 0.035728094232400434 0.05944428303697694 0.006184075470374013 0.09109155922641525 0.009933300060613479 0.06254245526864281 0.08355138616626659 0.01597975316580733 0.07040354160617829 0.03354189340473736 0.06524581844290823 0.019272519761580214
16 0.02680476299945376 0.05927214972817341 0.054729888998408284 0.06370326438430196 0.06194712309650516 0.07232180547243576 0.044972570285855905 0.06867073426385067 0.04473682759551697 0.00636897079073488 0.05997036432867135 0.040656482432840424 0.01900288009292298 0.04804508672803628 0.05518421450055812 0.06346942320993097 0.046316100533773406 0.060384150821064755 0.08022110532059758 0.023222094416367293
17 0.12774713891241948 0.017452218470912516 0.00644878916155926 0.05231855694395236 0.05860450086320493 0.042235103396424105 0.018416416647356965 0.008056173529108762 0.01680440619320063 0.05243011768553841 0.12476614190628962 0.026438558296281098 0.027316061423491814 0.10696703141136703 0.0503150955130368 0.06966714601112914 0.06371771422745184 0.015472380177297497 0.08797782465629905 0.02684862457367872
18 0.028012644491720168 0.07428887958405418 0.08413675178603187 0.0034693354544037525 0.0895475228093424 0.008271366985945567 0.08779809694814536 0.07532909817569973 0.008767001879349838 0.007424086260041974 0.1028172450177526 0.027966620388729872 0.012884269157498459 0.048608775336589125 0.07598538462867488 0.10927249126604487 0.041719637112417746 0.04437506958861011 0.022250715943037205 0.04707500718591036
19 0.04589410224150885 0.00599657176392226 0.07812678614435917 0.07863134437765164 0.01795261121452047 0.056668482104005546 0.02657563123424998 0.07910168720681095 0.03317872376273188 0.051581299844392164 0.027313556476580295 0.057299930177585556 0.06239262776465244 0.008154266672920267 0.08056577142335947 0.042997988059400444 0.052322627376796424 0.08399789884099829 0.03677459992489825 0.07447349338865585
20 0.0738936147468361 0.0830612885392629 0.1044488154879531 0.003442170436356826 0.0172059411999504 0.09535488760438204 0.04535901404803199 0.03230100707504449 0.07304820660747588 0.0645645309163562 0.006528243076395398 0.052479553808788645 0.08848924573526601 0.037815809250643005 0.02396541549562853 0.025339062893587044 0.040363602149885124 0.026091672789594168 0.096386264745101 0.009861653393461097
21 0.017038272696967564 0.07011398373636193 0.05662949159568683 0.054590314568871964 0.07982965949052725 0.08149451274210866 0.041609260964148784 0.043917697739729235 0.030657365990296774 0.00342097350321063 0.05954446143109141 0.06788759668013704 0.04621274774321142 0.032118529065518674 0.032764373904788896 0.061389585022310095 0.06317864109544899 0.05510840385952165 0.06602053201657308 0.036473596153489204
22 0.04807924600648022 0.05826242819181788 0.07701526472199459 0.012581500896401187 0.057509357330798844 0.04033048138019951 0.0728223161537643 0.07218497972339824 0.05562546302780446 0.013602181959996884 0.056111239093484616 0.00033557292655242215 0.042928589451893304 0.0041299465585147585 0.036965474654282404 0.08303126115238942 0.05328797529841134 0.05223960682135442 0.07479025769962504 0.08816685695083605
23 0.062136841019946036 0.0704898939577135 0.05521612315571416 0.04767188609911873 0.039922818198464445 0.07774216135749865 0.010130420944473143 0.015364614630455561 0.07398910115553296 0.03455689043963114 0.028424365158837766 0.07138137309213237 0.05404073083300682 0.05724848780272118 0.07522349936154604 0.08188584953084946 0.05720367178947882 0.028359742099232168 0.01788276821427487 0.04112876115937211
24 0.0622366649676331 0.026666213320241525 0.02972091685885909 0.011332368465219539 0.026614073409173513 0.04757799707395398 0.057539408739654 0.07088116313198409 0.032461537298203474 0.07675764023385599 0.06159704532287101 0.057321532804682176 0.00957168846507049 0.07991720511293819 0.05388087630356506 0.04169717069882849 0.07323035676288403 0.06627113301258494 0.04321567681446246 0.07150933120333482
25 0.014362605248044965 0.08365011445528037 0.05604275612311551 0.010871141259233006 0.05759870468993959 0.06538862288495523 0.004628425235515091 0.08599780196361162 0.007010508932447885 0.020817917473693638 0.042497853255879424 0.07128079898955744 0.056455309206738115 0.1359221176946338 0.0036663776043238173 0.01251699991104455 0.018639845619544588 0.004572616100345236 0.1191736370903099 0.12890584626178608
26 0.01631275531881348 0.025982151456417548 0.050544153203199 0.039677422812455475 0.07077676629095571 0.04925446916554279 0.03212250348453035 0.06777510871519704 0.028921628535082854 0.05734094809215554 0.05198817916775943 0.020448562590721055 0.0455954350124271 0.053683680951413466 0.052274271837238075 0.06452427116481381 0.06690452640786677 0.06756634953655921 0.066822529165147 0.07148428709170435
27 0.016549833922957707 0.08332857402741034 0.08042386802165943 0.06979679223153855 0.05675937837286758 0.074914543091913 0.012706571271744623 0.04344295949756095 0.09071392799468338 0.0562070899343022 0.023067412320843094 0.030663398443449053 0.03554503118319094 0.07266289025290755 0.02454196698796191 0.05624862919704401 0.007960275349429037 0.03601670539337685 0.06840742560571499 0.06004272689944487
28 0.009035063269002117 0.08409934387103053 0.024788045198645338 0.04047810043279326 0.07715863989690201 0.011033224088575095 0.0992037940136837 0.018653333583636453 0.06936395990055731 0.10811266611496546 0.02979664702150596 0.0024879009024204577 0.10281664521119924 0.05043602086488696 0.055861615122123065 0.026644144800349347 0.09595352036487353 0.00037317498179397976 0.02742671320869931 0.06627744715235698
29 0.06774891763834014 0.08581819490613206 0.032252746553047856 0.0696651853172846 0.018410940216415768 0.09747485180939232 0.062218401514938265 0.07739988745214296 0.03259419509474291 0.061668536962105974 0.06450290268244153 0.02056560625112556 0.005789927652847421 0.017543284765422655 0.02166955347554201 0.04984713616092569 0.038620654541681024 0.04834537435257347 0.04200689276942824 0.08585680988346941
30 0.011630056677908783 0.08509484549640992 0.07239390929020982 0.0025030662996162498 0.029862699497566415 0.06349500029409713 0.08604907571297744 0.07350008092384502 0.0008944061429135505 0.09012817473143168 0.08909761957488233 0.09205867748730022 0.06216431926346451 0.03221540684420519 0.013082955517141198 0.062182886062314216 0.021768509000085565 0.07423601212027067 0.02818569691186234 0.009456602151497873
31 0.05945008484299838 0.01083479817483007 0.032019133130190516 0.06243564000154818 0.06997299000590873 0.03582812009836547 0.05924384925620024 0.07800611470104718 0.07158162529702874 0.0190894028571875 0.012400551695800363 0.06158641995004127 0.06714062595671906 0.06827832685253857 0.07090308949418692 0.07582450174232794 0.014107909577917873 0.07484371692577374 0.04460070226723855 0.011852397172150564
32 0.018057765950205276 0.04184683348020383 0.06285555232289256 0.01854578994099014 0.10316870788812772 0.0683176967047874 0.1088289673074317 0.0899037715610536 0.0829792342388948 0.0859349629975136 0.009675090160371125 0.04783953246695524 0.00987885673926164 0.07539460786675452 0.008942189258485094 0.03820567587386891 0.027493638541559597 0.0093967703456477 0.08677546489359131 0.005958891461404353
33 0.055928357900629076 0.08513502776803225 0.0021010930368700843 0.07916435846679909 0.07151975716502941 0.020926850494359096 0.0694123552381726 0.08491618741845416 0.0280602615159265 0.005765803794785718 0.04050880905048056 0.03751128787404669 0.08901550072001185 0.04814339112028278 0.08650148733854567 0.07966200152805765 0.04127430623486243 0.02758543936465705 0.003914971605564325 0.04295275236443296
34 0.043521051428331785 0.08445722694302125 0.02782012972329012 0.08286506636437113 0.10232298740371024 0.014999277913714948 0.04968654416276078 0.05519910725806531 0.09008889034023873 0.07238321802965408 0.002889472604616947 0.03482749093593919 0.05531782936013736 0.06238898460654102 0.00980674091898103 0.014345683422535954 0.033964740705940084 0.08145025082111951 0.031086061785819397 0.05057924527121081
35 0.0658930635727604 0.11319515192981781 0.013103540972312673 0.09902304817786503 0.07771395263197974 0.006173253647938092 0.015291859397467104 0.08785038280395964 0.009207295287850453 0.006898265680818549 0.09010900926013876 0.010646746298547496 0.013727736675087173 0.07640561776184711 0.07752392027016197 0.10970390208468443 0.01971895629587301 0.0016400051659857247 0.036555718475750086 0.06961857360915479
36 0.04132155072089933 0.08536196871550725 0.09203720189495378 0.028577669828147814 0.07223212875520725 0.08235985806176482 0.03825481899422968 0.025716478510373335 0.052909091187350404 0.00012683054819722918 0.03332227174029652 0.059177125176869676 0.10211761445636848 0.048288197759633326 0.03248559612948603 0.09828156092463575 0.00576868689899183 0.06244625791426218 0.003263343874144343 0.03595174790868091
37 0.030048191990483714 0.059347800045143534 0.09887899163531404 0.029262431842407875 0.0527878479672584 0.08310920466842957 0.048680136631461056 0.0857113669798547 0.06438401415118317 0.005132435662546138 0.012445567956528673 0.01042193317247307 0.04772589090383219 0.05121803973491181 0.04118613205584576 0.070433446032145 0.030282775691173484 0.08944184371877627 0.005674695456340742 0.08382725370389078
38 0.0833597401779337 0.009802517425418386 0.0899386531634108 0.08299321543157834 0.05886592940212401 0.06752891211188541 0.06090651845331879 0.01973814093975831 0.04352447477113406 0.0376278635769369 0.07675209866473906 0.07529940549304485 0.018259914905335017 0.04768090502720124 0.03420077779667255 0.003935292204916947 0.017443855936152157 0.055214810934381735 0.09307241410587708 0.023854559478180916
39 0.057528828015290974 0.06490619715706514 0.024302650534960037 0.01389468317601383 0.08849141166160059 0.08190049671358171 0.05873630953150184 0.09251494284591617 0.08279979655388232 0.06973237353768445 0.004513369648373683 0.09633836316739573 0.038460281404438905 0.034153594274152065 0.03387361218192886 0.0077719475566510685 0.09861400056229594 0.0022928848771901354 0.014245438299147048 0.03492881830092945
40 0.02600408335426068 0.022697355286519377 0.08498474363497215 0.04946426687973253 0.07555139435591157 0.06759479653367369 0.027555933113953723 0.05914566348413605 0.030698770555436596 0.05163109975343641 0.03162113922843572 0.059183230994904676 0.014074864701107921 0.059280308985129766 0.06579522058063143 0.09734424674107371 0.028926873290124444 0.010638781162210545 0.05338569599309991 0.08442153137124898
41 0.049471713135190505 0.033339085412530604 0.009692193736001734 0.046510497975084594 0.02560810803051205 0.04710270373695983 0.04660519115453267 0.053736720930992375 0.047643766780475806 0.0467342052990841 0.05453789212062868 0.07927109203057238 0.00463726579387875 0.08533690008704078 0.060081085160751196 0.07933979129517825 0.08369343362613929 0.061349831157473125 0.0033455397201589574 0.08196298281681443
42 0.09852850610936273 0.00606592793379897 0.03799294557099294 0.0837398728154864 0.026534097741967137 0.059124544860205144 0.009150491198236601 0.09923594253195414 0.004521288068180669 0.011436211935410872 0.09628310499778207 0.09463418096341693 0.06384019847184065 0.06067744204371693 0.009626434855506953 0.05411922724628913 0.07705911735477723 0.07815767511155533 0.02089783824958682 0.008374951939932521
43 0.0668397437484794 0.09660129391585237 0.07219582533596398 0.06938142577388784 0.06101356964210799 0.06440330454647623 0.06083026115553786 0.019527995389637596 0.02590694102215171 0.049975698164994815 0.052410621863589066 0.056592490015939544 0.06897321446398465 0.018216141314955317 0.04270761291869646 0.03100576950490052 0.005408561613419984 0.07187969579040135 0.019186281330958958 0.04694355248806459
44 0.06414339800180395 0.0995011687046266 0.08868078862467034 0.060571791547633105 0.06896256260496492 0.007657874996214936 0.04587787139871407 0.04526028340610001 0.07835775157768307 0.09510235988928913 0.01619667560426958 0.04877237034100452 0.014754457753833862 0.027975762918917818 0.023779143773467758 0.001390011384249634 0.0624693482808422 0.04882115334262088 0.056852060578523614 0.04487316527057024
45 0.0577196387158028 0.02545666278536532 0.07366707445135183 0.05997302992148023 0.08759379871756903 0.046593591179254566 0.06887019661596101 0.006742844675420584 0.014910397382089987 0.032154129866071114 0.053920458404724265 0.08802485238379675 0.038359288303781054 0.0018071992317716433 0.06949856090146816 0.03137922898571116 0.09141391065007795 0.08928399921800682 0.037153945804164513 0.025477191806131196
46 0.031185220758440324 0.07165733689058068 0.012551141692103892 0.08234848783417627 0.05591562823454355 0.06699408817469972 0.028921739906374852 0.07336256356251959 0.024499361338994382 0.0453990810930841 0.09249655889675931 0.02453479602498808 0.06732280896726928 0.014366244935033709 0.08613303401951528 0.01442622112426674 0.07689830613999407 0.03092519909801966 0.08722961487445087 0.012832566434185531
47 0.009290814546260386 0.1098038722756324 0.007211497980439563 0.035828837880055864 0.072510424183956 0.07438997972729629 0.04080185010253537 0.05053819785099056 0.013870165801060296 0.0004123779793017997 0.019382715646108738 0.09770113413415701 0.08186089786716667 0.06868771811470108 0.052825676119782526 0.03497128797036795 0.033392411650771614 0.011686295896027961 0.0933536143208956 0.09148022995249241
48 0.036228245712307094 0.012822128944701921 0.04576624439137659 0.0966653344017051 2.479334536188128e-05 0.09369279993507645 0.008495320471269432 0.0591210944247084 0.05722909167360418 0.04339035792355109 0.0076591184336056006 0.05948548285899197 0.03536641617212722 0.0830087161456308 0.019807524792425927 0.06689663960451135 0.08571983719605256 0.07463981407765537 0.10082954183480758 0.013151497660529426
49 0.03339935249791047 0.09631969326873342 0.033517215464675426 0.04216570503583415 0.08896210614924682 0.10225327394327594 0.09496405142733284 0.01977954055261433 0.017674127270563476 0.10271241136908994 0.01223131646607222 0.0012714344568365622 0.011800716656974037 0.032251853528503585 0.08968160674171341 0.056851948025926816 0.051325208595784474 0.02773912590113559 0.021032995635950725 0.06406631701182544
50 0.06088327289355066 0.05423277367831987 0.010463434520064716 0.02632821875050754 0.049838995840908173 0.02751294055600035 0.09433254043255869 0.0875563377839627 0.004894656791424684 0.0140041031623992 0.06590102157099231 0.0885401791636513 0.09520934843358624 0.017716732894500466 0.008339927785313183 0.031357227947794386 0.006869412258987629 0.09581652781716404 0.0758240058027204 0.08437834191559332
51 0.05397840445599012 0.002891157503200364 0.019820770527450515 0.019017875279759358 0.029312580022909426 0.0461718646025198 0.125978770230119 0.028431478393114166 0.12281125737603918 0.017746505727462433 0.031199932456218327 0.041454439362961636 0.07922111491730467 0.0568953890678862 0.09972836554389297 0.005762588036440089 0.051535720665207396 0.038287257619067046 0.09887162193261277 0.030882906279844382
52 0.08634110661864029 0.063247577867491 0.038259619963384596 0.026875783988191335 0.05637952263548854 0.0346100911494298 0.08543732352033778 0.08830506277496145 0.0896541250874532 0.05757298534571998 0.03469816534967472 0.0010420976722367713 0.012749160965927025 0.012972665051381721 0.11010674775847373 0.019740835554194563 0.06672619299010138 0.023738170840860915 0.041644520271283944 0.04989824459476737
53 0.001658694294040221 0.0017902532775636005 0.0991846789708641 0.02980139301826525 0.08584852567547167 0.0566573117775628 0.08638567228465739 0.0519445626192218 0.06852459582658026 0.0820374704850902 0.06221053421764119 0.044131099964036295 0.046596997526968116 0.0007695702700956013 0.009186142416708808 0.00881727227430365 0.08523514942948486 0.09016903595685484 0.06739013250562248 0.021660907208966965
54 0.07251705545128 0.06766503549827409 0.08006202893456738 0.03931257969540397 0.013639809193919841 0.04118365278766273 0.06346063059828372 0.005127293596014346 0.05814903761268703 0.06802796144752504 0.07705694022987467 0.0550789394713004 0.08331842101138082 0.01729336330571135 0.06593396936549588 0.04264887469472661 0.00611849835565803 0.056623497305077986 0.08677095606511409 1.145538004194966e-05
55 0.10086954715827233 0.02680030681836734 0.0986134184529896 0.034875093486128515 0.07962904547028908 0.06121837515089724 0.11015596363487748 0.03662382007460573 0.014137444658605083 0.061878035714125285 0.02597549095301145 0.04328296425577039 0.010252328640954406 0.023508664726518327 0.08392818523537841 0.0026604304078539057 0.005945750045063229 0.022360525780040667 0.05369126600250487 0.10359334333374662
56 0.002260306691004918 0.10426759749971082 0.009225421006499042 0.008037343394760655 0.08165368343096482 0.06103167736325489 0.012545670273148067 0.030536246740247675 0.06209082973847711 0.07996875570244545 0.03621901035627334 0.02080665829978442 0.030106257234118357 0.02200154784375134 0.06461905390302308 0.1426556979550546 0.07895248936777494 0.04187527826352575 0.06369888942153877 0.0474475855146417
57 0.06731843590155943 0.07121163699547413 0.05618350287159849 0.027412112604697485 0.06452437159564033 0.06806678739052588 0.05447349234983058 0.05716999867121274 0.013336539168846081 0.06989911083082369 0.0707133240517625 0.06992237818201093 0.028018634340844017 0.022641235783823096 0.07542057571265022 0.0008212831871912895 0.06847432204604675 0.02932586819737584 0.021034079726865038 0.06403231039122159
58 0.04691437718323753 0.09802320411112646 0.09285825200073049 0.02076506359620407 0.010841995211234478 0.08622529211442119 0.09383538057829724 0.031055953654069872 0.04835472876091962 0.05705312236696798 0.014274017107091154 0.08543176851833521 0.0225871376366896 0.008117700271768091 0.018246994398035694 0.06149783305422318 0.05037126564803143 0.05364960908180627 0.06801810430743695 0.03187820039937338
59 0.07174520209912132 0.03486677472950693 0.0002453217717190846 0.024437712002334383 0.050028024646517746 0.04888817742915441 0.011751234466782081 0.03896301894170561 0.014931434471092096 0.078376997265789 0.09828614397558111 0.03513982020317535 0.0400985746623363 0.0643299003893021 0.058773012824315025 0.06454707483863108 0.07363216274951738 0.06923193952174547 0.03932800005959578 0.08239947295207761
60 0.07725106018875677 0.018916904325806075 0.023060431237938567 0.0234091915629826 0.07315263554004328 0.027387376943992573 0.06684864442045027 0.03509870798248984 0.08167574802022645 0.07204295819333677 0.0615459560136068 0.07085661095391255 0.038998185890201396 0.0807307660528624 0.016653068352082717 0.01471792283793904 0.07551111022171504 0.05074149231016711 0.06755525973165245 0.023845969219837067
61 0.06114055274115885 0.06618228892616729 0.07657474268178159 0.07137088659105635 0.06779806286872886 0.0037053688177900584 0.03588067847178027 0.04547518192835997 0.07561347569977195 0.010160785904534576 0.05564213015257304 0.07319436408909506 0.004656797641504157 0.09029154660208438 0.09027227788944098 0.03572214616989564 0.01348420600692863 0.046378980474336196 0.045560716706050955 0.03089480963696121
62 0.09466377046347678 0.06900884084514405 0.04273001510343741 0.013098549287226603 0.09441139756595888 0.0750674747468971 0.06788905963319466 0.07686471841377632 0.07098477631287833 0.08079592748743113 0.06822646174810543 0.003302070346301149 0.08470619544452453 0.00746923265832495 0.0018942071348037087 0.012304350898829936 0.017365763209965024 0.0642382754126168 0.000957121890959308 0.05402179139614781
63 0.05448614674637434 0.10395995526550796 0.030212248512619184 0.07304447676199521 0.004767381134001501 0.09457108836690344 0.002706241978733825 0.01573216841580874 0.06019627189981941 0.07885702586791098 0.08037477988324819 0.07018930096329301 0.02802713534451338 0.0739192427974957 0.055870728550704914 0.005438435186727819 0.012383491441143346 0.039225763232512825 0.03355301195053982 0.08248510570014679
64 0.004233127652450858 0.058460866119311866 0.04107403751573916 0.0715881101919751 0.04015910065056092 0.006825584523741928 0.06640642534460776 0.08269883545725998 0.06964817122659299 0.017613985635212222 0.019076805243441547 0.07395840466699669 0.06978175162668157 0.04850332679204863 0.002822570208513649 0.07556894187376233 0.05434532275792698 0.07111297312993611 0.07857151990324514 0.04755013947999463
65 0.015098898901108758 0.03508677807661599 0.08921886484169418 0.07765077582767488 0.06212546312795908 0.010924855156829878 2.8139683445071173e-05 0.06855659186943362 0.04314790518697756 0.09920782005153254 0.07256418488906957 0.04724378522908521 0.04627635492847846 0.04603413781733911 0.030316464894894934 0.09547087858044695 0.0022418398090285232 0.06549643506717011 0.07588744218876754 0.017422383872447843
66 0.05525324379980635 0.07348162522479239 0.0004677032385336873 0.05786458095558839 0.06779701699780927 0.07304992711193815 0.02022826005929731 0.00996529656280289 0.06726124459025386 0.025609676445841466 0.04465687817779103 0.0844171814636617 0.0732921375081199 0.061317138744987267 0.064093400491386 0.03590974934870661 0.027154362902157406 0.00692513590283357 0.0859969486943459 0.06525849177934687
67 0.08838006470115248 0.04928155467232445 0.07149849386010675 0.1051204770305785 0.01519079529569025 0.03650229450534588 0.060556359931139996 0.018367176064685065 0.004670850125295734 0.008952954626283446 0.09651041888970414 0.015899776507929238 0.008240718709262903 0.03139423879303865 0.09194717364392087 0.028888512396817556 0.0654845343344568 0.06845611929151489 0.07277535759802878 0.06188212902272373
68 0.0325214529460486 0.00012253724992593033 0.024809383859497693 0.024004114326142655 0.0838804026400505 0.06655733781525806 0.049378027280956895 0.08460364505808989 0.07557766772202844 0.004436169660489994 0.04812223043679018 0.07237043979219138 0.07075511831736159 0.05763997019363102 0.04785814455243935 0.010570097621268404 0.0432757357860379 0.06439048322530708 0.0686701447616162 0.07045689675486826
69 0.010801250291989521 0.0028325514926173 0.029323510191914554 0.04400014784670115 0.05149591010508057 0.06177474182682596 0.018153592063964493 0.06098621928982996 0.06195389990857457 0.08932952866688275 0.09727883880274975 0.09582233090266729 0.09144249942224109 0.053497686318991954 0.020824002485432456 0.09720934632523177 0.010639006178680294 0.06456045874615976 0.014524866534126704 0.02354961259933813
70 0.046366201449708044 0.047457189182128635 0.045483268385005965 0.07354808983466146 0.01512168194081396 0.06480923389549549 0.030260816549829497 0.03529161759111843 0.07039477912550007 0.06537283366993099 0.07614156053491054 0.05352698851904554 0.07309899212985449 0.04743526410851241 0.020153579861476877 0.03198760598413487 0.07588691555964822 0.042114081267002404 0.030386925055639204 0.05516237535558312
71 0.10999876273065115 0.10293245358791335 0.020090467916451835 0.10094392478659202 0.02663049542891995 0.054331029329923244 0.023212687060931294 0.06253958329324702 0.09802486528487422 0.008243518712280313 0.01830441486738914 0.04730310284938321 0.0006517148760877336 0.056418777380150144 0.037732319333427834 0.02901816345318531 0.06663047893722025 0.0013319880002008327 0.07831613151468861 0.05734512065648246
72 0.09322419014430683 0.10438866049141018 0.002132111357473883 0.011062183058412193 0.04282882050441243 0.08711797911924117 0.01663111794443681 0.04530440042332351 0.0019072432425388719 0.10070885579774137 0.056803651068569924 0.08801978782119893 0.06281575389801244 0.08975621986165333 0.024820739457987222 0.008412409954143406 0.0002591984350906637 0.018579997834621973 0.0566279057272115 0.08859877385821353
73 0.02770384967522487 0.06288364553007178 0.029174515816613483 0.008807050810210682 0.04592594781053809 0.008192075539725813 0.056631145007789346 0.024845030960462273 0.0474402486313977 0.08874949426363586 0.06128044195213826 0.06715199907917034 0.03503797194737028 0.09636178047530845 0.0820275945784598 0.07272813513682426 0.013787350432727162 0.05145548303081528 0.027684489506099585 0.09213174981541666
74 0.020097610263914198 0.001215740277578515 0.08136863256984969 0.07037904803726593 0.09489060191802286 0.05755166243317169 0.019139655661170926 0.051984073762390115 0.06052481493467067 0.036123329920612776 0.08359852949199353 0.07001796400167484 0.014605233541912224 0.01762959678310159 0.08077950487742519 0.00453150945637472 0.010320767202693617 0.06890851453395805 0.0914830024844564 0.06485020784776245
75 0.07568233477539933 0.05230131579189808 0.06447374076461716 0.04831473961096588 0.05692520854455498 0.006864350981171397 0.08783684002826316 0.05325763420443686 0.0007964958727796307 0.04587080617057278 0.01272016724380837 0.07405243251687843 0.0879039304828439 0.07359310382850973 0.0695146513390049 0.017316992331811932 0.013601145347280734 0.056991647004375416 0.05619119974772709 0.04579126341310011
76 0.08696005660938885 0.01708255469927818 0.04688889758495159 0.08135009091340469 0.06775499517032776 0.055508186872288756 0.00943799653510237 0.017669752998157588 0.0030962110360793845 0.006643327839306139 0.022723208754209516 0.04906896796862717 0.08898100529557804 0.05511430509460366 0.07780727216507086 0.007871356429352187 0.06014137950188095 0.09339415183400694 0.0631449668481332 0.08936131585025216
77 0.05192527456142007 0.06635701474771917 0.06288186517788398 0.07972682649291832 0.025377273141659832 0.05436959299635917 0.06860533668252777 0.06636110843884138 0.013965907613701874 0.042207300633633364 0.06334840599089012 0.012965847125042566 0.045136195148010434 0.0524218483911132 0.06968179571542353 0.03794146805684599 0.02177288127747065 0.054933563444231094 0.024182348057826507 0.0858381463064809
78 0.021564910368395085 0.02306645030065209 0.06562561119895059 0.06764006377114236 0.06720296333621259 0.06856460906592172 0.09206111385511641 0.019401127891122145 0.04839857873095188 0.09063521055660367 0.04964845194413724 0.028640519924982063 0.02552501895739778 0.08902900495542017 0.0021964358804548436 0.019279655454305353 0.0538642567058769 0.028639694911939267 0.048425457240054 0.09059086495036378
79 0.09587067369800488 0.02107290847952118 0.08067567185561891 0.016310574315100582 0.014174371999421172 0.0729252358816335 0.10610637183686605 0.011279360394394424 0.04861738138402528 0.00553570398571232 0.004285678603170464 0.056257947456365094 0.018817173428177875 0.04026501116721919 0.10071076222161325 0.06273429333027647 0.06763499947628489 0.0884559419759544 0.07759104599707424 0.010678892513565798
80 0.026571108611173153 0.027552042087559153 0.07396289909002039 0.07600234548586206 0.08921332150736286 0.008469994251226335 0.1060016737576481 0.05122065632500386 0.007049538832984126 0.034192085924301716 0.034099887102667634 0.03376975391605595 0.06620087178575824 0.07189957422053302 0.04908440852261317 0.09299571492836747 0.011972991057477433 0.03864843397643848 0.04496505053039768 0.05612764808654901
81 0.038728331882462795 0.054378964977231076 0.044607217018883184 0.0720373076873785 0.007229197145329086 0.07109897539242949 0.07504460099982353 0.0745697271255884 0.04085411864469957 0.06425294023492785 0.0591812775271896 0.041500411282777434 0.06010824229910896 0.012042993868218114 0.0801827664514731 0.051265533479709115 0.020309886721910905 0.06645167812865756 0.06507415433242442 0.0010816747997774584
82 0.04211993598696782 0.024599889422088652 0.0715019595295955 0.015483436443058036 0.0704059935436209 0.0689495935722554 0.04491787305984476 0.06499304754301051 0.03865972216215114 0.009207567005071898 0.07029826034154092 0.06453210145933709 0.07129895104581134 0.027347565920370496 0.033480195393392566 0.07631470045721973 0.06324695577173214 0.03909150196437072 0.07199222469025834 0.03155852468830184
83 0.08495211650812241 0.06208989686177507 0.04012903955373621 0.014724244717991634 0.05129096115804196 0.07412652587747423 0.04701649074094548 0.009595497295788987 0.035351685055454524 0.07190160767350733 0.07693318978721586 0.05133181879496647 0.010419640579331077 0.0439042992895972 0.015998693695642503 0.06196346118698079 0.055551557700459726 0.07693855710967869 0.08334054612436984 0.03244017028891994
84 0.0759357573105166 0.0028360015601784404 0.07567299732551697 0.07634241816411574 0.07866117297257694 0.032190674207552485 0.09634121405068792 0.035056904894682404 0.05930928638986111 0.050423873042004096 0.08349783579285663 0.012119790404923527 0.025129608844681607 0.03345167514382628 0.022241473491602142 0.038814007603330127 0.0005278988735709019 0.09343798895338098 0.0628255768834575 0.045183844090677605
85 0.0681031218475596 0.08495273381799093 0.017870287155985303 0.025988631308446242 0.08061293613764367 0.06600021091987908 0.07113072196718556 0.07021163004276715 0.025156404000305246 0.02396135964621723 0.026657157914530397 0.058637017454709145 0.08156851114547636 0.03827885459416111 0.013757366962098215 0.04173774570488601 0.005805519089478598 0.07325460762917299 0.08012608076240933 0.04618910189909782
86 0.09041766810229244 0.07641287927154708 0.03342938340534177 0.059673431127766095 0.09506434949231692 0.04096601064571289 0.06818844550859562 0.006863336751181952 0.014553722945908483 0.06873462909961707 0.05443219725216909 0.06818304034969061 0.08753165624022316 0.044163361180053574 0.07182717034871686 0.016852596058252543 0.018561081813322885 0.01632767269645844 0.05943360579550619 0.008383761915326502
87 0.06036082825304267 0.06369312039471338 0.07837333590509696 0.05614535969737775 0.0460465450230163 0.051962676317128996 0.028957420057210054 0.04708180356262307 0.04981319646500984 0.06222468062860351 0.06674872791997453 0.06881389276208676 0.0402098925415492 0.01556021815045224 0.05119185910870695 0.05399698394365487 0.050193601352697556 0.0378791731788279 0.02217209543159414 0.04857458930663321
88 0.04596498783058786 0.008607241805471866 0.01948247569489668 0.05618865868072082 0.006897669990416936 0.08229308081624089 0.06015468205275817 0.04407182478025606 0.06326128084296456 0.034074746475759955 0.05094148591879586 0.029094162427713052 0.02282902707697804 0.08087433010534266 0.04546188833551918 0.06726559622189422 0.060645114591076944 0.03590628066336462 0.0939423167048564 0.09204314898438501
89 0.045951445241828745 0.057022506599339474 0.08194733343423435 0.054977935228799506 0.00356927674841586 0.05139894994557157 0.026805903422680844 0.05317041609981971 0.0847707977591622 0.061012769722058095 0.020747951913620086 0.039264669863486146 0.06472163464911507 0.06411103167674922 0.05434791713565104 0.024655538625135184 0.04489353724196985 0.06169002707772186 0.048197135206169556 0.05674322240847174
90 0.03785074779335422 0.05363499576890399 0.054390848949235376 0.04395396034841837 0.048067319014579585 0.022795760299640363 0.08078810185655662 0.023702539508369373 0.05984561194771392 0.003593786292968267 0.07732648216324844 0.07604394261363523 0.062257570895146504 0.03193971975959941 0.07027617654022704 0.053690459338522296 0.05527318927923371 0.041632100050021714 0.03815382759031723 0.06478285999030817
91 0.06089699340991969 0.049433237662689075 0.02738146821899264 0.03927254819351463 0.09789961346317826 0.0024725952244126995 0.022174458708807115 0.08222469700258547 0.046255747271121576 0.09875817308369843 0.06206547629670988 0.0656023778997322 0.03555209297945736 0.06946232153557196 0.04711492521362435 0.07573770735182339 0.026071792755500447 0.05030548357862186 0.03577196249349712 0.005546327656541915
92 0.013678348822275272 0.03910867168094347 0.06731578591124338 0.057764423808240276 0.08078194807763185 0.03999485495349031 0.04066078171275299 0.022993998345604096 0.07704360629471806 0.00584705635780937 0.08750988867804466 0.06168958282833878 0.06309485192865341 0.01207931420577958 0.08616774555924153 0.0024986921092029785 0.08624817991433432 0.009824608506838034 0.09263589546298819 0.053061764841869495
93 0.07893534666879132 0.031849439240714754 0.0844046829493424 0.015337928752281248 0.04103799229329446 0.08833931617498217 0.0750198836682316 0.024740820991669903 0.05338165798491251 0.05527082818738062 0.012514749104533054 0.07941107920819467 0.0793109799344017 0.09256213594498884 0.04248946647209341 0.0022529042375616193 0.014473112479977724 0.031051142325401775 0.036050948564714344 0.06156558481653164
94 0.016965894108796127 0.08606295953340891 0.01893945180642683 0.04113801818138594 0.08140563937734907 0.07390192902061272 0.05819051189948558 0.09265923245104252 0.035050665247113165 0.05986751535765341 0.01722977101334792 0.04335202464525439 0.018512937101671484 0.015977774594123268 0.07332709475833653 0.04362229232910624 0.05385010279100415 0.08441327343488152 0.05834274837323279 0.027190163975767515
95 0.05231420655073278 0.010612059940655583 0.0796190473825081 0.05456431273652214 0.036607649590776746 0.048133230831794376 0.016789250244032914 0.05353426213472322 0.10310159587163416 0.00820628931186303 0.04149598247913188 0.04537977401286998 0.028939619598269815 0.08817322420134874 0.003898093917231814 0.06542974351761979 0.08838455685323468 0.05174351112539744 0.030550175466997828 0.092523414232655
96 0.027735363041473317 0.005027170079880984 0.0310131955806004 0.08914070220709867 0.00378335431916501 0.06925035016922407 0.017415883020382057 0.000347151358377899 0.05699904474108485 0.08762649557361869 0.06024572574050705 0.016717666219644548 0.06131080179770985 0.08686763889438928 0.08442410824363734 0.08707120840803713 0.05488918706603292 0.03952352489996871 0.0821254883165943 0.03848594032257297
