0 0.09111409492617363 0.07858712784255797 0.06515703658067341 0.07223790712435985 0.008681131559464473 0.06588071507869686 0.08863104511824561 0.018463184456822254 0.010592918075539044 0.055677304071908844 0.0895746883667388 0.07221789518875033 0.03603321854175574 0.025943924434103188 0.022109832032526425 0.046121180040642085 0.027600923118993148 0.062062352086896456 0.04768647454216934 0.015627046812982513
1 0.0389999275127104 0.01659466361356877 0.0682174931103652 0.09256959114891405 0.006868514307936737 0.062212815813663856 0.004141801010560263 0.1120632656272408 0.09815164388149471 0.05518244050053413 0.05756317499159615 0.026024690695035668 0.04041910722826908 0.04642519104888341 0.054491890406587494 0.059645747047243174 0.11046247152887932 0.04898637974289798 0.0009556795408886621 2.3511242730021066e-05
2 0.01694998342913468 0.05384274265233366 0.07310852652522988 0.025474532919175688 0.08762176635980341 0.02589501205323906 0.05986307493677344 0.04964751706064097 0.05691138595722985 0.027947140597327867 0.07600343662093655 0.023595327321248017 0.07456000605683684 0.04518843493993835 0.032429892910860784 0.02030637664260361 0.043101724163924895 0.06709619240614774 0.04652127962866827 0.09393564681794624
3 0.06877689743970113 0.03400138100574107 0.04479098326262572 0.07649876308274808 0.0521308049806085 0.036330074261754254 0.051687505770209155 0.05570530572456336 0.028607205449843225 0.06583915311943125 0.046585677458650644 0.01904739196319438 0.10053141813451272 0.0036955211906368546 0.03379531730634329 0.06686925075610976 0.07919527918108837 0.06625969663475721 0.052206542968847955 0.017445830308633104
4 0.07098226105561967 0.05483569349593274 0.05519586629376471 0.06773530559854 0.0029887113510976317 0.04176725952362128 0.05078859028760095 0.06466601065213028 0.06907832742377865 0.017779179545213818 0.02869177991784409 0.03829482336006879 0.06149862659954111 0.02773193337795189 0.06303271735812778 0.0610670721616231 0.04904550078246048 0.05964506432484943 0.05542847564084189 0.059746801249391725
5 0.08880635937169591 0.0010206724107449214 0.00742164683997244 0.038618245396062845 0.002412730576077628 0.06983774312704863 0.0806517677729498 0.07895128511288964 0.04348402581292223 0.008572392979491089 0.04983874351507187 0.08211606753702659 0.03706306814133627 0.05533471336058061 0.029561608162153155 0.05453017927837801 0.07682872888406504 0.0819541437063117 0.07196757013503431 0.041028307880187145
6 0.04303174651138152 0.04417013856848457 0.050349475582773195 0.04047539638345959 0.07128376065930131 0.0348353356693948 0.037098002532346325 0.024165528752430023 0.08363649951558375 0.05748346011099573 0.057810425336793286 0.086122514485687 0.01640475103284391 0.087236920026525 0.0399554451294477 0.07707202193380168 0.012903617635915769 0.060815039801501575 0.008197406117998993 0.0669525142133341
7 0.032841478518228245 0.03173984386418744 0.09621330937370118 0.09214057194897672 0.07924926131235219 0.05480477123827 0.039019285272555736 0.000498332535560268 0.02817470166153165 0.0006657369774713344 0.020260007501847855 0.005086370419669352 0.05501226975329495 0.05358850998332207 0.1093045281161074 0.014603551647691419 0.10987004595033804 0.0734457817674618 0.030842064961259758 0.07263957719617264
8 0.009207579736199512 0.0813221023274865 0.04919837247036913 0.02586411420931186 0.04268103727470113 0.036220600694968026 0.05193647189355993 0.06615012794202017 0.07919423854732933 0.0036062062036445615 0.032432393660149 0.030974199315357786 0.06898040803147194 0.05287954186789632 0.08115884200415088 0.020727363087145734 0.054322717708076944 0.06360789151091092 0.06436374536744548 0.08517204614780496
9 0.08159978167192601 0.03019860177311312 0.03617189845185487 0.07451458269944944 0.058858467016097454 0.07361215822799005 0.08518708219830151 0.08158030641289044 0.03498429237674446 0.07080100645065247 0.05595432291205388 0.03453460464612382 0.05942836926766793 0.0045923264560207505 0.03743606913496576 0.023444755500636946 0.05148837115029148 0.0386589588122951 0.06251094149491893 0.004443103346005617
10 0.07212743914968027 0.053320040549024596 0.05717949388289025 0.06967087539843332 0.030302368602150576 0.011570163736446738 0.004142858217714957 0.08108742036614763 0.06392749525164888 0.026246839307644772 0.025857789406281098 0.07394563446845465 0.06588136058298084 0.07540034279288454 0.05083097876901521 0.010209307019693388 0.0757303493401109 0.05779957841835146 0.015733296017913574 0.07903636872253231
11 0.05337944272463432 0.07631572092303 0.07246194549293089 0.04001565090026835 0.05216379624867006 0.04889361101930155 0.05344523233659349 0.04526808602321831 0.008483449531766373 0.09606363083356767 0.035724868355962135 0.08066098553932932 0.009347177185722366 0.006734456495493601 0.06566535905167992 0.05382189634625474 0.012485733006177295 0.009599837506671595 0.08352932745044218 0.0959397930282859
12 0.02766759221406444 0.03037504685320273 0.08024809234673723 0.034893263071204224 0.012544508078229552 0.02662584216424306 0.01318904212176403 0.05399921025244706 0.07850041985067609 0.09010988384397946 0.07097761304578563 0.0014136724675331855 0.05105167905127034 0.09660508614600403 0.030608831830091814 0.035144974861279855 0.06989101669726198 0.029996585648218135 0.07889456518537516 0.08726307427063204
13 0.016413095544366887 0.03826546525501816 0.06491279092140179 0.07869657727652589 0.008656276498070336 0.06216699220914726 0.057580747166971834 0.011996247657835805 0.07423912130241972 0.06588704530733172 0.02744117269358592 0.02305541370878071 0.05048740570920772 0.052024947095502136 0.048640095725621994 0.07921923775383675 0.07159211954510088 0.0679996054039777 0.07333854766190337 0.027387095563393332
14 0.008933400701478762 0.0844508549345487 0.00640298475020221 0.013166665515879968 0.05040506559546915 0.0732214221811466 0.07648933145935817 0.051689089421040585 0.03940701967755873 0.06161169563725757 0.052323395520443294 0.05148087606754007 0.06765715120214107 0.04117086984000251 0.08304081676019497 0.041789758067317544 0.02951578441679341 0.09383789417303046 0.04312766797408291 0.03027825610451331
15 0.04006008948492479 0.048499944724980655 0.06186255530308234 0.028747931019424675 0.05552077612894707 0.03769375749064394 0.020634998777762804 0.05210169561357943 0.03972740601463513 0.04352475675895197 0.0418843228824325 0.109106612847405 0.10212468626370952 0.04752938452606627 0.013098816754609137 0.017634196496539432 0.0947005224441846 0.06067002911428922 0.029543742097493178 0.0553337752563383
16 0.08853788274381083 0.08418355992284886 0.05797036276955497 0.0487815920933341 0.042659977901388674 0.05168784358688063 0.020452919087644402 0.09898353695025772 0.033040672469193344 0.029918162964105377 0.008488765651031658 0.033499686823430526 0.09318094897032231 0.11025400061967035 0.020230592932636578 0.06892242636571777 0.003618929143818596 0.027837019133730698 0.05884524290356785 0.018905876967054897
17 0.07692409481893385 0.05609505378222274 0.06805005769987352 0.02800822177104221 0.06004101005401418 0.05622609118707315 0.02150559376602698 0.09444641859841495 0.009733292310218878 0.08362028469831438 0.025637770855777085 0.09861264688652448 0.026481834389337648 0.03651885300000342 0.07840370846106007 0.026834291852265 0.005164554957362116 0.03471250207984698 0.044572421344847464 0.06841129748684086
18 0.014210394477753135 0.005037394643156649 0.07095332227961523 0.06461501483213183 0.1012594255809699 0.04075880954818887 0.10187716043215286 0.032256503617774816 0.013463655446469087 0.08064303486228082 0.0088520067685979 0.009642311982811213 0.10515605413467055 0.0014226563493704616 0.05719781158010395 0.014142389518890077 0.058473861315142484 0.04306843982605791 0.10780284521293505 0.06916690759092718
19 0.054124949240132926 0.020198317207866863 0.05794619881437938 0.03310646836973033 0.04325363681107423 0.07263269359838619 0.08489415933101296 0.06008565323988678 0.09446763113476171 0.044676625984215936 0.0005851143799692525 0.004538569187551438 0.024472956885638393 0.0007311216585967963 0.06938001887402123 0.07359207231318649 0.05193147630648894 0.08702691569195725 0.039948783357642736 0.08240663761350014
20 0.09578172346764396 0.02774740650638538 0.04071190600956463 0.000875727660433342 0.06063537616668468 0.052789566385138945 0.062363498654317784 0.04268159946673936 0.0875954662908617 0.08577020416279947 0.043687699380448475 0.08368023792909159 0.02693951036117347 0.05189957905385264 0.030563409656084634 0.022983355060880714 0.08684578514246814 0.04376223116790362 0.039291821282135944 0.01339389619539153
21 0.002140388344381714 0.09914159947549626 0.10293921817125556 0.015661927467422426 0.10416588295158147 0.04664974677869083 0.09176187828179037 0.04059858382413231 0.03542079196357219 0.05989201784534563 0.04098545348437602 0.008868153412641215 0.03408923547314414 0.059421636597464834 0.032889851278822 0.07712251658849406 0.04005814590397564 0.07247824846232831 0.006416281414977952 0.029298442280107025
22 0.01379063971301706 0.05099420113151505 0.07244570086875639 0.04188374969797097 0.02537041686101857 0.028572784862425482 0.048547191943886785 0.09699805027219636 0.059891174179306374 0.08222078834621196 0.08089437411937338 0.01991139758921627 0.0887542473767785 0.026857230699228123 0.06803840916685946 0.007285394645388269 0.014860974209117668 0.09701934170298042 0.04629968344458103 0.029364249170171573
23 0.07307948158373297 0.020392611353024528 0.09155481354489034 0.1142684168383817 0.04603499589217235 0.036758104242134174 0.0769437448359458 0.04014277398691005 0.06606490968678114 0.04830703610537854 0.0072505324407479204 0.011970714985587943 0.039554903675760554 0.03459992570402885 0.07903519630187547 0.0019307864625407367 0.03338202776042074 0.04254940376299503 0.07736416196219656 0.058815458874494894
24 0.06337269227883688 0.03953150898225214 0.0800474275391353 0.08000893960784479 0.058853996057672366 0.028263611203064937 0.04607737724109875 0.023493999093425595 0.004672557048399647 0.07145875134129598 0.00838855149572645 0.03460818108811309 0.0684195254843053 0.03656402445051162 0.04597381190058163 0.019256883689130814 0.08037918088592491 0.0959270628276051 0.021771956315158443 0.09292996146991632
25 0.03927180588604937 0.05238303104494005 0.03458599122380327 0.04408782605661687 0.060549296615094374 0.03478599868578064 0.026427316022668696 0.01867088811058056 0.09457638426985449 0.008199927209464958 0.08027085559356878 0.10088010795755672 0.10342196510886378 0.114155073126526 0.04248593113357069 0.03563786437715162 0.01481265169453021 0.037997764006774806 0.04747493755333001 0.009324384323274018
26 0.025905660614278077 0.01886417460444856 0.01828146324271693 0.018313113773553057 0.07248735370458076 0.04343678949202113 0.044301967952172346 0.09653531626099078 0.043956813951148074 0.0003572366074170063 0.08128640453613589 0.06932786888629952 0.09577701677972895 0.05135718908139947 0.09688330818748694 0.09432664812687487 0.05540769426174881 0.04342705368404977 0.012001487884907512 0.01776543836804149
27 0.06578908293911898 0.03545405272508456 0.012973387665981564 0.10334813550860722 0.07651865499891893 0.03397785063485679 0.09867767587792962 0.015504767681492644 0.002400041016673307 0.06861412116281244 0.0828241602530138 0.11305893405232968 0.06307058498618286 0.004127594676111443 0.02951839397559371 0.021763421777382934 0.05282246016715034 0.045588935722747075 0.06178319095197266 0.012184553226039252
28 0.003964097471009998 0.10067726500880768 0.08052644084698023 0.04043269935608617 0.09283315524185068 0.020021213023180547 0.0379184753193784 0.004970414353497177 0.07411728224099141 0.006474775995348499 0.09682235296615212 0.03376859091366593 0.019895623204016603 0.03524915509506504 0.10516026583058413 0.07181569417864912 0.055079156044594915 0.02420970476996069 0.08995065006262698 0.006112988077553403
29 0.06056044546265714 0.015136264280209213 0.0571952893412875 0.09825548713735466 0.10590924067505707 0.04861495182720389 0.00036680242678850867 0.015373886550090286 0.10518291841163488 0.07735710670352901 0.07982027392243998 0.06932275343597291 0.011023562235482483 0.023101779414889702 0.014960102553623083 0.11084720313453499 0.0006728314325288655 0.01999579307115462 0.03851901132713228 0.0477842966564287
30 0.00233276835208927 0.025721037140407906 0.08713462811681877 0.07367389725897794 0.07359288409355991 0.04967015332365831 0.05791325302115422 0.08048388177564411 0.01340410736672718 0.019515169235117157 0.03849853968312634 0.06497804775717057 0.017830113115740915 0.07660819065107462 0.021603303539440243 0.07510731112095433 0.04567127357948016 0.060850049104441105 0.06490381750720711 0.05050757425721007
31 0.024342883487861827 0.045504636113027824 0.07513904175919653 0.020750206436223318 0.01224420261175727 0.049400467863502585 0.09148764887274695 0.03980386944310816 0.06657989816886112 0.07954332651122036 0.07521460485520312 0.07191658384841453 0.0976523906385202 0.05430211364243039 0.03449422769390005 0.020072104639392477 0.021643641792676336 0.024267225030666778 0.07281197175337148 0.022828954837918553
32 0.05816563316755464 0.014563119598142864 0.03249153271647325 0.021482413634542702 0.01770441585162298 0.07164373989745497 0.0560964198871299 0.006143093528575239 0.05545162544260236 0.03810780137053484 0.05099202438114747 0.05954402870304835 0.07941343682795682 0.07442772772447509 0.07837057242160396 0.039449409532168155 0.0642550079062351 0.06479830743174543 0.06267667544006857 0.05422301453691729
33 0.005051426873462991 0.039253121449186176 0.09130218737629386 0.05876528825172556 0.0710968130701383 0.031827671340550506 0.038010877775934065 0.0038123947300809195 0.0812745264088064 0.08713093614179668 0.004964124820678203 0.04472685022342151 0.046437838819509275 0.03285673843883298 0.08508403264065818 0.06550710524956073 0.03410608622943547 0.08247108658971895 0.05461172989184949 0.04170916367835965
34 0.10299411025431914 0.015609510860968876 0.09486372925973813 0.013697194300282278 0.010309422942631099 0.01669043958283915 0.03000845529949702 0.10360836798672582 0.00970103407694363 0.0626971063337485 0.03990319342332401 0.02519954801700222 0.027061699077478515 0.039402099019484924 0.07104415243573362 0.05133317368619462 0.0860370457281178 0.09633102571894983 0.039653806704270184 0.06385488529175061
35 0.07273113851945584 0.030744845897601635 0.033442247354701804 0.0008883465245863203 0.07640032983795042 0.0730035544058745 0.05338969641863928 0.07366478088327753 0.06429280667747221 0.03437783674883298 0.09184184811832212 0.03717307093529028 0.013550480837896483 0.03655822797075876 0.07234528882468987 0.044215946950580315 0.06822640120584958 0.027880996442812982 0.0211140191937051 0.07415813625170216
36 0.09413191237283 0.011688926355734012 0.049451736034844956 0.09978088867839621 0.06486666609376876 0.08715327396819435 0.028978975876674303 0.011737359694325338 0.07450672192173671 0.03756959781796732 0.05693632744304127 0.025821119691724355 0.07183847190211787 0.06445993954274999 0.04134655815009789 0.007155276064905942 0.09761379856090406 0.02439290594293398 0.030784913060254618 0.019784630826797826
37 0.011180819470886427 0.07352884175597002 0.09159210091370121 0.02919595519878675 0.08503757863299381 0.017941313673065826 0.022718227639048464 0.07458984347425097 0.05679808518218819 0.013298792419954793 0.02316972659487319 0.041496633849699094 0.05915680023965805 0.029810551211075807 0.02973777497609813 0.07140147038193642 0.09061058722562718 0.04476763096942522 0.0943572885706873 0.03960997762007313
38 0.06401252002115944 0.101459536707451 0.11363097351486512 0.022001678253166245 0.11067674167797747 0.035536545327908425 0.0006587271175274287 0.021621908805489514 0.03659714184874375 0.02639287094734199 0.05737747048604254 0.08675511178299052 0.06012980734187784 0.006424260337645311 0.09033595032466922 0.05953789993901422 0.003190441953606673 0.010827674593486545 0.03163320711619821 0.061199531902838625
39 0.06073679224764435 0.00045233742380825355 0.07541092494361983 0.06724217105947794 0.03625327857932194 0.055266910141596785 0.04554144333028657 0.0666535419104612 0.023334750646721716 0.0662762711092316 0.02189960701269371 0.030892244926552594 0.008297035415415422 0.08846866409750889 0.07923050559544093 0.0657699903498823 0.06362592344511289 0.02390767907005652 0.052427760340040076 0.06831216835512655
40 0.019204488177615997 0.051588311562370946 0.07902303066543376 0.010667074446234163 0.044881115801175486 0.07110464958027296 0.03737941293683852 0.017338328193573303 0.02470049222887638 0.04349152481530958 0.07184614657097543 0.032048339305002074 0.06613205819479834 0.06609912491951005 0.06181448454501737 0.0369165641854383 0.049480739141682904 0.08714662658355897 0.05919746214666235 0.06994002599965322
41 0.036832498353634856 0.01009980867997882 0.07519428311787767 0.027566560343180373 0.06998838973711641 0.024180966286838242 0.06962014726791954 0.07725941923040593 0.06538589925508015 0.01945295440363393 0.06785919961463863 0.05288515551283513 0.05109396550134502 0.036224828856848044 0.07109446825287113 0.06687350186591055 0.06422335411906177 0.07342142606007787 0.017130066555079714 0.02361310698566621
42 0.004025586743598799 0.03509410027907588 0.013821774635214978 0.085659022338449 0.03983351908714402 0.04833884387135912 0.01570255872902139 0.08728204114951886 0.03818417054661979 0.046976974949840836 0.057141733192964846 0.06413914592537753 0.0796288220168338 0.106317814994471 0.0016995517622090885 0.025462505689754843 0.05635714907408474 0.07380599519043535 0.03633090920146157 0.08419778062256472
43 0.01394292160274186 0.07698293796144468 0.04225823311469289 0.028799122286510943 0.012806009820490783 0.0066050526904965524 0.0022646460298633635 0.0954145850225396 0.10760138015432422 0.004218003905369917 0.09867291533773945 0.06452278167401565 0.021066051201884456 0.03268213272406113 0.10789734502840803 0.10593213568030546 0.018896488457983113 0.07001440342378433 0.0539795131445405 0.035443340738803154
44 0.0018445132047569578 0.06941183567575121 0.03557157683932994 0.05234593559929452 0.06484876676749542 0.03500588599254391 0.09372393218968589 0.02501845052129149 0.03378355890046143 0.02443669191292545 0.023006842192996434 0.09179964953054026 0.10332600977930638 0.06409463232277961 0.09378831247561212 0.031448166497479384 0.07737717204459646 0.0008503104092641151 0.07480963634126507 0.0035081208026238532
45 0.08883891102875507 0.07839074529306303 0.0035191450540474046 0.0227752367605807 0.06958821749590481 0.026297585890758566 0.04545359272722085 0.007853881074061249 0.024260309503825326 0.08406815490260738 0.028724795337711835 0.0804340513311671 0.04315399191771039 0.07549391463678386 0.0007857268987506124 0.06092690243735337 0.07200799074931498 0.06945055382885158 0.08986304301909258 0.028113250112439155
46 0.10374839884549646 0.10201109588729838 0.016041738549980304 0.04725855169942471 0.003523056800866016 0.004642837525730569 0.01864004327236374 0.013145773801082178 0.08603305103983176 0.029174036150102643 0.055240795070498366 0.09154653853890461 0.04778271992677366 0.06630846007569063 0.052628406130105956 0.05973311295045348 0.05984873015397268 0.054491584947522424 0.029521352441867738 0.05867971619203384
47 0.04256472353153601 0.07867530079808763 0.029530982990489417 0.0079301153404972 0.008510423495430446 0.04291637432057404 0.08542763757425798 0.07895323439410407 0.06994102161985845 0.008501681039411488 0.054740914927301286 0.08534542270186103 0.06940871919231262 0.07007692480124965 0.08525999078842965 0.054933601445843284 0.0034050743123214887 0.016113170141351777 0.09928705115688058 0.008477635428201846
48 0.0239573485584771 0.025084508171254724 0.0002928041104897392 0.029717247126074448 0.07285238782332043 0.08189303669410704 0.117379675835876 0.03886830099086322 0.01299380711678618 0.050380638036947326 0.021607888532844448 0.0084749723320825 0.049550047779057194 0.12104336604842647 0.07071203209068702 0.050994691184698356 0.10163008029637238 0.09421390291045799 0.018290657849455518 0.010062606511721719
49 0.051068646688601387 0.061933741709362486 0.06168873960891661 0.005286659039907724 0.04892029727086462 0.0671339221672026 0.0015505954316486145 0.08440673083721661 0.03464228496544225 0.0772008057134027 0.045013357054852626 0.07111081779103902 0.06708748510436567 0.057219089955876344 0.08237088278923002 0.06871119019860122 0.0037957025283001425 0.0601403392440498 0.03688789085956267 0.013830821041556817
50 0.014652295106570111 0.07626264627383735 0.041521160018636934 0.05078151515152057 0.05181387030832704 0.09703283348138629 0.03141759345842639 0.05933019738005803 0.027011677049076217 0.06626390510461945 0.07570941348858612 0.07420178453590369 0.04795499230673977 0.05000780628583926 0.003917848919154454 0.07706069925757839 0.02511770230364991 0.021954996288903253 0.09003031281103509 0.017956750470151665
51 0.06512534026553518 0.07915992005175047 0.07519464341147081 0.07713187825023886 0.05364127794595351 0.030567736786569436 0.034453965139332236 0.028546186399364928 0.06584834784997935 0.013054718467761123 0.03131738120469316 0.07718912741582651 0.011024038564459953 0.04072375157707829 0.03557522975113882 0.030353254949954993 0.07123580084285194 0.04788406258477956 0.05365353249871444 0.07831980604254633
52 0.018100006250127025 0.08621341698788135 0.012009694453476959 0.0409142624244127 0.0025794584061109155 0.02403539028840017 0.054284553081721934 0.1062258097678982 0.08284579319131144 0.03245752270837536 0.07336665786013147 0.10601847615853872 0.05961246614884163 0.02408236066550031 0.0939080614710166 0.0005588240299321208 0.06607867787295503 0.023300354143003854 0.07370159559645381 0.019706618493910595
53 0.08873642865849189 0.011637203963194875 0.09020403460718425 0.005008390894524795 0.027633841443216272 0.07257296813188344 0.09236965018884129 0.04374644521211485 0.09673501712097246 0.017865323764053666 0.06274263289577607 0.04194570241765084 0.0650958203034904 0.014948053265068333 0.03097051758036966 0.006956075457899333 0.0849548653866842 0.006867090202100943 0.07426879596714894 0.06474114253933334
54 0.10052561246546671 0.035258283655967323 0.06529316572144507 0.05109232179243436 0.03057420504812267 0.07970499355573084 0.028355034678344396 0.06837324242465541 0.024504933870926785 0.003140412753898127 0.06319387181758035 0.053173285565799304 0.00201504559634006 0.034285478885653024 0.009602851699872796 0.03052723341784972 0.03509815482780055 0.12049415841250066 0.08938066908150075 0.07540704472811094
55 0.09371040124969288 0.08181992406694914 0.02361901673679245 0.013555966240119163 0.05346041798010301 0.053839708348728046 0.006135910888976927 0.02102897364428071 0.06501393504424104 0.010131401065995773 0.08097701171699977 0.1014399364796618 0.09599393319824408 0.007299480781599752 0.09542025445403164 0.017814183056692946 0.010689624176213199 0.032972882139646095 0.0721048463095373 0.06297219242149411
56 0.03636670781743719 0.019829379542208037 0.055726435588536995 0.07895300788869902 0.040418322938820736 0.02990800499891284 0.07947209462827576 0.06954968978616667 0.03949544635439764 0.022260413037445425 0.025494410677287718 0.07059189782574649 0.03251382749019432 0.0291227525121065 0.04396230442087313 0.07542353146206023 0.04629375007161554 0.06749836804338016 0.0659589657508224 0.07116068916501335
57 0.09784742970044386 0.005840669486780634 0.04897940792505877 0.09068687629197263 0.011214458294649033 0.07127878512410224 0.007652438571972648 0.10437362010442651 0.05913069184076953 0.0008586371582538876 0.06867033019314271 0.08021478873922211 0.08696346362269125 0.04896371574789235 0.05373432560703031 0.07779918889793593 0.001983575640370288 0.0543521601074318 0.002774780770197519 0.026680656175655657
58 0.023910600330173136 0.015357707679980225 0.08302835477625926 0.01571941201580414 0.07532210451552465 0.08166810805493503 0.0267703011986517 0.0597547859573396 0.03523027196549821 0.005072272540545247 0.07163448526903927 0.07575178681446332 0.06215532382333122 0.08832483492327117 0.048531434823965394 0.0014842709743285653 0.08016825476731998 0.029095955303454577 0.08986274436824944 0.03115698989786604
59 0.013308891879940693 0.05274666074569103 0.003384761665813781 0.10454875142826717 0.025693320639931093 0.06687146481231727 0.01948676462928576 0.0029509511015729903 0.0836943232720764 0.09203919236927093 0.1099983762532631 0.06898649954221231 0.011232934673455755 0.07034728005473204 0.022565569341418457 0.038016269884816746 0.05271546724374695 0.07816029536003365 0.026924032329033377 0.0563281927731206
60 0.029104203546466926 0.06897949261116229 0.06199859101007877 0.05796269665727693 0.040193957839465805 0.06866427538594112 0.07699878831222906 0.07346019326471405 0.019374112022568914 0.01276676047803501 0.058115552844218175 0.011995763845761452 0.06941742407871312 0.07002117214144941 0.07243235695621132 0.028028190864143158 0.03773160294731731 0.045105627695284894 0.06886641999455478 0.02878281750440747
61 0.06866214014871747 0.038360945340614135 0.06492833294083325 0.014770408223457937 0.02738336852404512 0.007698289231340302 0.06530036913452433 0.07810976666161731 0.017390043755637324 0.0752144191877933 0.06901696698692038 0.019468769457376463 0.0046682586053003825 0.07928668202078862 0.029178740908011404 0.06912532610052925 0.052462248654601765 0.07747587996748691 0.07977443032474184 0.06172461382566237
62 0.06205361518673615 0.08640037863206501 0.04085685911988539 0.06700074540689721 0.0855293395552848 0.049693738287048546 0.006085484163266459 0.017029889347042707 0.0006014110199276563 0.05528187139834071 0.03135085327104916 0.07986419067296115 0.05705042971349401 0.087339104227153 0.04785489855740113 0.06646228615980798 0.06926160455614035 0.03249559320019271 0.01783536066519696 0.039952346860108894
63 0.09028401129660985 0.0970880304680892 0.01864896326968699 0.025440611347377448 0.09626157772484341 0.08240580151787312 0.06738518905770369 0.001647147261307666 0.004752913988623853 0.09920852254046135 0.06940141414658728 0.01937585688361843 0.06993808315916221 0.0326104667369041 0.004980297237035574 0.024227976880683733 0.0995603105964052 0.036758560998375385 0.057750696746053876 0.0022735681425977675
64 0.07245323286322401 0.09049985568347348 0.04667993467117541 0.03896947300134557 0.05759481396825186 0.05214417785472626 0.017723555524026012 0.07792552806126408 0.008278837939070869 0.019216386599410936 0.059972026079978376 0.07136234546981304 0.01933556226678574 0.08544230628912183 0.07288685238274775 0.028194476098795926 0.05816922290258533 0.0400091943834352 0.024666313678213803 0.05847590428255446
65 0.09187364221091851 0.009449486477997473 0.023513516155196885 0.0760201044465243 0.011024005377386587 0.04997850235228759 0.0184703146084023 0.03591623662297086 0.09913958130290544 0.06359421279172582 0.08988623003390633 0.09793988685431788 0.04146406323711405 0.037849484766745545 0.006013433194075468 0.0760468214054134 0.027860424925798044 0.08236405831559268 0.024482082256624762 0.03711391266409615
66 0.07580078399288971 0.08100607205591456 0.01631886405347885 0.05953310359394623 0.02202413866102178 0.037537121401940515 0.07879424528445217 0.04950313714452494 0.06963014183551988 0.020236897060924755 0.005697810280071154 0.07430700168013782 0.040510311505702924 0.06896963020549284 0.07073436814237943 0.06637437254273229 0.04577769108290794 0.024375958242137508 0.0686088013151745 0.024259549918650387
67 0.07272406427253111 0.01631649191023052 0.11380415266489163 0.047208325685666505 0.04906895668427348 0.06521424859383063 0.02164374539001206 0.019984817026724187 0.05816283310524952 0.03599333610405331 0.030686195985854113 0.09189561348088351 0.07316526387852128 0.07234743128294271 0.11463679089619178 0.034472606391973123 0.016852272167480357 0.0010000610973002451 0.035458542751740485 0.029364250629649414
68 0.06769591974845655 0.024812815159704425 0.07471536766131555 0.03404153914596322 0.04324261653977767 0.06727819501069554 0.09010222687412503 0.04405667126304723 0.08653048453450586 0.05640693870498444 0.03676582482702895 0.03731927703754886 0.03531412643374695 0.04688759103869916 0.05681678584609486 0.031415892485191395 0.037100653836365044 0.014411683444534851 0.06548681108302577 0.049598579325188644
69 0.0025520828363622544 0.1145000401183424 0.01052646966350242 0.06073783200666896 0.11744821184721044 0.028412338078268283 0.047072543894866176 0.018800734226612655 0.052657230014477065 0.10410182726071948 0.07790204550950072 0.0638234141322825 0.03169179809687156 0.03200997297896209 0.024965424352683667 0.011350449685913405 0.0895782308599888 0.07356181557550719 0.005852262816845468 0.03245527604441443
70 0.05940742557906218 0.05247245943385568 0.06692150836430338 0.06325577298027085 0.060847878326072635 0.03286676503809003 0.007389250989392585 0.07807854010447433 0.026697260874571395 0.036586280498411845 0.07648792330195715 0.03604443816917942 0.0391306386983733 0.030210176421534295 0.05486111413463042 0.03829002655018687 0.0474269744520114 0.04537634858641916 0.08928227088278304 0.05836694661441991
71 0.02587116788074161 0.036290662939227884 0.02577557712917955 0.04618122040348844 0.03828484888882149 0.10208352790289206 0.06239283021056652 0.04974704955140859 0.03900370447301408 0.08699605128881312 0.013684995001519509 0.06364122152325519 0.0631715322148677 0.036794666724045105 0.02978172354183846 0.0899061619566369 0.07768721306789812 0.07935146099027961 0.023982761254813894 0.009371623056692278
72 0.07084652573531203 0.03338459097172557 0.0931391367267308 0.05176918333991381 0.03001653599281631 0.05004293126273924 0.0018037482682793304 0.015804667322772963 0.014838890981430559 0.07761189207959608 0.01502601710673517 0.0891726352942563 0.08683024253583954 0.09392177734769375 0.06931091584622093 0.008870412848141112 0.003567928869468549 0.05639711860386424 0.05195881139269114 0.0856860374737726
73 0.012133168524747927 0.08368169458201921 0.04691350423600433 0.10942025223003055 0.025751314099651666 0.06409032725783494 0.01833812412364364 0.01102893873916157 0.051766451014231975 0.034564127632038234 0.0628154241359456 0.11355518632398194 0.09420057057895229 0.04332490577321136 0.0015399582114319355 0.05370320294319031 0.001687364453263404 0.0401106191129008 0.07970567082302212 0.05166919520473617
74 0.09253401961153601 0.042652904621446434 0.020872655296417294 0.05543418943031576 0.012733334232793854 0.019713605338624946 0.016551606948115277 0.08841752279336611 0.013831934807677972 0.057562156086475705 0.004521512966497695 0.046425101700663135 0.06504586735753778 0.09100242582760903 0.07599522384002587 0.06674225085632302 0.04785006211218609 0.07760159851349577 0.05564988291027372 0.04886214474861867
75 0.009851343141820807 0.011801808172384071 0.05480255462361972 0.10223382389437351 0.08798190476405975 0.06296080546130545 0.0557152683591051 0.09623680034841292 0.06663691593567837 0.015293322672778232 0.05707173319572537 0.05045219408454783 0.04431116251572395 0.059875604030814544 0.02755775589628622 0.0648364154556373 0.023473330302807294 0.09111458200376447 0.011795328449002246 0.005997346692152812
76 0.06400387647735405 0.07609636441206118 0.02967388572622061 0.031168301771904102 0.07814027140722753 0.00021550133226602936 0.012477030043314807 0.025433035430415755 0.07627459040426021 0.03486939887771123 0.02214399446666833 0.07530146667455972 0.0579813058931368 0.05491652782528023 0.015159463499597963 0.04479552226271607 0.07360470789250556 0.08841840485484324 0.06921157449325847 0.070114776254698
77 0.09575986591850962 0.07810955106175604 0.0008324031534855279 0.08906990696360385 0.010320011003031558 0.002492101706911332 0.0822152229660422 0.06091767110796319 0.06714524767268551 0.07182560599437451 0.05514152273345578 0.005496991903922687 0.009544576179064861 0.07487593443489926 0.07134694401021166 0.0863144817782031 0.05348292211498369 0.0019789942285411435 0.010351567512069858 0.07277847755628453
78 0.08620013664530118 0.016762925930397545 0.006359747742793926 0.047746569724665795 0.007016699886616365 0.06756361288846725 0.07005541321423087 0.0754242445618853 0.04664953904958869 0.030328126961095037 0.07821077096252302 0.050733961214440446 0.08032338877967805 0.014748732020354866 0.04670155656921457 0.05684545051527949 0.01041122301484232 0.07771444960357035 0.05550298731738159 0.07470046339767324
79 0.014178368778492306 0.07741370267414083 0.08299420791791867 0.05866509964376416 0.04244590112265371 0.005522928941857007 0.06650786885991729 0.029912782067757958 0.0014881538131263563 0.07894411575188155 0.02543283311163357 0.06825766338853158 0.013822565254707729 0.050267799253531996 0.027030085685693483 0.0814818977813896 0.052105274422022146 0.08256374847486167 0.0801109971925737 0.06085400586354478
80 0.08443267117328268 0.007646311001417707 0.04467223654350997 0.053465461038502915 0.03460322875758893 0.05081740066155874 0.05558753756985956 0.0475031724591395 0.07566864598531983 0.058389281866358 0.04386417250290732 0.08151001319375127 0.055536945047071046 0.08098440229212718 0.0019285712504035493 0.015897722456886754 0.02881118915843378 0.06512521403784367 0.027143556353936615 0.08641226665010081
81 0.03950582028181521 0.023207676807591882 0.07977631815309962 0.0272076190920443 0.08036827597450727 0.03692709303247258 0.027820047808201475 0.07494401677150933 0.06160075284135016 0.03473160044441276 0.04563387820246362 0.022027035724216656 0.046178581834113365 0.028140321452933215 0.05346501798433436 0.017626828790341442 0.09004780778154538 0.06627439246121951 0.04444158740097723 0.10007532716085062
82 0.033655077159471324 0.0006523797579976863 0.11139012981669748 0.11625570389989894 0.05734638289962877 0.0004069938620316973 0.029459853581075494 0.02646315808269757 0.05374507908958415 0.056503287102848826 0.024551709665187212 0.08428042674524874 0.09336229718304523 0.013868047277558148 0.01948940315048792 0.040915791654696304 0.03655905986527381 0.04143878501662899 0.10484914803521886 0.0548072861547229
83 0.08364097837964929 0.08517636613340769 0.06240630669224308 0.08073693573338765 0.01156740148367872 0.03433915676863545 0.0613012569022671 0.005533122813397348 0.029296071868748764 0.0894859424941675 0.06997878624256545 0.053016691008961316 0.0416373810387008 0.045884660537243 0.026590897780377876 0.021057038119418905 0.02777204683084106 0.08582517069544746 0.021724918263316604 0.06302887021354493
84 0.008584923238857583 0.07880392001272626 0.04459391573054361 0.08655988720899081 0.025108458864151636 0.05708318453210459 0.08966403036909579 0.012891210469738098 0.003981073575661905 0.01615785093199007 0.09211175122660147 0.08425211621712365 0.08989173906811888 0.030190816606862132 0.03529927608509518 0.0624419806874638 0.04665344065435479 0.07557854350640705 3.9736416641832716e-07 0.0601514836499464
85 0.012244646362768211 0.09485496023871287 0.07098306291360583 0.02274881804912989 0.07299357905778958 0.07465562438266364 0.02735973594946368 0.04908168433863015 0.07486351889144396 0.05109092362908001 0.0478136110791362 0.005369725949702301 0.09497380036236815 0.013844078173748477 0.05777688976047446 0.08580310535604634 0.035018540963999534 0.009053474861588145 0.013877220601431694 0.08559299907821705
86 0.10286190321438693 0.008639841529614355 0.06824290634808836 0.0680691821914584 0.10581193202776482 0.06477238701670432 0.09511238986388178 0.08157584225219296 0.09492708596608175 0.06949282092765717 0.0010798232093377205 0.023048170718519827 0.004362278908712365 0.018925439143322984 0.015607221416252953 0.00879785577122707 0.06712181724826918 0.058332924177115573 0.038905768404262096 0.004312409665149219
87 0.03849095859497326 0.025177076088564947 0.02254390704381996 0.10106372056875801 0.06592831429390625 0.010773062364910107 0.05792309438688031 0.013617149569980091 0.029092878599012592 0.09887677433012637 0.029252511308824863 0.08381192806088572 0.008713183614106376 0.08687027324330931 0.07454420733578516 0.04793922680119962 0.02423998259626459 0.061535957237791476 0.027052264569380577 0.09255352939152055
88 0.10411434111741749 0.05625069350606011 0.02837098640494892 0.005456949751847988 0.016992710503291774 0.040228602107480194 0.06527108628011177 0.0382325552991049 0.09586246435348389 0.07468896364925832 0.06140005476898914 0.04957099563826341 0.050524669904624446 0.014203464915209832 0.10029416710400846 0.00953458673924462 0.0030273784898304764 0.043449279086866584 0.06714645261554804 0.07537959776440963
89 0.0721602480640473 0.05010664683973771 0.03803542745937692 0.012948437340965298 8.71785292925491e-05 0.09640009486327744 0.08125059992300177 0.057828330188255325 0.10396886522923263 0.0296580279812306 0.008469570936989218 0.030062252638177578 0.0010993831072273028 0.061659037573998814 0.0005611826038575602 0.11188490124470336 0.10108665503246383 0.014996696714279358 0.10178634394700045 0.02595011978288489
90 0.11000753005960766 0.019207678675864513 0.030704234526971082 0.03859606827906052 0.06775493050485394 0.0009445030449271372 0.08234635868923114 0.09680255598148009 0.008482909204592432 0.07745433567950727 0.02016251431765305 0.0022446140142827506 0.029838717043818113 0.08041181184452846 0.08804048695612086 0.0361980196908902 0.03783283656696749 0.03480870814280497 0.02380827315946008 0.11435291361737819
91 0.05154027320206486 0.0024901948985552504 0.02098605823263843 0.01761920079844787 0.028832031887013002 0.029563516228555034 0.09040256748741855 0.057759473179021324 0.05388455567035589 0.11068484424224746 0.037829722384163794 0.05203343262573594 0.0895850067766786 0.023375887174912336 0.01538257311282071 0.09141336533043132 0.053172654472517095 0.07203180627543641 0.061234134413301 0.04017870160768511
92 0.01399644400623739 0.04602411922779175 0.064804550852818 0.10207790347176127 0.012860702666267421 0.0841929407092373 0.014145517032420327 0.049726481737526806 0.06827061651919193 0.03136559332974334 0.08882522499621451 0.0943669877554367 0.004044978328935934 0.06047607680041072 0.025626241219519227 0.002950381513114297 0.0005835285392886223 0.08244503918605009 0.09884430266783098 0.05437236944020324
93 0.024048100729193046 0.018080832820459605 0.06045107338999614 0.059663825994592676 0.08717662145321779 0.03198611419082943 0.04014887611216035 0.02008528426487123 0.011689061405384784 0.06555303226214106 0.09734068032374699 0.08512237781855755 0.09386740126456464 0.0011303102189973687 0.04628350362616245 0.10270814120889599 0.07164744027539008 0.04468138756358123 0.00035302329423492906 0.037982911783022384
94 0.04110627478370336 0.037609292156655476 0.05495532696465748 0.05948178366944492 0.07030868816177514 0.052686963340625746 0.08366406423917334 0.0011264100866580867 0.07481305036574012 0.024624879283115193 0.009444996715831122 0.06334991310729692 0.017678443795862944 0.011719750325878785 0.04543719757637939 0.09934280134862862 0.07883266933099121 0.04651531495411944 0.11086212905767112 0.016440050735791405
95 0.06500728301553761 0.07002790725654834 0.10545675186505099 0.012347957587698986 0.11187987732666727 0.033989191035157296 0.05674322069000826 0.057811509194779655 0.055438270105786384 0.00037212381869485223 0.015404121074061168 0.002210395898878686 0.061460652971066204 0.050829435964595146 0.10295088722967892 0.015769080950365923 0.10742601584743537 0.014024441330657441 0.01297251393295615 0.047878362904375645
96 0.06899119874873948 0.012091247341987821 0.005186024441081901 0.022400177632827537 0.05349513700648387 0.044152758213407244 0.025141744167894886 0.07840229515225759 0.07925625137094862 0.03627210310296288 0.06705563739993352 0.0630708078849602 0.06270376421477054 0.039977257105705356 0.09810683093521934 0.0550530633248077 0.04937279097102808 0.059479970442369835 0.07673254072530547 0.003058399817308264
