0 0.07534377108975138 0.0879000228389855 0.06980289756959722 0.01045459355902216 0.01704321415393434 0.030717355686560355 0.004587396632180934 0.0856625386396799 0.007231951495418667 0.05958233503544966 0.06304696727794587 0.025171363482132926 0.07387510254124455 0.05420423892826004 0.043455188895294296 0.06884472416365704 0.032207492648183705 0.035690071048064397 0.07030901771527849 0.08486975659935837
1 0.02329759215907447 0.08054751581035381 0.09048483515306273 0.08727506756355159 0.05530053253500642 0.002180360424645014 0.1052246964755268 0.025339236489175132 0.0680147514909775 0.010603660655500259 0.041917907902904845 0.00469246073868567 0.0966344316380699 0.03566871949207285 0.032974336390641415 0.08609851241381161 0.014754078403487594 0.03947361412127606 0.07888423083421515 0.020633459307961153
2 0.08385685288363691 0.015448930531670456 0.08144446631716058 0.010881805630675458 0.02145345564339398 0.06984296837352268 0.0606933972412204 0.045775182603233516 0.036916462246707034 0.07743489825879926 0.056436702959503024 0.04260129380848113 0.07341939054710744 0.06442211538016586 0.06428646910460036 0.06335380812608266 0.00995656854533256 0.05934203890950414 0.054877640974661 0.0075555519145417156
3 0.009806919394370681 0.06773212281284481 0.03057320638341895 0.03413385311385162 0.04676691548643821 0.022369914507937357 0.08489172504931493 0.08582479564981843 0.021282866192014104 0.08135113452387448 0.08318079714579595 0.018595550660886792 0.027872346385836147 0.07863648126270911 0.016248403037984582 0.08280198269594304 0.044119262019025704 0.04120916533317553 0.052883031856098155 0.06971952648866132
4 0.07683984151440598 0.03256001366742841 0.0067595992373478495 0.048719539458035165 0.011611696280489263 0.01714745588032622 0.06318444821216687 0.07312597304975232 0.0003003058050638864 0.06662133065834185 0.028626632339226722 0.04031307826714968 0.07860427668859124 0.008732795244575363 0.07676403580638294 0.0667827854151516 0.07873546112200992 0.08006797124552714 0.06252384460777709 0.08197891550025048
5 0.006315744156990089 0.05603946746372353 0.054028343431687345 0.07992374320429742 0.08769586856184289 0.08133009380746915 0.06819641807433298 0.06618235380115593 0.0375323290741774 0.005227536143491555 0.09904464079874813 0.044490731361698836 0.005557304362236796 0.04004014310556629 0.038284370596183954 0.08334711413157228 0.03129206106116891 0.07639365751979373 0.03727497710945476 0.0018031022344079746
6 0.04927009010267944 0.021097681876008967 0.010157660257942467 0.05324043475556035 0.06016310392030243 0.09194907071227482 0.05621906814590873 0.08148995120277587 0.08272924438437006 0.03045336441037126 0.026194300731228238 0.047123868879342314 0.04237498641274111 0.028643005120886373 0.06347036551746746 0.0782169468303945 0.009900919568079885 0.07951760748182864 0.009366311342078762 0.07842201834775825
7 0.07001702615400376 0.08925922173455923 0.0026601905276850365 0.006678635135652123 0.023534837573416637 0.09927510871641541 0.018345516406679786 0.009121245341211372 0.06432571839762018 0.036369358940744126 0.08147629978669409 0.09077328261517725 0.06405492850345085 0.026860564087709236 0.0656841371376378 0.0007842533118956686 0.07540124488698538 0.03371652077319258 0.0861671335893584 0.055494776379910904
8 0.07481370971772777 0.010102897575378475 0.057326399002021466 0.01779774778791816 0.012478459475007576 0.011490498652180294 0.07206805143635724 0.042058331830278364 0.016617336230876335 0.08083848815870753 0.016406123644492208 0.03827710295823618 0.0023175762169785463 0.009792158832953334 0.1236534738367524 0.09601108804744472 0.09258196162103356 0.09806776277427216 0.12258044016375756 0.004720392037626186
9 0.08668081065200227 0.054096325116585096 0.03625036572932903 0.0057670756053924315 0.07696104237333184 0.06764795478608626 0.037808835529727004 0.05660455218444591 0.03183995435639411 0.07452902701794269 0.02819256960935091 0.026682869208596076 0.04907948610682801 0.07409921061881765 0.039905255072284464 0.015172787322583606 0.08736886962555929 0.014444148452559931 0.07109899393614572 0.06576986669603792
10 0.03390825078020168 0.04819310247753232 0.0007100284759456449 0.07637277088584613 0.05557351135267694 0.03027150152756371 0.04744886734120543 0.08826804903444188 0.08972191175934556 0.09418336641167775 0.09366486131850821 0.07110348430970144 0.0673904342654199 0.03822284677362009 0.06907061716346348 0.0032696595880545047 0.010487709729315996 0.010171268078647834 0.004384147220475654 0.06758361150635576
11 0.05186820153941011 0.0641447005924734 0.04054245500955071 0.01356035179251224 0.010617597326588318 0.030306081724956878 0.05740045697349922 0.0811845203226316 0.0622014204074608 0.01690090481814089 0.07505407163437669 0.017422874344947405 0.08303758270547622 0.053122210678645955 0.08667352910477756 0.008045946934508302 0.07891490561666062 0.0427028326903706 0.0781544177690115 0.048144938014000896
12 0.06635626842142829 0.07450048969570232 0.021125000911941527 0.07365682380252332 0.036309665605251555 0.0015937487934788975 0.02538325107886428 0.0875585307944362 0.07569636452588814 0.07628840507547897 0.04355823907780259 0.04955142202295687 0.02790795736253384 0.08970695945953551 0.060977598784780755 0.0717268882222155 0.012595519330996452 0.004345684457640023 0.04217852012516125 0.05898266245138346
13 0.006936621369619433 0.009226322809635125 0.07522228486098852 0.07659652298201383 0.06774185163818584 0.05477654705739087 0.09850247640727271 0.08463266339217121 0.08103866764079358 0.0043340624040770865 0.008411084503949926 0.006282381519497016 0.06960043406283098 0.07347600433968134 0.0365246991898277 0.06575573410954244 0.07165908005995142 0.011610398053036637 0.03982359157379659 0.0578485720257378
14 0.020622380818488203 0.07860812063920818 0.017090365721892892 0.015886083634738896 0.09309786749084072 0.0590527207087472 0.03348097862609437 0.06193860167420441 0.04750466783708853 0.08333053364967818 0.05251780250935882 0.016067074320224712 0.08793169683031497 0.004034721703576019 0.03180365519505498 0.056697247586699376 0.0930977998359134 0.01434990938537723 0.03849098785483012 0.09439678397766887
15 0.045014790905075965 0.05401916864033707 0.06961536085323232 0.02284140457065853 0.057956966945858085 0.09547993934692255 0.03924520706228891 0.023660640246908296 0.014624579641664942 0.02858428488656199 0.06920222946044535 0.0913180193729899 0.014079828225993905 0.04724667494167207 0.023120594733768395 0.11548349300077582 0.06585151507650362 0.05793403625057465 0.03326452215936651 0.03145674367840093
16 0.0560130524116255 0.06973854692013808 0.07780006304656689 0.06904590755463051 0.04381428757186794 0.023823218295360795 0.06389677484774813 0.0554774919327742 0.07479152481598114 0.02148487619850491 0.030137725865068195 0.07480559734729672 0.00018038928313645825 0.05445037674261862 0.00759850867897028 0.06628434852634382 0.06868548882209538 0.03473978478614517 0.06856860762946337 0.03866342872366378
17 0.029582020826854943 0.02434284145337447 0.07556183915769601 0.006425483525966733 0.057655124336225 0.0838049994125003 0.06639823862605734 0.08933163446039633 0.05108521830205087 0.07595728468747531 0.09142628433735425 0.08478015720718714 0.05285971514454147 0.011449554563024355 0.056869716609135694 0.06513928665730381 0.010024618241639062 0.02104981261958097 0.00895814202570775 0.0372980278059282
18 0.08915915985952277 0.040875633625846945 0.05395946165585851 0.015661619163696378 0.06497077412729771 0.007086801750482719 0.03370387854885689 0.020503621125490177 0.06450528173356625 0.09818764002087035 0.02853787003829436 0.0790725889011186 0.06989940211105387 0.01191074534800816 0.10886474430981656 0.04814806785828676 0.027080608334498345 0.09062740882714465 0.04641983369639277 0.0008248589638969317
19 0.07544016697990646 0.04409195736170896 0.003156530892678557 0.05831633313993188 0.058997175225733854 0.007454971019132321 0.009099394388661471 0.05869220401333153 0.04944889210129259 0.03446536821319281 0.06357309008686389 0.10344357317620034 0.08955406517642561 0.07389507490977076 0.07675958482126094 0.10415815975504147 0.02254110486962685 0.047680963934452286 0.004800654041154031 0.01443073589363339
20 0.030447348625576628 0.015288960456260253 0.056719343666799725 0.03884568280418942 0.10850030905529517 0.02301709902385071 0.09059631732600233 0.04772514984884324 0.12439451870955091 0.03756854801380045 0.018868937680068646 0.06458242816203898 0.009111523099035278 0.03696557657288356 0.04423371086139784 0.01114146752814997 0.0857432927034139 0.0162632954017863 0.042658282290132486 0.09732820817092411
21 0.029729236263132685 0.11989382579685812 0.030447216953555987 0.015302697197390205 0.06516637412766366 0.02897669222926723 0.015943099764909503 0.00834606534859959 0.07273971529209831 0.07908909184068512 0.06172909571280235 0.015707510378730787 0.006083456511772636 0.1187798575396373 0.06679831896775744 0.09962434672391031 0.022912970744905233 0.03123038752625163 0.02298538700255032 0.0885146540775215
22 0.01594131874164724 0.0707127415341838 0.06738628846380437 0.09757788048317068 0.019919345988117978 0.028051953970841315 0.02443007166385034 0.0440927268874589 0.08109060584892007 0.05252560899107258 0.02698821124937434 0.02604350417280269 0.04791776831676528 0.033863650109985474 0.10256018185660927 0.017562781887006225 0.10435359332947833 0.10587341545319015 0.010366112416240827 0.02274223863548025
23 0.06481754083620536 0.07124929641141274 0.002966695229178487 0.04948785529188462 0.09533982650775064 0.08939363896958283 0.03443154959056411 0.08193825218462797 0.06657846252325168 0.03945162449800382 0.06669807434882691 0.019977140593318732 0.0018892967470806954 0.10132528499764736 0.0008645583917287795 0.005457747245104516 0.08443171823275501 0.034566784273442716 0.05540648039760005 0.033728172730032986
24 0.04542564970100524 0.06499114087605484 0.05072451462755657 0.038491426975106935 0.027529981014058867 0.06908333530732266 0.08854382355473613 0.07481966553358228 0.0804302227454567 0.04047312348486684 0.005251738784320023 0.03773323239053783 0.007152836959450873 0.07087986581521215 0.03239303020072694 0.08640662048509148 0.021492964677095733 0.05094872387158411 0.07770600928921961 0.029522093707014134
25 0.04178921801305551 0.06637283944967833 0.03967331264038478 0.007556737194911669 0.014840723473604073 0.09003158338322542 0.047301032744871505 0.1274256823180589 0.0842745687313844 0.055179862841571906 0.0367185806452818 0.010225856778021254 0.007269143694125796 0.05940113160363469 0.0694961613243293 0.11526662938446765 0.07869238421618265 0.0011594420052186158 0.021662053322457662 0.025663056235534065
26 0.0024369921359376234 0.022993246052632227 0.033609403974414906 0.07014330413114023 0.017004266060731375 0.012168354918785004 0.05628743120722344 0.08761931288309403 0.04936314076269678 0.07037106402970306 0.028334368290837065 0.03798508238312156 0.059688843833124665 0.08293280785213321 0.08742518364302604 0.052791484936494264 0.04824801881509892 0.07290167655719229 0.07637769637491995 0.031318321157693216
27 0.06013013720864618 0.07032147754013679 0.07240575421536727 0.08468396894488282 0.07608163973061714 0.014779034480514505 0.06616004030316304 0.054740252860465785 0.02196486181511932 0.016745731189601057 0.004007530221992742 0.0684565260594583 0.03967660900896599 0.0660105898916329 0.03962189798444044 0.043964254075407196 2.441689706345678e-05 0.052724582249601123 0.07291063940909097 0.07459005591383315
28 0.03726309353672521 0.010927693332880142 0.08887141057682468 0.042832571932777945 0.03651444754266401 0.011785468950955894 0.040618307664229664 0.004230902787147561 0.017829811289701594 0.08899107887576369 0.09979574691987712 0.10596044596304761 0.021187434139687357 0.011053809730051796 0.0466973311170999 0.05442050690717662 0.07325220728052943 0.09272161240062554 0.08572293221852237 0.02932318683371188
29 0.04479300008978874 0.07581867479201192 0.08100883600693104 0.04576757182081916 0.03972446245927964 0.0548124936430951 0.049476214867451525 0.08111329587818229 0.03587916570159944 0.06474027244336411 0.052192788628439624 0.04876550988210415 0.007193442024749618 0.025009217376599405 0.05963101334003784 0.05549275862578464 0.0613594464966551 0.033133163622848134 0.0407652685237121 0.043323403776546164
30 0.08176076130994918 0.03488658968208915 0.037135517652118075 0.008429968275063406 0.037324317980720875 0.02076509368544074 0.09539118227048919 0.06309579521230836 0.06753305354740877 0.019548460684689205 0.03048886437334607 0.07745118156634707 0.07235879378702316 0.014091687271727698 0.09241986804522084 0.0012531261140108175 0.03139578617954928 0.028759142877367538 0.0949194539550366 0.09099135553009395
31 0.082886913949655 0.05539865041810378 0.009710714179060742 0.07483571697599309 0.03032668825202813 0.04037476536626095 0.058788906729292774 0.004854051581964613 0.06435153916387136 0.023950459897242773 0.08876737185882104 0.0007487969126585203 0.03804559821907782 0.05261693260506556 0.06140473992808233 0.07687034728068672 0.08602578661166896 0.015597645831386519 0.05692426405913144 0.07752011017994781
32 0.043668942297131266 0.08059639049212151 0.0874804028249802 0.09243140921608012 0.053252742729123614 0.06617314093154028 0.003994596867014329 0.023144578620253008 0.0882573703134867 0.08716924321202578 0.037006819567219816 0.045021310761709336 0.06995602243412725 0.08202514393760037 0.010133159586927227 0.01295235019091822 0.019993848131975987 0.031578236764058236 0.022726586114852034 0.04243770500685481
33 0.007326983142367883 0.07477763185300705 0.007555231983370491 0.08744936473921174 0.07070107353991478 0.0565727569745788 0.0539611368233211 0.10006375774068038 0.08611391606708811 0.09099546715882713 0.006172259788226434 0.04158863503005067 0.0940586996988729 0.0009416683676797059 0.040115348858417076 0.010298547396297179 0.012664436460325394 0.041858092924730785 0.046116728023475655 0.07066826342955673
34 0.06913161465799593 0.06432322291680923 0.034279844230307936 0.05411695423731999 0.08518924768031154 0.028906407338877425 0.03782578861019311 0.026814877898278078 0.04700065930668751 0.04429222461193779 0.057103207810380016 0.04006759900881955 0.07685457600180785 0.061795159989540084 0.015633051224077606 0.05142996277398627 0.07552170871735454 0.06390674857283428 0.06535566835417467 0.00045147605830651166
35 0.043562959120789176 0.02696748665324022 0.06228633886592185 0.06938458840888363 0.020283418638459644 0.07071211117279351 0.043775591804702196 0.07910429411959319 0.07837102286517993 0.0503281687683406 0.08789790128306381 0.010559577248005384 0.05426854807659655 0.02417327336165843 2.481275958189372e-06 0.045850239063628305 0.06865097490045739 0.003977609945832844 0.08149561251627241 0.07834780191062249
36 0.07727709614968849 0.04324811261500916 0.03820570634492851 0.061564952209151445 0.04384689801156198 0.025945728481454083 0.0038159355580030378 0.08789892895591624 0.018473107293985967 0.050937736417791334 0.08367335864220202 0.054097542088811346 0.07579098786775125 0.06652491942864039 0.009525612643446363 0.057708051130490545 0.006934488876455736 0.07959228713340828 0.06178889081991427 0.05314965933138966
37 0.031583480680243387 0.07323287815689816 0.008431843124277574 0.09733408131193969 0.08966123733001817 0.009189391927436775 0.07944377516120268 0.04329262770400834 0.04236821554828064 0.09982843880796058 0.02660900206076597 0.09768377746349846 0.04514725443838089 0.02778256631520971 0.002551918222928637 0.087628411299469 0.010167703462730935 0.10348466396498852 0.003944367821162392 0.02063436519859962
38 0.005723253665206503 0.007172198930235584 0.029947236386343716 0.09520923796391607 0.04938681058940441 0.05209691208905253 0.10114487229960568 0.08437613611714109 0.013086441534248176 0.0982393439200684 0.056032137690549925 0.008171566658647721 0.020806159783583352 0.06704408575251497 0.09044703830279695 0.06200160265982711 0.09558979350577468 0.019095756304148632 0.04304156744101461 0.001387848405919883
39 0.07174618921934374 0.05637517824658835 0.03324699456113098 0.05208321175169018 0.05836747402698143 0.06023905441255473 0.010965607150660089 0.0839644154926972 0.03831663207361653 0.0625755322391678 0.06306461783897244 0.001238238381078623 0.017951452574494462 0.0073614730559219835 0.05916164991151164 0.08696506804375799 0.05186926006352239 0.011529741177965742 0.09216581403379737 0.08081239574454631
40 0.06417537547359217 0.025102446249367423 0.028397723832361527 0.047410415229369826 0.04351967381108973 0.022106694591603738 0.08667472475991428 0.05378218533829869 0.05279675078789028 0.0679312219560727 0.05674700338303517 0.025711875272570652 0.06146290997712068 0.09112315074365189 0.015119592537660126 0.033440178581842485 0.0749415568292484 0.059939769725630976 0.0050896315161667715 0.08452711940351262
41 0.03663562277111525 0.028114972741021788 0.027761183077784295 0.0069516803179308076 0.032515388690105916 0.05883237673651535 0.058466063715780836 0.04959693782374943 0.07918073956341475 0.040434818222114303 0.05490502015695726 0.04484651597928735 0.07601394284187607 0.0038819054603502997 0.0863651792661178 0.04771141667510778 0.08567190190532178 0.06471943593916181 0.07353362312089708 0.04386127499539008
42 0.00021982850142306592 0.009840138061313211 0.0180508396733442 0.035843513179324625 0.008937444838328255 0.09037151012060254 0.01150904885541087 0.10183219055321885 0.10589545313808764 0.010440293921572424 0.005382182554647271 0.11091152927465221 0.12553631650217567 0.00842046664741239 0.10903858445958094 0.009846103069529294 0.07470068364891108 0.09271852516693796 0.03706791603912011 0.033437431794407606
43 0.08269935790167092 0.002242224692238408 0.05645446117061334 0.08465105284151327 0.08247674931318137 0.07493706963479756 0.05398246708556112 0.009040073204909807 0.04038594957162531 0.09620787137512633 0.029358214105599533 0.04136750361842613 0.03279267113080544 0.07163418313582769 0.05968266888599065 0.02842197735940315 0.03286163306329259 0.013594357658842215 0.04534643218542579 0.061863082065149295
44 0.08466828402265973 0.0181736462059048 0.058152813441578466 0.06693377070799988 0.011975595724678134 0.06315277116080165 0.04281484571345873 0.04169907731795386 0.0784224755221214 0.07764822838766722 0.023930475758306056 0.08826120698840506 0.030507042645229788 0.038838186561058724 0.03304601913146053 0.04231768102635541 0.039662371582415215 0.0661636258081635 0.04147455841042475 0.05215732388335704
45 0.0614685054670578 0.012428735270422075 0.08392531692789718 0.0427288028366292 0.0778662855912221 0.035200386955276664 0.08157215601364734 0.0818709411483965 0.06674136740114173 0.08080309311863923 0.03663754470222073 0.032427564219371346 0.024523288995473284 0.028511253524071998 0.0679323127806961 0.03533864875772154 0.003449966714653697 0.03719040598537368 0.030865742373165916 0.07851768121692175
46 0.017078431405276057 0.0062959023906528355 0.04103590969065521 0.041061831654323026 0.09043212114989391 0.03649546152893925 0.06569761775884167 0.018601023831291145 0.10624246561192534 0.02946955368260347 0.017552133998579644 0.10133643879434004 0.06842674203813237 0.07609571439977172 0.06420711527664387 0.05272727356265693 0.05271652629866568 0.018206269251780545 0.005472566076316164 0.09084890159871119
47 0.028059233517805256 0.07618967997788118 0.07712197852120509 0.04724669886607838 0.07234969347367778 0.06500791538560541 0.0751099953157585 0.035133142037312645 0.016355533338295276 0.06164954033276336 0.04143951761656724 0.035547153802684715 0.03455489229088375 0.08381951157177549 0.05903137786949157 0.0032161102949427706 0.043604486253462395 0.07997001195179411 0.017778990582387633 0.04681453699962768
48 0.0022915298001388103 0.026514109453680806 0.05018942162293104 0.014287612457898162 0.06503637880312416 0.023506608109906197 0.0019278781109904474 0.08134374920890793 0.07633538729817446 0.05498409566400733 0.055758848630795485 0.03703547952742466 0.006784475020087373 0.08650642087749638 0.08610290536404318 0.08535239110411591 0.07689963527390045 0.04394794302605324 0.052042650874829295 0.07315247977149456
49 0.048105113718921635 0.0047090450994424285 0.0007941369559044248 0.0800574576777906 0.08217710776227172 0.04997373950520641 0.09314047895961601 0.097842694355122 0.023488409267857724 0.003964361224195677 0.07786932032619462 0.023258721983693886 0.020823105948632372 0.07391004504067346 0.026089295749433455 0.09866094247565985 0.056707613421585756 0.07940056798982163 0.05624870213673216 0.0027791404012442386
50 0.05173642900616457 0.007029307565586345 0.03733445688906028 0.09922590520671308 0.04535216314577721 0.0472253639040007 0.009162551196043244 0.09511329845150981 0.011600288457334162 0.09463057519399623 0.03445615876364966 0.07228068329627056 0.017291040937990245 0.08695243286732265 0.03719716680839236 0.05723691990999186 0.08119186004915026 0.005787989565668518 0.026233012131454955 0.08296239665392328
51 0.05087446222157866 0.04131674881198054 0.021390513059939564 0.0912965841065374 0.08620149551736019 0.07393740903843533 0.06454207781140489 0.11037905278247129 0.06464962874949269 0.06883072783804381 0.08844412962346944 0.0043270500018946076 0.03057273380936907 0.017052430398585037 0.015490223519189078 0.0350225699336641 0.024471654395417902 0.018844972041696245 0.055813454351538415 0.03654208198793195
52 0.07717683920014616 0.058296445403108715 0.0344084120268002 0.024518618713668693 0.07733090811297058 0.08014466744623251 0.047777903498554264 0.07401422366859603 0.03839658692617032 0.0676508473172811 0.08589761110870534 0.03494770316828876 0.08186346907222329 0.02530017001110562 0.04848536765620632 0.0062874584394412535 0.06921285392424252 0.020805370017349726 0.0030754297419255797 0.04440911454698308
53 0.11558480823070104 0.13973361627008504 0.00020673541853682222 0.03858632954919878 0.008113216379103528 0.0980677591005761 0.09755095803021294 0.039687523750583514 0.03703305888980913 0.006629981253972832 0.022001658175353492 0.09278355501795749 0.012084178114668867 0.04322894149851591 0.0058875197935865506 0.0357468421387217 0.023412496218830445 0.1116300964465162 0.05870370562275253 0.013327020100317272
54 0.05942075345779594 0.002892458459336 0.05608164783576401 0.02437527620160457 0.05312087757063426 0.08001325519088115 0.0860231733552723 0.09510673184345476 0.07371922650806197 0.07925623691224297 0.005761444094753691 0.025072288213924886 0.06972563561676576 0.08681913835175664 0.019084429798692057 0.001392688783224804 0.09398147053814855 0.01591018229619542 0.011598266595629531 0.06064481837586086
55 0.09068098415321822 0.004644256813617778 0.07244042040716862 0.07707146323697574 0.014616441230012855 0.01725017067976545 0.09046573789093892 0.03238152578107786 0.03454961048231836 0.020168127993383935 0.05081144916243392 0.08751336046836117 0.07059466526468876 0.05135107845134933 0.02482910315208238 0.0847392230239028 0.056863795696217946 0.061463647503034936 0.04766592456477455 0.009899014044676548
56 0.042061879959325046 0.07984390199907822 0.026842307006551658 0.06331394123603157 0.02989478235202284 0.06686063404244207 0.0799591538706133 0.04495248964902508 0.03423433513419808 0.040069941154010934 0.042277433095307036 0.08079549658420508 0.01509995676052917 0.07865998253033686 0.06674870109612731 0.04282022820708765 0.031113400728350987 0.04505126891797273 0.022255265850720893 0.0671448998260635
57 0.015315727774365951 0.01329052759447307 0.12084843549155234 0.008494376550881482 0.018673203063641758 0.07251715964703939 0.060403529867867775 0.05692640687624011 0.11474395267424642 0.06104933121259745 0.01142068646234046 0.001252414437201509 0.09795531445353563 0.050660523384149406 0.004504615691238526 0.12152062685137514 0.09510259882743109 0.0420835598508816 0.029651465272198647 0.0035855440167422334
58 0.0845737273052768 0.07228730736983201 0.004482927112905822 0.10282483531930378 0.04280173279581781 0.027546969781734144 0.07583341060082072 0.08922225263631499 0.0344228590656475 0.024254443717938303 0.10620601891807924 0.02351831510060682 0.0570800128199262 0.044060984128765635 0.0753753828861247 0.0026889358007516316 0.017754994583884333 0.0037022214104189843 0.06859130773094228 0.04277136091490805
59 0.08261458739542722 0.05965966982867255 0.03683816511020091 0.07321162655034048 0.03397367508744726 0.052340194632956714 0.04334960655454792 0.022690707160168296 0.0466361856804223 0.0006456464512692719 0.07787787600528512 0.0598220404844849 0.05184992044620736 0.04544169506378151 0.00269992741496178 0.024256259219788412 0.08516824222041043 0.09272551392449825 0.054668925292109705 0.05352953547701971
60 0.11230210212791739 0.01430557974583017 0.040749283462588416 0.059074025106844195 0.05290931007891134 0.008317385572202787 0.03669443863188746 0.027910630748513774 0.003109147926909639 0.09402625582390182 0.05078373034412295 0.08578570894730293 0.028348402653272643 0.10250820352066749 0.045331742494061 0.04564107308854086 0.08548860130012241 0.04221345583752077 0.033651791514391904 0.03084913107448996
61 0.04248908707685809 0.015503570673699663 0.06455430527473062 0.03285014069349002 0.03505769424312825 0.07940405610857638 0.00939753721251023 0.045922362222489 0.0773277745708983 0.06937963467114336 0.07974951179177522 0.014687693679365219 0.04319479019868368 0.08130153031594489 0.06705612064335842 0.07498109013902318 0.02428009533562922 0.07139026152006848 0.008950979000116235 0.06252176462851164
62 0.08166076540692496 0.0010848964734112905 0.08381047124510352 0.08263077674326222 0.004737565858182372 0.01847167808335226 0.011497589210836705 0.026478354132119238 0.025991364907415854 0.04136215621428839 0.10050397517903033 0.041361594788204475 0.09602780749132427 0.08210394419472994 0.09458949003615442 0.08252178119146719 0.08757000838273357 0.002858420318503847 0.025307930775747896 0.009429429367207136
63 0.07187818116304862 0.0697002770323532 0.029536922590128467 0.08126046371334535 0.029985129861553852 0.02027017948799089 0.01522825566982184 0.05677311489845353 0.06686268667437094 0.05941991859676936 0.028210959764079186 0.07475885952798937 0.041736029008827474 0.05647412769643382 0.050554815980175916 0.07643602373095897 0.0007141930889821989 0.026064178718768746 0.06975791294976547 0.07437776984618259
64 0.020083112308174396 0.08527159962713947 0.04110924826779404 0.06374681545352838 0.04234235926816574 0.002332484525480321 0.08317857890915493 0.043418899488294874 0.03723604451178737 0.01698948097176206 0.08267147358287637 0.06097649795582655 0.07247728854746655 0.008334213359386033 0.06166456086798351 0.08151824470503884 0.07883447963078634 0.0010630788490284008 0.0754365923347511 0.04131494683557463
65 0.10149735968965243 0.06459219583768962 0.011317483930355617 0.04205559155330138 0.012874024240989707 0.06272272721476471 0.024606497892272036 0.08578098736506422 0.03289305440721109 0.054773196577523116 0.08838570968701778 0.0952904060867151 0.0447671028715612 0.05167544752575509 0.04603095553082822 0.0222486246779963 0.060671822536927815 0.015972414492491923 0.07050505654658387 0.011339341335298977
66 0.05423048979928515 0.06249679816647659 0.0030169043468064208 0.08714483889902855 0.08194754208235913 0.050994753000875075 0.08678592837243738 0.047171032154770476 0.02450133160850536 0.04565454374986211 0.028004380116154158 0.06249110141988365 0.031138476895709775 0.019284207137451864 0.04321259154672384 0.07517820480369464 0.014221086285966062 0.0605150996438743 0.07135280264489044 0.050657887325245114
67 0.07683699191504668 0.07519143791250249 0.06390241070027004 0.033889958146353386 0.07114798660549043 0.0795434425595384 0.09281648872532383 0.08795144402622636 0.018311155044116477 0.05573958464375968 0.059224449063279595 0.006642707764302655 0.04807840803010608 0.022744225203364266 0.0414790300880161 0.06251145536775467 0.013877732853104712 0.0017662530202179126 0.04953131475596418 0.03881352357526212
68 0.00876638475027574 0.05278553964338323 0.05789600957144963 0.10006327438748018 0.027028533466068306 0.06322760658081535 0.06144094205541619 0.05048080324511646 0.07711303615889027 0.034364236173042496 0.008292202646940626 0.09132575386185735 0.03165371885373929 0.0682537036877217 0.06798685627671167 0.032254374383202396 0.06627475188429498 0.013053482054607839 0.06822587130573646 0.01951291901325005
69 0.07163054687419966 0.054053046839300026 0.06852690982307208 0.016910909506958036 0.05345496640699167 0.07503454794930169 0.019865998589721597 0.004464337411364126 0.019153337758400342 0.0686225492543949 0.04140770873455082 0.04337998745496386 0.07353146957355884 0.019096567864072125 0.08423111487927286 0.07859753970195342 0.037895594720574924 0.04704748038720711 0.05530329862606459 0.06779208764407717
70 0.0299710161320281 0.0989819613807888 0.05622786319533315 0.0021257905396338673 0.08065770798005842 0.02930326272497574 0.023313727238647032 0.06902390434810553 0.08889511393483103 0.03637421668964158 0.06625470133658133 0.012237399011094137 0.03458140964392951 0.057525392196198996 0.025097831884939796 0.027047093099538212 0.027381885673931725 0.050589733034545975 0.10790846233225987 0.07650152762293737
71 0.06192462230617837 0.01261074292901379 0.037965319429418484 0.06506891791735077 0.0625675685087214 0.0027067609489186254 0.07672826250986753 0.050976824220028284 0.04945901791970748 0.0688892962993251 0.07109969548693945 0.0693245608636124 0.058277759858676295 0.03951372049422358 0.006320941355222849 0.03941632551740407 0.047349483546908606 0.07862913835819507 0.05489025758994334 0.04628078394034425
72 0.09121008579255238 0.06578378667598113 0.032219358050348416 0.021808211358919083 0.005232288979324672 0.06633836457742678 0.07372636237808863 0.018856598877097334 0.01939019125723468 0.05461713647728288 0.00653329209349537 0.08750114673919561 0.08642979466352671 0.0007422898039904549 0.060167720601581126 0.07010187751809074 0.0397685599001956 0.0850948378026157 0.07641164112980145 0.03806645532325135
73 0.07487101504977046 0.039854776610678086 0.005527193108880482 0.07980163568673049 0.00823972059956304 0.06449556184875127 0.02678905174465323 0.04921455038454233 0.04917159834109174 0.10060654194201592 0.006245298050992094 0.045522951695285405 0.07393082245506079 0.07851679616448837 0.01973662287592885 0.08919789210681807 0.09312542328259589 0.03366148755495454 0.00273052765788733 0.058760532839311666
74 0.05523992068124945 0.004901006908745539 0.008014485483676207 0.042879670713001326 0.0009644821836382269 0.09462000031863026 0.07466285887052788 0.02026327567625422 0.05560581045291109 0.079780422518356 0.036631657940528535 0.06976656737570348 0.04993932023902374 0.08175169205035576 0.0625510453104388 0.010576299026760883 0.036927287967289016 0.0905772486324462 0.09272787309387122 0.031619074556592026
75 0.004324404264999829 0.0462363030060577 0.012046691343340932 0.05593141656260326 0.07079577784331888 0.062070330849555024 0.025817631578233507 0.051928203127409554 0.050401157704138576 0.06718474339159085 0.02318399416115294 0.08776367062727554 0.07623476533133161 0.08456094432709227 0.07757597455237736 0.021715116085709564 0.003807765655027756 0.08673211170104103 0.03792686958005932 0.053762128307684676
76 0.001259703297502277 0.057691326324287105 0.098656308532557 0.09152837939393696 0.007246087936201754 0.06538804084259256 0.07758557147775548 0.02767285448057349 0.08796251296441154 0.04575287949187817 0.05055794741379985 0.03158438628349127 0.005496903462622249 0.04157986081185044 0.04247916853898487 0.024937473090873418 0.05217533694032043 0.0633165898669274 0.023697625575949045 0.10343104327348464
77 0.07022169856873406 0.06311529856163618 0.034582199158287995 0.015670889654030698 0.002861015059170441 0.042042139956406675 0.05414312738280617 0.07557642188809863 0.007473173630762364 0.08640305923224767 0.05979029783799531 0.05705301794602919 0.00819644765166464 0.05081299450198821 0.06638724996947924 0.03523348404173778 0.04670203375258939 0.06961008213190606 0.06332568764578997 0.09079968142863926
78 0.015324132763013481 0.04492602633521407 0.008688668616120698 0.09039447012930762 0.07304935956608846 0.08727669827219547 0.06075469630472965 0.023633227243225474 0.06919052832508167 0.09214114426490246 0.09234248054269448 0.07121735140360637 0.012794222747431323 0.03521981410903031 0.01998081619743393 0.055420246070795494 0.03589025271808695 0.002825407820747891 0.06068624950187783 0.04824420706841641
79 0.0269023399843182 0.0793695425019904 0.052008904854833136 0.02722244472257204 0.05383497464860909 0.03841105612556685 0.08120106306788044 0.029490117017763877 0.07286752046545031 0.06361794004773305 0.019372930836480715 0.06316532028902677 0.08049373170551208 0.04632214980595695 0.06974781346288086 0.0415210982386187 0.028115072848850644 0.048048496597465115 0.02105264955692601 0.05723483322156467
80 0.060209817871655406 0.06267305726828677 0.06695553385983642 0.014906146339733868 0.026845976033685284 0.018939765304216885 0.026313906003457677 0.033324096815615704 0.07981544794916197 0.07786066717303589 0.07928618195247186 0.07933966621019076 0.01246637912015644 0.05896733285364038 0.005267705826435178 0.053592580502834185 0.07709020493404621 0.024806231594408937 0.06943204551650636 0.07190725687062365
81 0.09755901767292778 0.02313872342444203 0.03553050460652792 0.06046416818700675 0.0036864274232279184 0.02444836852161115 0.026192292721417557 0.09397648895937986 0.03133468325385546 0.014418173175814999 0.09182944515103172 0.06008683191018751 0.037988330997529435 0.005337371069723501 0.05623465445285815 0.054360768201204376 0.07348410948121267 0.07848322449356342 0.05452135691364757 0.07692505938283042
82 0.09785393899407639 0.02718596615294029 0.044671450104664355 0.02310890123879873 0.02308505183727215 0.06211790695849735 0.03865213242240239 0.043932728514693854 0.08460304229377316 0.04571831634022871 0.09009477858573452 0.059106096601312 0.009410707561422378 0.03577767252490274 0.025940709998733495 0.04635054935093726 0.017780830582828148 0.06744495453974785 0.07896581891887414 0.0781984464781598
83 0.10050460977120064 0.10217787611984552 0.048981423118562344 0.013909028138888573 0.0746064528622744 0.03964236352922124 0.032594957313070404 0.006502683922330406 0.05617509293298902 0.08531091131388335 0.002761425033031346 0.02202294697165721 0.048225544970036296 0.09017128506975863 0.025464796989075736 0.07814541099858975 0.03314428725333353 0.01769441244961857 0.03608768248908635 0.08587680875354663
84 0.007745840528443723 0.018820762569855466 0.04869128074275617 0.028049641361954 0.11290602301104895 2.000697159656088e-05 0.10036216144317757 0.06476472506391538 0.01686684715644705 0.05279805871902972 0.03650900115515046 0.10043648531196545 0.04830090133201957 0.06352032430189349 0.05427466017877909 0.0671015083389574 0.02918839068021186 0.09387731470134869 0.002409736623472678 0.053356329807976575
85 0.04563465363398576 0.041620568939298684 0.037893639848884185 0.08388422431589224 0.08561507049488698 0.025061379415582435 0.05885655451752761 0.004731645807169658 0.043303588049687605 0.10043566804378966 0.030111514313217045 0.06213535687631206 0.015126522441908553 0.07994412737357856 0.06295862825944638 0.05489622417873888 0.00424910892739822 0.07738491942752022 0.0703853492300711 0.015771255905104024
86 0.046682694945753396 0.03947702215584407 0.06586948463822222 0.09703159109340807 0.001634823838850207 0.0010937995062045409 0.03666682055847528 0.053904927897480616 0.10448957300802018 0.06181205950055797 0.07854019129660707 0.029863151271368956 0.004697787297263919 0.012082595178484258 0.09287961646660782 0.034726969911164245 0.08949887764926547 0.0790623008710525 0.035356063474618685 0.03462964944075066
87 0.04344847604086779 0.05245413096417927 0.06109247809869835 0.035485987209189385 0.11464541651768755 0.015594625127203002 0.04811890247072352 0.05491597883050551 0.0553085351298326 0.11138913680660849 0.0304182633598334 0.044649782015009895 0.007362466543893716 0.03387538871997095 0.008628865537783695 0.050180899766786045 0.058768119359384606 0.08074789788870979 0.08337060000343882 0.009544049609693583
88 0.015164238133534636 0.08219280918517584 0.008383409128163368 0.028264939456908524 0.08762052544351247 0.05784066149261318 0.06092722931233621 0.03118121288364215 0.07582390685027718 0.10353320899357651 0.08437204465901299 0.05406018505634647 0.02754217340190575 0.055761653498021514 0.03860714771165821 0.004280383400122567 0.07063270325642779 0.016095518208166397 0.05911819306237047 0.038597856866227735
89 0.0021409620214413306 0.07255824611799269 0.05657912079764978 0.09485128107599042 0.057804569526044056 0.09860160691618353 0.01424270419455 0.08568759815595915 0.04731885260315217 0.02998449523043046 0.028907892990874696 0.08678156895464448 0.008870100382909089 0.06654610507956409 0.0067937489330556055 0.04013320426359477 0.03291978071619389 0.06631868009720396 0.05027086049935902 0.05268862144320699
90 0.08044966425203824 0.06187042641958945 0.01839263677696424 0.026725975951365267 0.011594644799454904 0.013099346787544442 0.06567681219665668 0.09919369228199099 0.023365850476200302 0.08520001650579506 0.04978805296249451 0.04416112339322843 0.08632121455602307 0.049624001097497615 0.09516851787328956 0.022840916048951054 0.06155799177496104 0.03776730367086352 0.003286248159196633 0.06391556401589502
91 0.09435609128845446 0.08144275898099507 0.07225086949710702 0.03618600687256458 0.010419078875884197 0.03961342435826116 0.037515709222655166 0.07896378857384974 0.025944114264067345 0.05401936745355242 0.09611258137797775 0.03386018180818338 0.05918119038495247 0.03160173346145833 0.008983930548341509 0.05623703554899713 0.012768909631598631 0.045509777859394654 0.028178482723558024 0.09685496726814688
92 0.06858728587421288 0.025812567822717025 0.05807962065818839 0.02981222370968494 0.021204295388576294 0.05741312172359344 0.02255785426049263 0.10205512396938612 0.07831984655633485 0.04604992259956496 0.091887132850202 0.08252412658766305 0.021678014891597704 0.062171909503150685 0.053362673194024074 0.02213918367558828 0.0734528738178931 0.018134915168129838 0.026456152523534195 0.03830115522546542
93 0.09695651803097861 0.09679580164429002 0.07137346226686288 0.044719970412445964 0.019886742473415178 0.05077164579075744 0.017005912937326038 0.039357622251849717 0.010879444115826318 0.030093409717785992 0.0671531096684932 0.09328491130816338 0.08438261977947557 0.021304968100922292 0.041802310794087624 0.03776466650620191 0.029657961073667933 0.026372091792060803 0.041644710399469424 0.07879212093591956
94 0.08873484442410946 0.048120050269963584 0.07854010082862879 0.04474950112605726 0.08354649203820365 0.05074842000991827 0.032188664855066156 0.058800220213948116 0.0015230193284449375 0.05362679288833848 0.021432086774028174 0.045383505998707135 0.078958283492373 0.056388972575759165 0.07967273857157987 0.06467739543722993 0.009748510415319616 0.025015660038324204 0.01986826161862253 0.05827647909537748
95 0.08254192261556988 0.10105232280411142 0.0021073178030067484 0.040888282153250056 0.020917865771733386 0.0885268021230245 0.0057619909630229555 0.015342328876226802 0.04202236050691362 0.044385393139379684 0.08672089341672917 0.016040404110341067 0.05289386342737127 0.08553875427814973 0.04425377804864109 0.08464240260155788 0.058223583746298116 0.05148780593957292 0.007960130454960192 0.06869179722013945
96 0.055408138569814275 0.09075377387528942 0.06069400160788856 0.04331994134562952 0.09530379208987717 0.02638737042400318 0.0007373539854369861 0.026599148974671746 0.06420441426810665 0.10935517185093473 0.09231352544872785 0.0341537603461394 0.04910930792182991 0.05022664300238115 0.03630701531647074 0.07114838210059696 0.034890221533593745 0.02686250283312912 0.02640266558572094 0.005822868919758131
