0 0.04024524224241054 0.04475077612982564 0.06323178350441189 0.02028506443669228 0.07900793755281107 0.0428947497730454 0.07669725225055807 0.040258559256156956 0.015942798907990694 0.07837835337982882 0.02811103146992957 0.019197434166245572 0.0786138930133722 0.06658288447312252 0.07656523514214192 0.01122636490963053 0.010231433272439626 0.059964966782643875 0.0857633833235921 0.06205085601315082
1 0.0010482838293019274 0.0008060523512249661 0.02522574785769821 0.01608552640973768 0.06060230792724596 0.08053420941107996 0.06500915660382846 0.04928944059579484 0.05856156364053251 0.04756640744025904 0.09838013014752556 0.09440061091969049 0.041063220447983474 0.08261534181380006 0.051636449380968744 0.07066874451785225 0.0012103630701388443 0.030602747796428287 0.09445800521129677 0.030235690627611972
2 0.07177167053287357 0.0931733069902017 0.052053826335936075 0.011261676428153082 0.08926615556699587 0.09534787538622062 0.057696124145047344 0.04307315954658501 0.025460632933589036 0.0873668543194932 0.02814744729335109 0.028780763328761356 0.04637741888683875 0.031810295296715224 0.019451675828894618 0.019114971999304387 0.02694017303766462 0.013047430208974566 0.08837130188352141 0.07148724005087839
3 0.0291938188541477 0.0911117597710193 0.05277013300358305 0.06841906721636018 0.04527969804911717 0.038272094853468094 0.08935465984032111 0.04140008868372676 0.04861288101721172 0.015938749372103787 0.12243307482849364 0.12783739087092888 0.07921617299351162 0.02385032835242131 0.004207974389178487 0.023651454343039953 0.030170512160863028 0.008352770483097474 0.04852690236346665 0.011400468553940196
4 0.05593752299199415 0.05465711642779395 0.020461907207330352 0.08407886084584633 0.041256561924319944 0.07467740913011442 0.04002231630076693 0.019607882535788622 0.09318134906271855 0.0003217470345954879 0.03625326338203669 0.06750892584914374 0.05261289572922347 0.03992582471323128 0.010269734954048232 0.07063215532319536 0.07355459264857749 0.0427698368260622 0.037599855791048666 0.08467024132216376
5 0.05445110236317207 0.06146262371615389 0.06323001909574961 0.043323929822916066 0.043413154443728 0.022278581095825305 0.0686652791609759 0.08085336578797682 0.08284484216050282 0.020879049450167934 0.08566806105942297 0.056495483877816575 0.07453886731259458 0.03732183760062671 0.0018855732478933083 0.012796754960091165 0.06010399137872304 0.07013869963347115 0.012062499487529603 0.04758628434466234
6 0.04266584879248339 0.0009692064807934849 0.07465682395300179 0.009488910232564875 0.006227537756020033 0.04137967196231127 0.06357080156688875 0.05148669156936398 0.0593601957673681 0.06732995031794951 0.016395489966183098 0.01899630809862903 0.08787244551377868 0.05007031003994859 0.03356563234300084 0.08591802000494644 0.06446481649336377 0.052190455779830267 0.07612144165373555 0.0972694417078386
7 0.05815658756182751 0.08111568159075785 0.04936238699246079 0.08575091099324712 0.0015792365597688742 0.03655517689025987 0.0027554056804786255 0.0028719920948529812 0.055559064185988966 0.029701281473814758 0.09862734802604832 0.07677431855970061 0.0066159228828769606 0.07469532980520732 0.01866523945820414 0.09235315071159758 0.09900439732226499 0.05218486667817012 0.008814926049295064 0.06885677648317752
8 0.09639328661864764 0.06832055679892791 0.07001719910936952 0.04286362860986587 0.04990900023691549 0.05513135111268391 0.0793654545186648 0.08926240447036014 0.004091598680290492 0.05561503689528804 0.03452234120565779 0.031142936910538727 0.040443511281495106 0.02702150713904414 0.025519572713233605 0.04538568903347734 0.03296152046503458 0.014045930625616798 0.04264908823881232 0.09533838533607585
9 0.023010465427840857 0.04507542721721376 0.06564296994970849 0.03778393480678366 0.07824736867487103 0.08308152098236526 0.08396547549427757 0.00672128238622472 0.011421932479441453 0.0682031655462323 0.04816294619051968 0.0326786929698058 0.07726438384545126 0.06210602362826149 0.028171562172554437 0.07885581842288465 0.02081083401495949 0.061523308636316755 0.047586758515333324 0.03968612863895403
10 0.07014905522407144 0.04330670222096698 0.07994617943404164 0.09156339140747068 0.0801670344335941 0.047579404619753594 0.07296958920579442 0.09138986562951301 0.036887218462989646 0.022050810788987355 0.008846203372349554 0.02530375860610739 0.006203647430433612 0.026301127138192344 0.070913370022347 0.05670104551025566 0.06355593363493744 0.05121086573005682 0.03433116639345449 0.020623630734682614
11 0.018552598647172337 0.01943066289855842 0.0022301740789689513 0.09786003334524845 0.016030458751259843 0.04999062247393301 0.026722001863900325 0.06156249987968496 0.029123967553419224 0.07191207541494517 0.04624144640617031 0.10195683870902686 0.08212926236847579 0.08941117262635043 0.04012354273456689 0.07557650358564695 0.07467857386135691 0.021126970817855407 0.039114064595261934 0.03622652938819796
12 0.03384895213456507 0.016871117257341237 0.0671465113754533 0.07504990656713269 0.09397654144422359 0.045510802118995344 0.023855701388878506 0.04795735694940061 0.04105285440137577 0.035366098329609914 0.08699433947584316 0.033987184465524754 0.020984802599312388 0.07120503281453454 0.09082123582094598 0.018607280807635355 0.08747178282268753 0.06852147913600355 0.033783877957148614 0.006987142133388123
13 0.026190879548449147 0.0848582011281101 0.03587569274858121 0.07706434057259477 0.09567456091972414 0.10032158388394918 0.03463997418032243 0.020934838715547223 0.05028546254351371 0.10212548898760306 0.02721488481611228 0.0028954243209020876 0.04173271925915175 0.07027472354585326 0.004564630811306507 0.052547829987096784 0.006635217016894435 0.001818479804830117 0.1109165986733864 0.05342846853607135
14 0.07837207406633102 0.03459810224923208 0.028443056686358024 0.08574564011317046 0.06623185016239704 0.05473938712005849 0.06522002495272772 0.04266538032228842 0.05663477492310009 0.047096153435456506 0.04032621433937966 0.0710849754108076 0.0834048149855439 0.011367356698824728 0.02189920933914437 0.05952379937549741 0.03347819332938844 0.014078299157756286 0.023822393863573047 0.08126829946896472
15 0.04384287522118128 0.05031055724264777 0.06891409724635726 0.031168457440618223 0.03834763694852883 0.04332821797023503 0.05340594352117801 0.05841453804776153 0.05239480890816295 0.07774225884155529 0.0014412969821528956 0.07155947153894468 0.07672291685621177 0.09327009341332275 0.06684349033197715 0.03497920887933396 0.017370382196425803 0.011784902006535312 0.05115383911201361 0.05700500729485579
16 0.07260082226655966 0.05947350690923482 0.03123108543943604 0.05780017244315497 0.04930020009987457 0.04611473356895497 0.05518679226573757 0.036178829829408406 0.06130592322614234 0.03152541951415219 0.06804965818734914 0.05336195702466269 0.06149181476701952 0.022700047266018264 0.0066366311566287365 0.06544138780707613 0.07617729742786537 0.06977545628988914 0.04012024871894847 0.03552801579188713
17 0.06835574991181027 0.04255038572832674 0.07522178539063029 0.05182102978430225 0.07024558693991671 0.0402828814390022 0.03273317896400628 0.011665975717985342 0.03933959868226268 0.07966396677836973 0.03113500492547076 0.028906128971595668 0.0689834269497512 0.05456465794144327 0.07969523437662526 0.03895557646626527 0.0070301502816977135 0.07545537015880244 0.062304283871566335 0.041090026720169745
18 0.041438124959508126 0.08187741403125678 0.056973634530253704 0.06761360886547715 0.025269422054673685 0.07440367459923311 0.05477377823815272 0.032468114209039306 0.07380469779110577 0.035481375967859274 0.08507251734640273 0.06770803537163557 0.04208299973742801 0.007519981727524766 0.07648641515882067 0.008075867410910256 0.0572570726909501 0.08159500001066203 0.019241368628366975 0.010856896670739278
19 0.060846396079320436 0.05172663200502568 0.051474648014172064 0.05835894652232716 0.007296468089587899 0.029804626762847473 0.10014253218086544 0.043614964577955204 0.006621635130866871 0.0030501625999298666 0.043038088500256665 0.05618780296190694 0.025454026128588304 0.04247723239925308 0.05827402127371283 0.07680466327487762 0.06438414366476831 0.08776257170743461 0.0290705475616629 0.10360989056464061
20 0.09233374661401976 0.04388907409842221 0.032082046652798776 0.0202563220346686 0.06331831022905982 0.05116054849387327 0.08892521563586306 0.0817715035746131 0.06838292559887639 0.09538559137488857 0.0010352436737731292 0.07354148062179904 0.04074542653724479 0.010628505890570638 0.050617863772312 0.013057226417753715 0.004296893940887136 0.050011791942976516 0.025336358937140133 0.09322392395845934
21 0.03948136396506205 0.06326280392410723 0.03550127433583178 0.023010553908578743 0.004087891746446925 0.06296227453774814 0.06371588599231533 0.06092146860449537 0.03147903067013301 0.07620506290048655 0.029186526242696614 0.06415022463001392 0.04027221034027097 0.022663087251986118 0.0633629491342707 0.07222659779353686 0.053480694811580395 0.07018036739077671 0.04479626088648239 0.07905347093318017
22 0.07087193188706327 0.0408233244585678 0.09510424340970794 0.07626269724713262 0.05163169253697828 0.01253824558921023 0.10352509000166901 0.006092720736106048 0.0028477558949978983 0.03340961973227178 0.09502868815141542 0.018851561408162347 0.0634662337288525 0.021730266519579225 0.0381518043966126 0.08964096116276257 0.018649630003141845 0.04649117737567707 0.0840156487449837 0.030866707015107988
23 0.04259930841904184 0.011067026056878685 0.03298114270456391 0.07174481268395297 0.08938422282890253 0.07374041751625278 0.0882704841719873 0.0351602443267154 0.05417167443106628 0.02833308699195827 0.08700178908222948 0.019271433569963078 0.06307577009176465 0.05072360185101339 0.0038863661175788647 0.03641606643699872 0.06679266785307392 0.04944149943152777 0.03155312523124462 0.06438526020328565
24 0.02379496267152843 0.004729492577831875 0.003486506966066498 0.10483882577991536 0.0682023546634001 0.11918083009474051 0.10999404689298554 0.11908633016688157 0.06105236843854407 0.07275135279756849 0.06093400047435876 0.020604964860973733 0.019235302732203564 0.09221458048436731 0.017321334920547424 0.027688622070592354 0.007314457431108125 0.01995164062494268 0.00818978683203463 0.03942823851940897
25 0.026073260836048613 0.05004593673776432 0.04005631326931468 0.03205651907643768 0.04335917652012669 0.05255635973053818 0.09740771137797484 0.09819582144923353 0.010750118250042379 0.005789001618801099 0.03535081084105362 0.0013190988000402386 0.10206404896585594 0.03765852273433053 0.1147579261172073 0.08205358125954121 0.06566212007597841 0.004349624488505116 0.04124423192397313 0.05924981592723258
26 0.05217187909899313 0.01756748101570353 0.05717963930229639 0.005913137273457891 0.036096811419939326 0.05672332725118604 0.045225547156499915 0.07158261409854222 0.08871625022407419 0.09221287986774575 0.07521100133600601 0.026962123226842556 0.028608392249662534 0.018820089228309706 0.04406001750440403 0.07734254707706392 0.035280491424535126 0.051515558625561536 0.07982405120578898 0.03898616141338723
27 0.06181814186339513 0.04064793519713638 0.005925447146375916 0.08809717366193802 0.006297971250515232 0.05295716394632915 0.06533992726285769 0.09345324150308358 0.07678341253123265 0.04246080103878901 0.0032615298047044667 0.02497766282977987 0.08891449619647113 0.07006793255523862 0.008348641183269197 0.052796728179398095 0.04990365860397796 0.0946966484307384 0.003332285357841796 0.06991920145692775
28 0.05705573026432318 0.02014133175963565 0.005541802441562202 0.032339795379632955 0.058249642065125354 0.03491505757646851 0.048577096517683514 0.06246171683766203 0.047376317385972984 0.07694943058883408 0.0672483403143938 0.057356888407111575 0.035149422846278894 0.0309667661645448 0.07574106412406101 0.06301281590116323 0.023482957573163394 0.06511007760793626 0.07057046272764521 0.06775328351680124
29 0.08155022556212463 0.07498443825093516 0.04925866370082292 0.020222602790168378 0.025239375457341545 0.07121728062461131 0.0249149242613189 0.029225892474809674 0.02434357459360446 0.0566907979803663 0.05228453928389193 0.01595901869161154 0.030330380514651437 0.08306484183795802 0.048838054858023026 0.07956141811067995 0.08874060701979186 0.049269721600846424 0.0432462178085964 0.05105742457784617
30 0.008272755710184394 0.04562402742561004 0.09617961206412509 0.07922858747233749 0.07405877836453635 0.032302947281929624 0.04211505857642876 0.01787060783855386 0.0029361357241896625 0.023919833270802923 0.09229094523188122 0.08693397619881973 0.023639590674330663 0.056530992810347014 0.07130074802266373 0.05062198335410502 0.028719081456489423 0.05619034400798511 0.01656970046427605 0.09469429405040376
31 0.04814648959684372 0.06490297874354443 0.08179571056467791 0.05995023744508044 0.027083536982393394 0.07054027812631283 0.06521030099042774 0.008846525551006524 0.06459584875146591 0.09231841098152109 0.00788936761456256 0.04072797034079771 0.0574312372433576 0.07277569083283202 0.021931223984547398 0.008280806985268972 0.04015991782507435 0.015152990510154013 0.08116024317695858 0.07110023375317277
32 0.06303863851010884 0.019274596814318343 0.0754394171236196 0.051873205381877785 0.07470097250432675 0.08940547184276898 0.04066134078889714 0.08407516458826371 0.029973203296752647 0.07487764321630146 0.0445149809129685 0.008184429210014298 0.06095881313679949 0.05555590611129437 0.05063744411639478 0.035278077583376165 0.007272065721482326 0.03019240434732289 0.06923334989609271 0.034852874897019166
33 0.0360531655200742 0.06575970413600765 0.007212394469205713 0.05231593734011193 0.012523874048413968 0.046113407718101934 0.09122182601462389 0.059264706202382195 0.0399588138335511 0.09056410978523391 0.008693707308704482 0.06931681025048055 0.08438861805531672 0.03396502914330252 0.050280830220708034 0.025214218747688727 0.1012018579874975 0.06567785169841518 0.05742603087705594 0.0028471066431235933
34 0.0837070427797405 0.0014208741725191226 0.019038118634386085 0.029638342006265573 0.026058622593898795 0.048785504830907045 0.0871573260755763 0.032617918499636335 0.05759705444234373 0.0638893139473796 0.04117066003962442 0.06723822804500407 0.06296295286411921 0.08406871744929023 0.031590053910168926 0.03937984067534089 0.025712790212234583 0.07743058961808681 0.05975920921190347 0.06077683999157426
35 0.0005504069772233985 0.04645006709098666 0.08111909572646839 0.023715600073537374 0.05753599184203528 0.11078429391274953 0.052446244739711205 0.015317405456600045 0.029605966343066618 0.11224966168728448 0.026586845587030367 0.030036751794799938 0.040074694649778024 0.018844719523441654 0.10733071000751876 0.07681468848435248 0.02369390792311393 0.025031144035421556 0.027702993574308544 0.09410881057057163
36 0.059964512966813314 0.03800600164727827 0.05988077438540982 0.09146322132800096 0.04352187244840781 0.07799915421618915 0.03241429536087594 0.04856480231020137 0.08124491489244837 0.01085601054402069 0.04474546689095315 0.0029775169144162297 0.062047491325159985 0.05336143684303156 0.0520623416819403 0.04683601989400959 0.026802527549715176 0.029482409581405414 0.06464069586577287 0.07312853335395013
37 0.06071778229953289 0.08918045585187447 0.06884824305247983 0.10555566787595809 0.034423031453515406 0.023564629175419526 0.049431137259748306 0.08775307958037841 0.02770733923383319 0.0734732301962809 0.09223982951742422 0.07007581255423376 0.06054465287783882 0.024259702301277764 0.008602950294830429 0.0376312354549671 0.004054181980371518 0.03824096590521474 0.020737728280945607 0.022958344853874983
38 0.06158053943343821 0.04258248960140268 0.07663085733837435 0.0019417452131151554 0.00882111733096796 0.03913631304660993 0.02479092686255319 0.08969430440557577 0.09690842755149626 0.05817207121374672 0.05048013027122973 0.07911021913300506 0.10666895845307608 0.09348769090247148 0.03430496848428483 0.0131473034672061 0.004134093206414508 0.04880721091791246 0.026250000768048246 0.04335063239907138
39 0.0291155350394705 0.07920826817333408 0.031091521922810745 0.03981499101923269 0.050260198751520706 0.07421436320856334 0.01845417739185057 0.05443936519801039 0.03710564258893919 0.018608357397838275 0.05916456728466345 0.051228923651460714 0.04070931603060888 0.07341081644802086 0.07706289434178867 0.06401900779457194 0.015758357015368922 0.07029158872353114 0.059077234633319264 0.05696487338509553
40 0.06415236586928845 0.04747039567343815 0.005866365867299975 0.05061820669946175 0.03308929163942608 0.08696222396818043 0.0019309458425308824 0.024929654233501203 0.04928790676841908 0.08403752128207917 0.04833900208125598 0.052075405072708726 0.018979071667657943 0.04162524710585555 0.09095081837321302 0.06196607180864848 0.10361819183148537 0.002800621754725757 0.08818339154320874 0.04311730091761529
41 0.09198970984951571 0.07170892951599571 0.033862546793239745 0.016418754362036863 0.024187399521328187 0.06738740314718984 0.057191605924396066 0.07367735426160896 0.05391715834863953 0.036087837790742795 0.02280983935190145 0.07390126486927068 0.01057838151186329 0.05505203027794068 0.08694857995956336 0.06994755899077956 0.04227433866827201 0.026539745837005337 0.021600375121829225 0.06391918589688105
42 0.04074016035081 0.03102143654489126 0.05536001566063193 0.07788675536023074 0.05887569111435696 0.026279732474709577 0.07067262324320642 0.08307757543680364 0.026677764015677737 0.0069391162498518115 0.01756504743707294 0.03497764931711611 0.06057639913131965 0.05722046541360646 0.09349665107405308 0.03488279662235682 0.06371905858069336 0.09154448493722475 0.01342420595915895 0.05506237107622777
43 0.011493896356913235 0.02658712459277556 0.11208216044283847 0.10799603984667813 0.09319483908697823 0.030274285919294805 0.06570334837943703 0.048206165741316594 0.038960194509385475 0.0031274674486087366 0.03136982185604681 0.045318044387459684 0.07170580469100343 0.060879190224037545 0.0621770531152663 0.04959651856229482 0.04724121745016523 0.020639399132770166 0.07264139922200268 0.000806029034727105
44 0.0449447945048813 0.009421071785498147 0.07324044460590234 0.10019508817465006 0.09224055314431871 0.10183917811113022 0.04908565858082267 0.0011091154945790933 0.006188926527203021 0.08023773628876758 0.024076400002861334 0.07922574765337315 0.09587289482228248 0.004069937059053425 0.042232559726485513 0.04311514911503251 0.002726830922405466 0.024096275860576596 0.0880662800366751 0.038015357583501254
45 0.057755239750553404 0.018843577122742095 0.010899058600548767 0.07797695401556375 0.08758042598218418 0.04202209242122322 0.043468861295281505 0.03822424437208455 0.026455096873772618 0.08727036979540898 0.04263118758759149 0.0761301966433504 0.034664785951042915 0.07000985846129723 0.05361610007574217 0.05062003055640333 0.09004923594371937 0.06662509848482225 0.014765300934474012 0.010392285132193719
46 0.04901873329650776 0.0572570382090925 0.03199390945574716 0.06013131303929916 0.031110142855404616 0.03993883157228043 0.07664979409836985 0.09092732577672219 0.029286268885476554 0.045164917795287474 0.03708189962080351 0.036777928749075074 0.040231536811662846 0.07688081404647575 0.04880211977000162 0.0249718562605535 0.01346159898026918 0.09049962198545075 0.06836046783743045 0.05145388095408964
47 0.03896710751605064 0.05105956085018136 0.03800213989839026 0.061408838315692535 0.06980879031997785 0.04429051666122953 0.0035688541317700317 0.07192093609290355 0.020319756850824766 0.04843186922665698 0.013375933516704231 0.06107914681821913 0.07338231031517116 0.05546933345971427 0.039308542914040505 0.06437062247508528 0.06528521516533069 0.07387217025803287 0.05807407129424084 0.04800428391978363
48 0.012135890846006516 0.08469182756835163 0.03421246304664927 0.10029531557216274 0.07202863062956447 0.018026249955559095 0.04614428049180934 0.0037976392163130658 0.030469878394670934 0.07754808286402391 0.017759158697141026 0.06662637552967689 0.0710719807420043 0.02004797652806041 0.029362077614069275 0.01397367872012943 0.10932218783715418 0.09598215262914814 0.03830073187499332 0.05820342124251195
49 0.024913153864159675 0.04980404643094023 0.07290192302055287 0.06335192059580493 0.07919203402699035 0.0895311122668515 0.015084264264221861 0.08635528696300959 0.07073145731263554 0.0034311423129919473 0.09083730041866984 0.015325336842528098 0.09050380186473354 0.010503759767925816 0.0752162677306913 0.04705466222679453 0.032061456745590126 0.042134700098385915 0.03329795695791741 0.007768416288604868
50 0.025186262487862265 0.07612299670352757 0.025009241239645784 0.08383618719073108 0.04579331487744316 0.038225547293242915 0.0018072153999542425 0.033882074668853714 0.054823320956309735 0.06915397177672462 0.05432866928628044 0.03646239627835011 0.055164303557304575 0.05903862822509355 0.05197312991656748 0.037073937802539064 0.07777838583483615 0.06668750040910396 0.06268142953356014 0.04497148656206956
51 0.006911014615346235 0.08193782134594725 0.019749423732651764 0.05996793514853607 0.07748094019039473 0.006027578247185921 0.04984025927030764 0.054850463321766366 0.04980873760235979 0.017106171817436722 0.07393052623737045 0.07757004068554905 0.08926287680642934 0.06465291257438746 0.0020345642229307567 0.07521193898874269 0.07931231558761379 0.007087548803095981 0.012736955522158082 0.09451997527978993
52 0.0830289412451737 0.049603486332809386 0.019192682354259662 0.02309195098567966 0.10380775841399233 0.07690760332269451 0.003499267741475317 0.05759015378665865 0.0528980010953375 0.0007257884321015069 0.042046769869732166 0.0151088056516369 0.06936259694781928 0.09668637680774686 0.04712480754837406 0.07008745518867075 0.09952166032896109 0.04539195323742636 0.010693207289847276 0.033630733419603015
53 0.06953320391728472 0.009776705893823191 0.06172947155783443 0.07639858863413908 0.03431648280060329 0.054518953640678235 0.0487579222647236 0.039207903032585506 0.07925553457527974 0.04662593350412434 0.023311978552220874 0.04735600190474813 0.0802089483728984 0.0699454691399064 0.05008012303396297 0.0713925197756136 0.04375147286541245 0.05341158516659679 0.030509034422131483 0.009912166945432928
54 0.05401046095111056 0.11219112413571328 0.016265365830733146 0.006136794684414664 0.04200257430415941 0.05120663188696908 0.004645821122926136 0.09818089718731692 0.0017518692599642102 0.11676374494121279 0.05687859048876891 0.11569514630206561 0.02631586217754456 0.019327150288645883 0.026810164547967766 0.08586952720569983 0.09225359354426786 0.0232880733590184 0.03408957030962776 0.016317037471873186
55 0.03135372814600388 0.0809276343607361 0.05608625322508905 0.06662586709527225 0.04267507332956434 0.0365318789438472 0.003983584161556635 0.09286356649633239 0.012596424531639791 0.06687645578632423 0.02283673942536809 0.08900906897099813 0.059229195947934465 0.03327729493427473 0.0012960981311349019 0.023995951286992275 0.08875748327248541 0.06686524405033516 0.052731525105558716 0.0714809327985521
56 0.07821703724721617 0.029438260321337065 0.08891443772233737 0.010626548413553037 0.08288216982767668 0.01907240808229338 0.04148602158591176 0.09516507636080174 0.004550747771281799 0.016964755540449183 0.024042861556776946 0.047221672161006145 0.06570536857773111 0.018251749796481906 0.08659101772539109 0.0972790418699721 0.022075804182290958 0.033973137213738416 0.0686867801050366 0.06885510393871647
57 0.10286262043063554 0.006974480142086201 0.028618810930262202 0.053868470072804764 0.007530180083272406 0.09076916051499441 0.05424414868485069 0.05322697688004926 0.05001761993312631 0.07699626177006458 0.08098947746961681 0.0903076712680194 0.07369956833282572 0.03630256257167415 0.09571671709003712 0.004550403387811338 0.03764209829798971 0.017649817456516153 0.0261598179674564 0.011873136715907109
58 0.08824651550189182 0.09535517559867118 0.031691914502622376 0.0277909886872702 0.04917283286454583 0.009310478318730855 0.04674913026357252 0.0444736104980379 0.005008082018267467 0.06472990808759312 0.07274998281061365 0.04608300781634744 0.07263621298978953 0.03600392051450585 0.038041198799731064 0.054411206357449844 0.03683125339081362 0.0250250936524104 0.06830481328694185 0.08738467404019354
59 0.016602861644910812 0.0541704494953129 0.050261753646308444 0.05291274708926878 0.022936321130440886 0.03668320485206557 0.018103403803424394 0.07234943855396408 0.05050334223146134 0.0395950457938627 0.06971774440077991 0.0205417076389286 0.054931591656779924 0.0641202080316743 0.08544224387075718 0.06387400467260927 0.07072489015808943 0.07569856943682043 0.05938857447127223 0.02144189742126882
60 0.0011092603600650762 0.01094329545588174 0.09025112826593433 0.011054452175137168 0.012891262861787881 0.05440953688074143 0.011513116322879463 0.018087100535905787 0.04728899575449937 0.0499492252836249 0.12913957366526355 0.06564292012334336 0.03900736950352864 0.043903499569374886 0.022114961572846266 0.11412091771054099 0.06266774360380484 0.11997160544434099 0.040515118774959454 0.055418916135539835
61 0.09233795852499664 0.06785422575835717 0.011524547022884184 0.02697689423960457 0.021082768358345636 0.010634464069099079 0.09050514747471602 0.027773900154293017 0.01716508031484758 0.10157302476595632 0.003362716667488438 0.055652416165236314 0.09890878576378036 0.021161542072265695 0.01726045781159562 0.07513348940824358 0.09111139775086112 0.012112624050336347 0.06984716536149625 0.08802139426559595
62 0.09751973751072368 0.045883029146484004 0.10380973783062546 0.007568469060181159 0.02524965002405104 0.016863300807485444 0.03914886638318199 0.08942178006632762 0.062231726142477115 0.07940671294060156 0.10213260603505159 0.0554067132843869 0.0005424180706815805 0.049372493977979166 0.024906178750511432 0.02354664242986169 0.04998550999666066 0.019966703718659964 0.011252204420916777 0.09578551940315094
63 0.06783053683112232 0.01824513113910667 0.017058797181439853 0.06494635895987318 0.0161930819612944 0.02829413037407956 0.051492957770790646 0.04833973774137436 0.07945753245273342 0.058048133472792335 0.0670167791016271 0.013828994791360502 0.06000787285076185 0.04098646865374309 0.03901079890625521 0.06928223561609755 0.08592291449290343 0.04901197886904859 0.06275724299819085 0.062268315835405284
64 0.005809312841888415 0.04301555397278123 0.05016435786672727 0.018656413924342856 0.036253048822810705 0.0911043200190347 0.04894457368697471 0.10199338727524129 0.02611631480406589 0.05791698584677303 0.0898994749757602 0.08584520607463914 0.050129857213681434 0.017188201646388464 0.08499013726996274 0.08908529798662519 0.02420694805982098 0.00207560781374506 0.04103955489042159 0.03556544500831523
65 0.07770670857281273 0.03550442632822506 0.07066153792345685 0.022643237147228917 0.0006941950295008434 0.07569391242634667 0.014085691362293042 0.044044869214107746 0.061191255392888964 0.09061495446559298 0.026249521483070415 0.006391202355999713 0.07920992470431551 0.02983639155791354 0.09347927135317124 0.050328977805431226 0.088409728754139 0.028339185093105155 0.023727368900254835 0.0811876401301456
66 0.009939415427540564 0.0655615998542599 0.02956280661454812 0.03320421086934168 0.008274110577757105 0.0484113624670272 0.05877164205173911 0.07916342051474015 0.061300778258087774 0.08270340533492195 0.054042177975701336 0.03969249786365608 0.05709367948629963 0.07146153145393203 0.058823852946708215 0.06502461719604659 0.0589280507383465 0.0605883670897946 0.02048506902441858 0.03696740425513285
67 0.03516955383215741 0.08272946126476492 0.06812840855129847 0.05764847440116847 0.03481322795820411 0.0964466333364594 0.08827622626690754 0.050579213807862566 0.028095919961754905 0.007640051351368902 0.05121173773362601 0.013385525340343414 0.07553858853584317 0.07370544169771044 0.03323940345055721 0.06168421126077625 0.019271619363049112 0.0773014762959219 0.02547146337520647 0.01966336221501935
68 0.028932951075389506 0.0444025363025765 0.03871017424648375 0.038086681673164806 0.036046786166481125 0.07538252925079546 0.0711064309470612 0.051700468946204337 0.06113987467792297 0.07165104870698676 0.0676638150034875 0.06117299006330779 0.07251044187052111 0.06389625975232874 0.04293006027473284 0.06569116984552133 0.005949023416727725 0.020015604204924146 0.017934641384358276 0.06507651219102398
69 0.010277854249577043 0.04184437045118431 0.05088273752517919 0.03791578648942777 0.00839682097626986 0.05733002640951838 0.07793869411401762 0.03846046657218003 0.04354732586130851 0.047350043153661425 0.07510218207936237 0.05058483683711925 0.05967597297758468 0.04267078556786702 0.06292752028132328 0.03487047425233294 0.07860492593780506 0.06777623441650177 0.05781646660818783 0.05602647523959168
70 0.002827390888810559 0.007191429870779593 0.07398829927850695 0.077803532437981 0.06307279594532357 0.0295914227250753 0.034085755438273434 0.03393131353344115 0.05899710532178494 0.024136392610598145 0.07994625802929196 0.07852412223823439 0.07821836805017923 0.012453497055651538 0.07412120729267387 0.03997313786015937 0.037366209640073124 0.07566143112037209 0.06502075364919355 0.053089577013596165
71 0.01830218883023112 0.015033254633539491 0.0844184407634147 0.0296660048774911 0.07940004945471246 0.031813645978170595 0.018275669906630196 0.05053493494914933 0.06888107214193336 0.0019416086800156773 0.050988438870840404 0.06596137570481735 0.06413218949463119 0.09897729523210956 0.07541352748651524 0.03793290511988425 0.041327042941813164 0.06843001822561016 0.006513456612538285 0.09205688009595236
72 0.010619993112908956 0.06303843400807428 0.0754534109815534 0.05564144029885506 0.028815188432323204 0.022366959545195294 0.1057641218286367 0.03954230785154958 0.043499998018022866 0.03078878931363867 0.03707480806457665 0.05046540692557491 0.10263059394542152 0.03986485796359737 0.048335437990265524 0.0240417440058762 0.044911024313993894 0.042476082769610575 0.12419672495230846 0.0104726756780169
73 0.02982170002465559 0.0795650172292062 0.08995463224929365 0.015053110766500089 0.0368537785204226 0.03191348945113861 0.07872369008742171 0.025446128856672842 0.0525121028863057 0.07585727869582297 0.027277855764906066 0.024081022620167584 0.046764176289965514 0.05174403362842672 0.040211898277739 0.05157826614859537 0.041735269517346865 0.06736813877881663 0.0831128687706547 0.05042554143594138
74 0.023862469121442707 0.037832415524045544 0.10555700255527636 0.08628339748598285 0.040639434430383516 0.05180024778229335 0.07510476354872969 0.10497356228553198 0.0244831881257857 0.07512197100720559 0.01599832692239715 0.01689957700466566 0.04051686434034077 0.0023647866210940575 0.09684967700402757 0.02516238079153049 0.08315016080635781 0.010959015283029281 0.04706951851124043 0.03537124084863947
75 0.07237615079220236 0.08002865448518197 0.038508985270179125 0.06508524096756128 0.03369332457504456 0.08871379790705766 0.04807594114541504 0.06815803446553544 0.01630885921184325 0.057216006741403216 0.024880853660051373 0.08815089301250936 0.015732556177570654 0.05549908222936843 0.04096174943683557 0.05865994572668306 0.05618843124563016 0.05734289567955443 0.0277198981586441 0.006698699111728916
76 0.0411487219269734 0.055435375240033204 0.029890310800563265 0.016069352544926058 0.06356910613769007 0.07292025680755886 0.07160485772790469 0.011194472348883714 0.01211830749405652 0.06279104770917701 0.05938966371997415 0.1035730165837239 0.0025941863655219 0.06638238026873916 0.07761173971587822 0.03326470201900588 0.04527369266869185 0.09860340602191363 0.008264382719010454 0.0683010211797742
77 0.024354144347892532 0.007710660835199322 0.03983208670166075 0.061614975035427254 0.09757497686052848 0.07203992856509296 0.08933167198029433 0.03102665232496558 0.027199977717467513 0.022692124472409925 0.09768201733715216 0.08481995024831936 0.047798368577411064 0.001978709159414542 0.08989117510036541 0.006298824006492238 0.03806357861979094 0.02731183996227305 0.05659054401137786 0.07618779413646451
78 0.06938798289607767 0.03363955916797658 0.06715096549473042 0.006780962810209795 0.0913783667312932 0.0855881729403021 0.02305531846172908 0.08742667915953395 0.06943000481315169 0.05732313578945782 0.03618704395924225 0.0020393555173185154 0.010725598391382913 0.053324673543443064 0.061196695733504496 0.09127949736092711 0.07215535325648333 0.011483533058042268 0.05028587933218452 0.02016122158300916
79 0.011882551627491507 0.005054434737269255 0.01871068177251319 0.013711348858291852 0.07591460799767213 0.04254765418882938 0.10305641587984547 0.035323807708991045 0.01963779086855106 0.05494754022476421 0.04183169913642483 0.035097570254195055 0.07850047619778103 0.03264885662206423 0.08505704667452711 0.05427736825339585 0.08893104301120595 0.10269903911851745 0.0848580377553879 0.015312029112281455
80 0.07822673547131147 0.02421894780193662 0.06029613080126216 0.028524960700142314 0.027462917461098243 0.011876691661602521 0.0526319893628227 0.08308519045424902 0.04049430896997307 0.08930654189949748 0.004116534851134725 0.08584460685554454 0.0843154706799924 0.004240091700975838 0.04013135771788143 0.08117853910028931 0.08794227587857895 0.04161612731762508 0.07253671167103905 0.001953869643043151
81 0.049577012675504725 0.07375230133993387 0.05765005064745087 0.03352053532491433 0.0340964355434956 0.036329624420094575 0.05467432514997876 0.08308034818223739 0.02521098511153641 0.025016092084358364 0.09205143321872356 0.09153261880160456 0.01561391018729897 0.08811126910360394 0.010954812841153596 0.07381654629638809 0.0204690426487126 0.06336760831680159 0.047257886836508015 0.023917161269700213
82 0.006637538487484874 0.09051401193504921 0.032794949429068625 0.041913859091915084 0.01557579613025097 0.09248021078303506 0.007117342678730905 0.0604303093431749 0.0608679470329562 0.09176051442303716 0.03255699854382745 0.07461048808485607 0.07854358800273371 0.017315510684280864 0.012078055519171493 0.05826907770491733 0.053000954261489236 0.07689418716199829 0.08011636850923805 0.01652229219278455
83 0.061138266889754496 0.06564712783521001 0.026677326294300977 0.030503643581040154 0.010009943044954324 0.0563068850374297 0.05034946492607872 0.06070767913521795 0.07760457976526214 0.05291785720768354 0.012171127489110091 0.08536841975310128 0.0713057598374819 0.022889838897667256 0.06397433251475418 0.016704721177134476 0.024295978050920267 0.0935986504999325 0.06065534199470462 0.05717305606826126
84 0.08254096949054016 0.015976236611000796 0.0042249598951759944 0.08461919227972715 0.04745458888461408 0.023962416982642478 0.07208082849932203 0.02615607547019111 0.06987810357793861 0.025766236176467498 0.04790798371322437 0.038725584976444564 0.04198581659025391 0.02222109380681129 0.05542489567836793 0.05348371182881347 0.051719769591575294 0.09213527831830419 0.040591058840333046 0.10314519878825192
85 0.06930326641551529 0.08183064286636439 0.08865826869548621 0.1000542288496035 0.08097794123174636 0.00938184371959638 0.061575461857455355 0.03587034560863468 0.05805488208977498 0.03867905293873947 0.0829727953643004 0.004864625380348721 0.03859771603749841 0.06714427917284783 0.010236885514908499 0.07919770662616542 0.047914962673386303 0.02169050722936274 0.002673295751527618 0.02032129197673755
86 0.024275729385868198 0.06478599095210026 0.0013746221262544342 0.09818520544804173 0.07316125574502923 0.059351786449227464 0.09685544544111589 0.0392045965148907 0.02625487895684793 0.08086463756816398 0.07663897649012982 0.06971820056204067 0.0024155589071329173 0.013319142188581956 0.01325146937079969 0.09078001935856433 0.017776093366907476 0.049673878813754645 0.06703872630047414 0.035073786054074275
87 0.07256721576375245 0.05069241998082275 0.07902292729132579 0.02520140904717512 0.06026551448088359 0.0705415495851063 0.012669622888032049 0.08935831413123348 0.002417876421733425 0.03339959469917511 0.04425308057079409 0.0371858845299184 0.04049557700170772 0.08824775394647169 0.09477361304288513 0.03266785185069975 0.08223457594541511 0.010622961610754243 0.05148546908454029 0.021896788127573365
88 0.039564110669036916 0.0560008617252326 0.03393283758063952 0.04647150496537536 0.00553929784687547 0.07429394942087626 0.03173201182133852 0.11932045974471067 0.02068090270162657 0.06602064935492606 0.09290134593887506 0.02888556170583964 0.0026588240871222753 0.06390929439805984 0.03762843281770609 0.07555187280355112 0.043129874267019724 0.03822463249569559 0.04297294637109145 0.08058062928440124
89 0.024122367051720037 0.05813625738490675 0.044272889987855946 0.014632020762082715 0.03486795198910002 0.052635397676668194 0.020635539830887596 0.06188017841164906 0.03358596511885387 0.07492583228148432 0.0913852703688428 0.04733620196211625 0.06991862696814721 0.02955152134097128 0.0808301014856915 0.10141335947234614 0.09223673916429663 0.05421562904738605 0.013409579085772887 8.57060922059051e-06
90 0.020084709219867745 0.012225446264962726 0.01355699083167945 0.09655569089228659 0.06799140003078369 0.08076033324728163 0.03877690214550612 0.04600185947666768 0.03691175138717339 0.10924281539486141 0.10136886449779099 0.04443252777045582 0.0022184252823571776 0.05305815608188893 0.06431605326300971 0.05702234301332792 0.03937974495550799 0.0806047639891135 0.0033854010872534017 0.032105821168223934
91 0.006485253886833155 0.0508173309060097 0.06657387955301344 0.09918471063622755 0.041591676479404795 0.10610775627804805 0.03750505751532545 0.022058494273423428 0.061071768996932785 0.07545029125709396 0.041733152046919735 0.021809401910751095 0.05679595011576309 0.027174017973862402 0.02286424807853054 0.0904161071914501 0.11453933730658733 0.025217154107197107 0.027506620431871732 0.005097791054754643
92 0.07686305286054881 0.005905500366067946 0.02042461320695787 0.020110725802847455 0.07037035121467562 0.08128543768922498 0.06799078392360533 0.07683554675652811 0.010697878672832827 0.07965907579325333 0.09286194869665558 0.06733746968629294 3.271456414864956e-05 0.061210877468020564 0.058273577431660735 0.06254219268639961 0.06571647581457772 0.05825056158331517 0.01654623603206158 0.007084979750325315
93 0.06326085077005714 0.02182077247100432 0.08263519877082108 0.0580034618769832 0.00431025086975269 0.0313029611100333 0.008060551542926363 0.030103082197953313 0.11307920518303377 0.03954480341974426 0.09430100969236599 0.10966631607690987 0.01063134492847236 0.001679711890670036 0.07102824501471472 0.08592385705505831 0.031865201486948325 0.03813185642889766 0.09315570772714434 0.011495611486509122
94 0.06690110253798708 0.07630614915981684 0.052071208007638745 0.07603027018447357 0.07311428134779221 0.02518945270904235 0.08333171253934978 0.06301712171050752 0.06634153677607921 0.003976903197057396 0.043575781218502814 0.06262515251058379 0.06699528142217442 0.05512238290878857 0.027853580556129784 0.034739590638867314 0.024012473130580702 0.030043950807675374 0.04722455366885152 0.02152751496810107
95 0.017113258572543404 0.07156597934199418 0.0878289873369721 0.08264583233494566 0.05074595477646493 0.005234013335423425 0.06485340691439517 0.08474147835556138 0.06208033932889784 0.015131481844500696 0.03893962417549254 0.03268031843066952 0.06906442235003088 0.0004780837592193903 0.04562463480607096 0.08462911956430547 0.0734655023584947 0.020817734169654937 0.012262764353972578 0.08009706389039027
96 0.06792049158588631 0.06040716678461079 0.028873831104001768 9.068720314485926e-05 0.05067782973668731 0.02130265877879457 0.0645115702983104 0.09050182957803063 0.021473348467626004 0.05634978719649828 0.012272219794175013 0.03556909547662968 0.09499884974190072 0.0885380465820868 0.033476179013768696 0.051154010650134064 0.06587651738020593 0.038410879723662486 0.02084844975739986 0.09674655114644577
