0 0.10199225943989458 0.09741570648629387 0.004307204434654635 0.03610643023084981 0.01445162362937226 0.04540037201596751 0.07390428504409986 0.061247667443002446 0.08006219928375521 0.07701793107342347 0.0074278942680525845 0.018813011003196378 0.08619330050595403 0.010461433981377236 0.05151571744194662 0.06508166985232923 0.052624353657204304 0.034287874839098745 0.050693577342685564 0.030995488026841527
1 0.007416207377748799 0.006484720808672334 0.08018227557286496 0.046980072866954325 0.05524650432093816 0.09203671891309421 0.09471865372157663 0.06957979368809349 0.037158768094984876 0.0706449525812741 0.08567513698155067 0.09107863103828376 0.023848212831384934 0.024512000001496354 0.09368911514255052 0.006050138338004922 0.038183845615412944 0.05059781360204538 0.013132827504188909 0.012783610998879778
2 0.024933916718886732 0.03459777053393492 0.061100994146397844 0.033750380966392705 0.05928503205238557 0.04170267638566716 0.07139497794081916 0.0623247812814162 0.01763978276719891 0.015940168532516532 0.023295725595111724 0.06094523707482057 0.0497972606186951 0.05575335804332789 0.09041336857570001 0.07941770370191775 0.0638433746058701 0.05788788349306051 0.045061456190310524 0.05091415077557006
3 0.03899151584550464 0.07515877785085752 0.0866338779179799 0.017347581041453265 0.049841922339163514 0.07732441302920116 0.024049930929202913 0.08758861340308292 0.007117340931559924 0.04671021547411916 0.07432410549305218 0.08870761313477334 0.0741668907983054 0.007860502440435747 0.06323873173274264 0.004710616560089137 0.012246482040361096 0.08170088640471786 0.005663076322518803 0.07661690631087913
4 0.07319775126200233 0.04062972557101853 0.0991750507304357 0.07986691142495933 0.09893318184802491 0.03875847139891419 0.07651753987185393 0.0030158186463516653 0.0039978168772963766 0.05272964311844409 0.06452639818605506 0.05950992208167441 0.02930254348328271 0.02308354662552658 0.043482780868921635 0.044216005423100675 0.06309762670428377 0.06538714196838774 0.0178595927308915 0.02271253117857491
5 0.07370875367090689 0.02491898675558834 0.0373027248920288 0.06190213555161124 0.08453148289829207 0.010512032571229329 0.03402316808409002 0.050347126764707026 0.03685825475225819 0.0639596230845843 0.011637341858449857 0.08437361431767526 0.07433250924133711 0.008026042063859944 0.053428230471286906 0.030901908336783582 0.08402000390753815 0.07666512000766257 0.03537484605764663 0.06317609471246369
6 0.061540674634965195 0.0009608313313058809 0.08647697639886208 0.0521806586112403 0.07232275245676689 0.04781017153249437 0.029858848814104902 0.0358130856060811 0.06401320645494922 0.0169814465462842 0.026737645511393963 0.07765648789528375 0.052632999492886794 0.08525889878582113 0.062316731303066454 0.09281894141856935 0.0039891564467436245 0.052561053591672645 0.0779481153145674 0.00012131785294060133
7 0.07650366184785386 0.07260671241544998 0.0850593661132212 0.017618837243677195 0.01887321061080322 0.014285929183783774 0.018515896344102882 0.08066983845710872 0.02731864426043221 0.02254104214744261 0.0867433011364672 0.016452848654448883 0.0329723278239808 0.09063479204153393 0.09499974002013081 0.06305526535209564 0.08226897500436126 0.07731946186653782 0.021328547192222713 0.00023160228434539429
8 0.08655390977610607 0.07340330430611916 0.04902330228006579 0.04582390966684491 0.018132782735733 0.03883530418306751 0.08013660998731481 0.06350162016259064 0.01469892177390229 0.018442658666950072 0.06129617854375275 0.016945464277858754 0.08212764653717305 0.036845719682874443 0.04263343074938263 0.08878476566145567 0.05854282366530634 0.012210152418004896 0.024570659911147583 0.08749083501434944
9 0.08509242726167675 0.08244208763502561 0.08170956354918925 0.004062954966121341 0.05505317476026118 0.034508541645628776 0.07673342809736157 0.027427035219480242 0.0618909716632869 0.027382153030217255 0.05808561580411411 0.007088050923492133 0.0559034251806911 0.03253229332071271 0.08360330370361448 0.015798306358333822 0.04829991807866829 0.071237874984055 0.060385039470575275 0.030763834347494242
10 0.05124749319832471 0.07780367303409427 0.034348627491622145 0.034156779371322714 0.01738245344371477 0.09491982790527312 0.007214550073517727 0.09333877452880317 0.07847729340811617 0.02361946736769626 0.052641049475562265 0.0756221295937649 0.054402432721983335 0.030003954611265125 0.06448325922493765 0.007986719332027567 0.09569411191257828 0.002578818887859381 0.059248884698969446 0.04482969971856701
11 0.09441082780340204 0.042254245634959935 0.08640742692639095 0.03650221615769784 0.08147426631612423 0.003956847868239132 0.0005407030892092787 0.012175678429052764 0.04313673495179699 0.025413424339939834 0.027781550191645944 0.10704749652473679 0.05079284114944933 0.03635731177044606 0.0021018120286874554 0.019073966904861708 0.07407120781543872 0.10053035811833803 0.1105931311963926 0.045377952783190206
12 0.0470910764526201 0.07118959057023924 0.03873928993932914 0.011733918520579959 0.08095242204033526 0.032282995158396825 0.04456463948416103 0.003450411382977292 0.07684951975936767 0.06718887913868271 0.0649298306206429 0.07746316748889272 0.007369441561660781 0.0666718744283123 0.021722595802576215 0.05557999902592103 0.07680369726611061 0.04078084991631357 0.06205616236369342 0.05257963907918738
13 0.011314931958774189 0.06347421742110095 0.047527015755922185 0.07950287070247905 0.012340588092531336 0.08085165988004774 0.09234568082001406 0.004916232458896205 0.07164011988151271 0.061123623024961715 0.009717851274040294 0.0624427956216551 0.00911074674658734 0.018238789936979565 0.09873396259862573 0.04047743880525636 0.07291885760560797 0.06355547916659329 0.08851438340996372 0.011252754838450483
14 0.051991488237173214 0.01075009982995417 0.07599730390357953 0.006466631490066477 0.0845251646847113 0.056867092117810415 0.06285401509290665 0.06463782326478026 0.0679979684267525 0.05868637061479816 0.06725365214501988 0.02898156719033647 0.05021518945640678 0.00627870544517814 0.08270774321186464 0.07283088000195784 0.0286823255089998 0.04075444007301181 0.07640795044448369 0.005113588860208395
15 0.07654857816048447 0.08941423256948956 0.0775211004732288 0.07537486240702422 0.04055976030451247 0.004144544559907369 0.048904457101499536 0.035552424068587316 0.07857313749060556 0.04993532480946087 0.018012631693977335 0.03662663604828363 0.04278920746720493 0.0042368489748266245 0.0377978321737245 0.09888307061890406 0.09030261860804106 0.021128092545610235 0.04107812918859093 0.032616510736036455
16 0.015878910562690723 0.009903792945983774 0.07446959289045098 0.12117756112966092 0.015160584307034257 0.03986854491139884 0.003315650595876633 0.07284042436805957 0.06820636436776241 0.016753696572969965 0.02444658482596079 0.0036818034177711584 0.05812972722543906 0.0850001896684572 0.031165729496022854 0.07079274294599608 0.08145289299869292 0.04548636515584182 0.07440118476118708 0.08786765685274299
17 0.09395173876971788 0.0397536970930689 0.04476506062798903 0.04174876247743259 0.03181446606503948 0.07582758804817444 0.0874819556143641 0.06952585582471078 0.008263137227566176 0.07960252977771844 0.04075017328923727 0.035585546296924925 0.08222823512003985 0.036702946251263635 0.0018574272041653745 0.02702301573538279 0.03693381339793343 0.019217031723834276 0.05494745298979703 0.09201956646563966
18 0.058236963254225074 0.06264494368934755 0.01094022796648755 0.0676513202488646 0.0645545407678137 0.08514782708061486 0.09296316750407502 0.026371284472094077 0.09251151532366887 0.02646506233195529 0.027631821335971144 0.05951647860887356 0.09058070001483175 0.031909911237467406 0.0025170537277690148 0.07811286198898792 0.061205736121567 0.044475012635067535 0.00032522959240834684 0.01623834209790982
19 0.10299390458694002 0.014533656905913885 0.05088525335415391 0.008749147202414933 0.06050250717071069 0.012881965605664875 0.09611938154244348 0.10623580479239136 0.023936639946744404 0.06380199414692017 0.0346528762909164 0.05692564377496923 0.02067173441205631 0.07908455741323443 0.04960272291114052 0.017746532418119243 0.02653497731551719 0.05064399328425426 0.09133323792706419 0.03216346899843057
20 0.012397276432175709 0.022817019671203503 0.08918189908395563 0.09953885774269902 0.06076858322226902 0.10027686777764695 0.06212110439420647 0.007437482815544563 0.04689671331545172 0.10460490061252198 0.001589362519199463 0.09721598745276994 0.05652887747117192 0.00422843018651099 0.06270340119160348 0.023045036682970983 0.05183356976880761 0.008347554992860993 0.011705527616837167 0.07676154704959273
21 0.034396211874274385 0.06171746838095704 0.015117929382726722 0.039688798519083315 0.059857643382643225 0.04634976676811226 0.027749591001997673 0.07816947294665862 0.029290956236755306 0.08359326391370756 0.03812158172449972 0.06848528077124154 0.05931814443689276 0.06265685879680759 0.044184619253423235 0.010080430909230874 0.026483034132536495 0.08226871140950806 0.050154944286956195 0.08231529187198726
22 0.06919216586027475 0.0218672751398783 0.01691545532291236 0.016491747005456532 0.05891611783365419 0.039412290089455494 0.024858958089913494 0.07511853889268676 0.09865768509711635 0.06743764545792483 0.07662287976933357 0.015971860779020707 0.009739188291510721 0.04200085976659313 0.0753498476136364 0.025642530571459998 0.0690267900794435 0.10979267297522444 0.019657188069833822 0.06732830329467059
23 0.04667418808076018 0.053176807170622044 0.0510480035910592 0.007585302393605785 0.053279195851414204 0.060192608911762716 0.10713092408722052 0.03843938192616252 0.04393105555305719 0.031714023921373256 0.0008706382148566396 0.020035957392116596 0.05661460754684604 0.03845569137654215 0.057568650123122 0.1030961921791809 0.07075819907261006 0.010282403306011679 0.08740690235009539 0.06173926695158083
24 0.08804188702428818 0.009985877897562287 0.03830065738896009 0.05975092514652508 0.021074037262452466 0.038026008288767246 0.01283553294965344 0.010154772455204335 0.05268114719777223 0.12208902728342216 0.07522443060877139 0.03037747169178444 0.0680504368280196 0.017603013822856877 0.059050039945885945 0.013915825500747466 0.009048821467412153 0.09370149829909785 0.06343306016573758 0.11665552877507902
25 0.090799268124309 0.0025373519862791315 0.08207434899470625 0.089071869165282 0.038508242189971786 0.0742040498396672 0.007987939102417642 0.037045359290282576 0.1075344555901332 0.10889585913952772 0.00689868574043728 0.01911757348360391 0.029427107428550564 0.07543109702872708 0.08497304032676434 0.01654132761961264 0.006051613448826387 0.014758734984298945 0.05414304693840674 0.0539990295781954
26 0.0012408257002311052 0.0473651858893339 0.037266400089906324 0.09413062858550886 0.05509361333246961 0.04841279736728221 0.02324310112966195 0.08085999141448466 0.0001916339124577465 0.10783928831343859 0.05161115154712508 0.057700723830944045 0.04889285764890707 0.017919240054328274 0.04431708666205682 0.113289227657623 0.0974507425673199 0.003177826499509765 0.046391508368715 0.02360616942869621
27 0.010347971135970822 0.07005569148606156 0.03794078773034917 0.13533336972076696 0.017468186451084566 0.03511891238293974 0.04883776424554858 0.021762347380945558 0.07846302215849385 0.021404483465516135 0.006146176237739555 0.13613094226338704 0.08131605562297751 0.043635843608539046 0.028534052536637475 0.023271671756781704 0.07097262477308125 0.10127681021396422 0.01851614216392569 0.01346714466528969
28 0.08539881809609101 0.07604546072847461 0.02649281021305493 0.08843166407530348 0.05531392345843348 0.055702127909951854 0.05955118187277217 0.00786311151763538 0.1019056639044444 0.019678625892799347 0.011811948286215693 0.00323146121007559 0.09122099569796535 0.003907019884884115 0.06600996887198546 0.04694559814026339 0.0441553594582569 0.05992105061291635 0.08676681729162143 0.009646392876855227
29 0.008357648860264003 0.021611925105190607 0.058355034571983516 0.027618496526373396 0.10961477902471245 0.020628425990990584 0.1150518375226118 0.004211288876531275 0.11534164473063523 0.022593439930863712 0.13189404855231157 0.05994110595572424 0.01496580959303999 0.012533153249939784 0.01740581829504646 0.02462191006001596 0.045860256378187615 0.07621536614936217 0.10932164524338148 0.0038563653828341464
30 0.11081416403372549 0.07793660183478078 0.08132157629463399 0.011938587070513422 0.045242235689897006 0.0014419551414046755 0.107910299087219 0.02179194781054871 0.053014631423178755 0.01353730074821946 0.09899028574081699 0.004352513258765551 0.0792510621479706 0.08395526427500172 0.07703811040382245 0.013073514127924525 0.010245998335888191 0.0693293853227396 0.020412293378082556 0.01840227387486666
31 0.03455855481350441 0.05170864656603946 0.02411949009714838 0.0021141383634776904 0.061493384328814495 0.0321564855021943 0.06775041630038665 0.08424530624278062 0.04301515304570468 0.05947859098695635 0.055503569883818715 0.042938815062220345 0.007267819546561881 0.04854699963721601 0.0652844709469176 0.024848977011556483 0.08708234108916778 0.04314520511573995 0.08250220649948883 0.0822394289603053
32 0.08269194890532028 0.016174237023886193 0.030074503560214613 0.06373709006694028 0.038531794985812294 0.07549154949484238 0.09030393519494913 0.06672926380983189 0.029762253043396292 0.08537104739033935 0.011844367150332758 0.0037213754310675214 0.05392000161271805 0.0921468657411426 0.05479252765197668 0.025559787435826722 0.0520699295719852 0.025030856180839132 0.0242599907568171 0.07778667499176148
33 0.04360172829469723 0.013126638882943319 0.06701391499956975 0.08757956678658446 0.03760575517752571 0.027597599772194906 0.0614791497457376 0.09386043294855863 0.07536161814931637 0.047615135525214715 0.0210940379424619 0.07399572113790673 0.04114183078088714 0.008532676641341039 0.08457100458081829 0.044081176145148164 0.03934925161774007 0.03473912113408015 0.05660120661915024 0.04105243311812368
34 0.04821100336928775 0.019418689157994443 0.018253669996472724 0.08454080321334698 0.08473683192631334 0.013036506382921012 0.028852348021991693 0.08391334209978493 0.0788264322871291 0.020718274911389428 0.008111595638433982 0.08685182605736726 0.0824795721577482 0.029501687886256664 0.035838700825598736 0.09499140283977467 0.05712909937767671 0.055097041167242004 0.03879816786224686 0.030693004821023506
35 0.07767495316591969 0.06955407507106529 0.029989732732982423 0.06462364689502406 0.016271037687188076 0.0004070919932983168 0.08032420439215311 0.06503390105992109 0.0816709541323434 0.0035594081870791304 0.07063454192781589 0.015233068551126454 0.04645758809366652 0.06694375429532556 0.03983078548134984 0.0776188189335033 0.04543635179651358 0.05706661826038358 0.044444148457273604 0.04722531888606701
36 0.0711552641506522 0.0684370118557567 0.026275240995529418 0.10110867539413687 0.07773385553936368 0.05834434660792464 0.05474290643041526 0.06412822387465812 0.10063336473369916 0.027708761378401357 0.015139961220572932 0.0606994745991773 0.021327092538124055 0.056077038289878645 0.06767196066121428 0.04375846817909784 0.055345085099705385 0.0049917054719287555 0.013764227537526229 0.010957335442237428
37 0.07261390843767006 0.06130700014715371 0.017733604757493894 0.0288038691852538 0.05894847351629514 0.07314064485274009 0.018429060851054137 0.019607450623217292 0.04679938592786825 0.008526305027849361 0.061026506028614355 0.08519075969437032 0.06025947150014565 0.043749867559921295 0.021805760033111323 0.06141491652300164 0.06634069756075009 0.06468384671614719 0.08315344227962236 0.04646502877772012
38 0.09987281287313321 0.06256150070373724 0.04984864534955682 0.007294005108481932 0.01734360718634302 0.03993542242223602 0.031376841731413696 0.004700920047161275 0.0015570116036828906 0.005856126832634242 0.09320099840941891 0.018432914560764818 0.030722041704600137 0.09649280820899751 0.10661158642305511 0.04094126547480596 0.029731692341715934 0.10818002605672937 0.09207852704902096 0.06326124591251096
39 0.006372360704322239 0.06069666030250862 0.005513544338372599 0.07995193783237875 0.014472774403982598 0.07103475065714761 0.03662706593516387 0.07311166782306619 0.009876622990606543 0.04206447870059642 0.033703872770294525 0.06740009974242858 0.060036329378435914 0.03855103016187506 0.09539895329649606 0.09657666524459545 0.09774969346312123 0.06945105318044693 0.03514757890660878 0.006262860167552201
40 0.054598514376589 0.0993369185068069 0.04240771924201415 0.04712815963146984 0.007633033030852761 0.07674302031266174 0.03506915168491263 0.07614336208343424 0.012669961242770568 0.0386324663132124 0.08810474584723177 0.08270985506307005 0.08614206040304617 0.024079053728375988 0.05194838512076399 0.025885124977534247 0.0459465225726252 0.05833943889916902 0.0009841696378583508 0.04549833732560106
41 0.07802476663788299 0.03937721204126123 0.03340853343059587 0.07982028455155034 0.08916878946515538 0.056247149800238476 0.09321694370375094 0.013262144049555651 0.05597878590660869 0.006570004182874838 0.06353885042745294 0.027265671755874618 0.02864458927027106 0.0020169257885103552 0.029016551024586255 0.05791816230395607 0.02456547390047518 0.08169391763821235 0.0914799858911865 0.048785258230000295
42 0.055097792178880355 0.061426114091649026 0.043160181797019886 0.08675957379027924 0.04944985699900047 0.037885229858066395 0.012644977071038312 0.06145355784708619 0.06660994908905102 0.0025953353632990426 0.020887042229959258 0.08766357130575549 0.08901363702122782 0.10041552538427453 0.003079901287965923 0.06033350750917923 0.030284361826609024 0.04840384473666281 0.08281265102992406 2.3389583071807883e-05
43 0.06578989179701569 0.08954001739599628 0.05128625488131092 0.10913217807126835 0.11106465927213871 0.014336020620458143 0.009660674821592241 0.04064575473416821 0.0580704544423836 0.05678027183643054 0.041332531969213965 0.0005540258412885414 0.010774943802858063 0.046929033669542354 0.08288771227656418 0.05589381153674703 0.0075679842676502004 0.04475997486706148 0.07025250856821806 0.032741295328093424
44 0.08770169467093142 0.024028669095003632 0.03416850115808037 0.09247224512228301 0.009033130570968466 0.060359607575459655 0.09005763553440288 0.05484591939751591 0.02047970070171797 0.08147563339927846 0.007618646421124896 0.09907496923332502 0.017303701220917938 0.02067808025974708 0.040866970729811734 0.0067134001506978305 0.08591646644940003 0.06878739556444442 0.04472539356038042 0.0536922391845086
45 0.03426441112593398 0.08754222688229098 0.04616130288351415 0.019719903530009995 0.10667877520851336 0.07855348615648602 0.056113804577768635 0.08135962096896202 0.01238462871052044 0.040626752518834366 0.0064985462833761715 0.04893295711270316 0.01083763135529559 0.0049806745164270435 0.04728989206355359 0.06536782229339083 0.029333995960441738 0.031803003079700444 0.08541478060365437 0.10613578416862296
46 0.033965600412152366 0.03353006756355827 0.022309050768939326 0.07945399613571928 0.029988616926303 0.04827847514425336 0.06552858320361193 0.00816934954762814 0.07065112896519478 0.08978203434477915 0.07153503328580454 0.053301896116367965 0.028445468418565205 0.005194235080370133 0.07434204210254164 0.10085891482518448 0.09970543458472815 0.03608341396497018 0.007504794817650007 0.04137186379167809
47 0.04803174680329134 0.08669174544352382 0.08739508227316531 0.08837799837393122 0.06895112010126368 0.07168677555531605 0.00926294540877487 0.021574920919621984 0.045888756586951567 0.006938852078861676 0.07890111996039886 0.08395639179597444 0.06376512586201903 0.009294843285479741 0.029384363987602843 0.0070045120717187525 0.0027637583804491256 0.024399396913754194 0.08680375170621588 0.07892679249168554
48 0.04355600824433747 0.03991751792360106 0.05898301469356875 0.016910674615309488 0.04780377898106826 0.021479608544414167 0.03308628519161816 0.06689882295755314 0.061126883752537046 0.08008079401652074 0.06625710280407424 0.06872065922811597 0.07258316610118772 0.0790692117312211 0.023720748319323054 0.08254090141007141 0.04797684058730773 0.02397802532606136 0.05336250708579333 0.011947448486316114
49 0.008074168906061942 0.04904282921264475 0.00238661087421336 0.10778171353740251 0.09780875022726138 0.029659028454667075 0.018063086169196538 0.0022081574873715096 0.10199236876992629 0.04098148342636363 0.07335780887503549 0.09863966784313337 0.0581400705881693 0.014445091958877145 0.03825674447636556 0.0452257628673004 0.0011942853201933675 0.06670596547804829 0.07345340551354754 0.07258300001422067
50 0.017899179562474943 0.034540472624331235 0.08654016904375217 0.037508729214790704 0.026621164965813328 0.08382332809789843 0.06182016652311406 0.026155754482305615 0.06065665339870902 0.005571476824796749 0.05758708210286807 0.055895014966297424 0.03706704461074755 0.0314806876815685 0.05124805170358578 0.06799233933144166 0.07216567119502636 0.07502316480651534 0.07060050809275718 0.039803340771205876
51 0.08351519221656921 0.028737802713552422 0.041922885362590895 0.0471446392165922 0.045382610614775755 0.08096046717833698 0.012055835089735102 0.07090930999634414 0.06562034677044787 0.05271948742882581 0.06236148759943854 0.07312494911660081 0.08067794213389526 0.03795736556824655 0.030939928340566445 0.037461691895215 0.029018782414414277 0.013998018133432742 0.07195071272924805 0.033540545481172045
52 0.06719960699580105 0.02510825188553261 0.057505514864120894 0.0017831645515037524 0.024586813677646483 0.05976283216487705 0.05260590226229079 0.05597950371162283 0.06049200924481234 0.05201414455363044 0.09030830880764178 0.014970427844442512 0.1000158044754454 0.05249971998743789 0.0858859061735413 0.04240349032725641 0.01327792811543035 0.021993064262095248 0.09465108790309758 0.026956518191773225
53 0.05197168807457883 0.029808359234307708 0.06546866331179799 0.07591566373338879 0.06980771299181275 0.07698283037166204 0.041418741157834414 0.07557251260046538 0.06632961584414604 0.010516070113832023 0.06604190256274477 0.05933208242938388 0.03559502561913625 0.03537179547158641 0.07591713429991845 0.05015793934711143 0.014335811252213289 0.0147610065291651 0.053528936735719825 0.031166508319194566
54 0.006071144563437506 0.0846216469552666 0.02345649966770897 0.06200232965634167 0.07809902769409513 0.0544598480468671 0.03175771954461585 0.03315368550062739 0.09623068006920442 0.05399935563844298 0.005380753423352423 0.015698364736631495 0.08534207996896437 0.0631523199660575 0.0835972229080126 0.08403633995143815 0.0355307357712846 0.018923395009161344 0.007134114661118207 0.07735273626737171
55 0.020725090936174733 0.03381417153122247 0.08771159334159406 0.03236267533349562 0.08570615790188958 0.017613115923353254 0.004273086814861385 0.08434248702594632 0.0527529395646371 0.030781730380751483 0.023026840756422938 0.048447094107188456 0.019166054924652086 0.08821627462045838 0.0712406332439962 0.029434082920602556 0.08723145472595246 0.050541728194062205 0.08209071134194454 0.05052207641079428
56 0.0697324347559315 0.014700477614208092 0.04425824658476172 0.05908968179478272 0.07449418661071838 0.11286056097267573 0.03788657986695771 0.09226871692676934 0.028159369571227118 0.004644015672729965 0.020258203470805668 0.08898834201333891 0.03909428805585425 0.031942790621907184 0.05614969791460536 0.025081177183057194 0.003936617242718954 0.014039565386367482 0.06655740374668709 0.11585764399389548
57 0.02629485701220985 0.027373876112722618 0.04694086288090309 0.07425003807672445 0.0776946310448853 0.04612653139318287 0.03481716790282076 0.07265051636703126 0.005811903674414909 0.01855228702980821 0.08030556014360575 0.06833904848800067 0.07607945451231514 0.03146829540728447 0.07789573298410939 0.07761383373873432 0.07309805536940356 0.00045033338386358797 0.029029839607038668 0.055207174870941275
58 0.012405890554917308 0.01512808870719392 0.09310474962587624 0.05450587205369712 0.046479656652767626 0.018788435990430206 0.08336552010781668 0.09838057535547802 0.014503673671542991 0.051231916525019836 0.00022567431638489643 0.06761805803943106 0.03281638598939213 0.03167752365106581 0.016721214028310033 0.08632661918493863 0.09847296530067579 0.087614420642724 0.019408954721111586 0.07122380488122598
59 0.05332891551851368 0.0742521308800224 0.044896228914456555 0.017966214462350374 0.09736915692065795 0.07452265992348614 0.09685294467897458 0.017534729309802627 0.09737491838065698 0.011416696632610983 0.009709965690638657 0.06952362902016707 0.049829044723368215 0.003334586601595643 0.016822732421974414 0.0559970595085099 0.017588140645791107 0.08653290497185169 0.008562144821619799 0.09658519597295119
60 0.08620485343800961 0.03149025027919532 0.07566497045012659 0.024392395526303283 0.061458583102515944 0.055876315531847805 0.01973177232913741 0.03742896210015053 0.034815308036614624 0.02749241181047542 0.06865246642710474 0.049426203454916294 0.05723976000448238 0.07370383403514484 0.03547277146745333 0.05811256273976701 0.05513566311066883 0.057452213686401875 0.08494806823947328 0.005300634230210928
61 0.04940615744831348 0.08005021508050639 0.06270981309708826 0.06426682283749835 0.019610478013360244 0.04907517471526902 0.058948012490883224 0.06549621290628693 0.01793346426546192 0.06338177408492643 0.020607323657307577 0.034804582729028186 0.06886798116436249 0.04515255914891789 0.033250564617845826 0.08385640030110803 0.02111250024651747 0.0680891135734174 0.031564870764541286 0.06181597885735962
62 0.07644442715173419 0.06856633754028936 0.04663165124157665 0.03017150224094943 0.07344547722417147 0.020826057615479746 0.038896228581349904 0.06635984067245894 0.03875213337716586 0.02852160245913279 0.02609198514690761 0.07649068792833698 0.06863533610192425 0.07718068675218484 0.05941036190187921 0.03602416667425073 0.021900730472463555 0.06538994283818893 0.031140123565903316 0.049120720513652294
63 0.05738033732033793 0.04703315072599233 0.02189685611773673 0.0655211624299095 0.034256193398025825 0.08935480967241373 0.05280189416524306 0.04952772244387065 0.00928288402089931 0.05357174959784534 0.004301689765664426 0.006788901078686021 0.0935710338293591 0.015848278863217075 0.0442404435056664 0.05746705673140714 0.08553706633744076 0.09443799490631911 0.019304318859913582 0.09787645623005188
64 0.018748176008445784 0.07282078996888026 0.052457319782810624 0.03705307735452544 0.079377843292165 0.04763541998755434 0.04039962814123008 0.009536542434929648 0.04709011442520464 0.028288150245225987 0.055575223392104946 0.05800116219648051 0.0733785899300979 0.010569111303946095 0.04596034339460156 0.07812695960727518 0.030202117537262815 0.07397401955806017 0.09327862866997198 0.04752678276922714
65 0.016308043101108317 0.057818806652726505 0.03801888122668555 0.05645069406576531 0.03185146771150353 0.08834068818728502 0.08099388544515357 0.02877138294852697 0.028595925399510988 0.03642546588745428 0.09019501852855283 0.07434050673810767 0.048927414091170345 0.02769399121084182 0.04213788767231741 0.054950226760325876 0.02873788183224301 0.05549486255441473 0.023736026735758014 0.09021094325054825
66 0.06723034371427977 0.051080386637984636 0.030749958630174937 0.034224264712275944 0.05790503422566696 0.044482145729423696 0.054225107873283364 0.07283650487606326 0.04053722958407014 0.03718107098495449 0.06133868076401613 0.05371321000734574 0.047213888639449815 0.01570086470339327 0.049128271962658274 0.08121978745906848 0.08162946382152228 0.06791748213541911 0.013899051726631802 0.037787251812318
67 0.06644891862641494 0.0782679407186813 0.03395263732714324 0.015651840271943652 0.06365693085272618 0.030073523472284643 0.02799263965452536 0.09547496932607098 0.001887870988833812 0.04647440264775294 0.07152408879417023 0.025293354052241045 0.0036443027486508365 0.028245603740257884 0.06692545757452835 0.04224661889350079 0.08367756187786055 0.04594850357550634 0.09134636171921426 0.08126647313769275
68 0.07822833747756222 0.012909733547915135 0.03944373317415722 0.07268057171111718 0.0006744133134343185 0.10795638023298909 0.10088856359546344 0.011491325993344036 0.0715782957758957 0.015726262738706642 0.07125394850577857 0.03812416215103905 0.03175075685229228 0.10128380721407208 0.014001010021789535 0.02204258574296463 0.08259256170334055 0.07517028543520954 0.03467691684818299 0.017526347964745677
69 0.022354989123884898 0.06359774823992394 0.025885916327217852 0.07396890611405926 0.061568603268823775 0.02891410154958403 0.08799676410421683 0.028526230500087683 0.03253913881438471 0.08210380488358929 0.07029576174153163 0.08077407537961649 0.08581498624116059 0.04035875485709665 0.02090405203613638 0.012246841023761236 0.049033852778365056 0.0193171505728005 0.0575908133465827 0.0562075090971765
70 0.0416250815257537 0.06001141369302098 0.03185414113247293 0.007139102454642949 0.053153574294248586 0.03177487240930112 0.0018564517498980936 0.06942169147312438 0.05787607459256751 0.06512372108609038 0.06931014163230097 0.07094422450722764 0.0075058343850406785 0.0020425237300738717 0.06445539094636106 0.037945339527707234 0.09456010986715109 0.08169525024973769 0.07903199355160935 0.07267306719166959
71 0.09854578319582051 0.04590073694689076 0.04919824294807488 0.06195076663677273 0.1053672806125155 0.029677351777687717 0.05496961785307216 0.04226204231404685 0.0026326066918324507 0.022759883912204706 0.04239642051755522 0.00446241701739172 0.11290804982411569 0.017647725179752296 0.007882597942806418 0.07409239920263852 0.11036373323060276 0.016233931363015805 0.024688012639447407 0.07606040019375615
72 0.07203477679152233 0.038628516719880816 0.01469115557238137 0.06529497793307876 0.08567783937800218 0.05954030931040949 0.017590494883459505 0.05888605294121235 0.07482881616663234 0.002050661860315329 0.045900842964472485 0.037590166451826806 0.07544883225486394 0.015668517780433322 0.0733057309117306 0.0310673920375071 0.0728546083416946 0.06535955636219738 0.056082362247855816 0.03749838909052347
73 0.056277457130649654 0.08981404423309426 0.013178758213926712 0.017697952391381305 0.0027605998546447854 0.016281490236716097 0.043421195561419476 0.09297726006676624 0.03938600665545274 0.04094452990517908 0.0475150631521888 0.045026042687934184 0.005728372419559091 0.08040785259525023 0.07769025841959429 0.06527542757799906 0.03456409432033463 0.05828553261793874 0.08588050166427691 0.08688756029569379
74 0.05442578812280497 0.014169262073675745 0.0023084224378955667 0.04379109552220996 0.07377503330733225 0.09422051088759302 0.05041697195271843 0.05749229783329173 0.08135511415249087 0.07106440631602605 0.08364670730890836 0.028897322546626036 0.04612862690183152 0.009540769320221146 0.056146245395520274 0.03619188385641522 0.09960407456701244 0.059707775868441344 0.034870241862033066 0.002247449766952006
75 0.06679587891742876 0.011113988447604637 0.035419770092596885 0.04374304933670223 0.06042029116615889 0.036828471853065745 0.07015049038843003 0.09740826087434197 0.04826915455513156 0.07538121127448875 0.058971682524442674 0.02443647684468462 0.0819812779120023 0.015827384551209512 0.07628641032240366 0.09078762927342707 0.02159345494554804 0.06874256587996533 0.00787247587131824 0.007970074969049062
76 0.007136460555114858 0.08903966273452471 0.06587937922091136 0.07102088537363217 0.05974808692552124 0.018035225782834282 0.07607617563453672 0.05849226078622665 0.0949398464674184 0.029747537750925725 0.036594524863096924 0.046727256400152 0.04297736851830655 0.06084499991284293 0.017857878548785767 0.028664505423892997 0.07842511710967794 0.026965817302547032 0.031547034647302824 0.059279976041749075
77 0.024793318297513668 0.02090211873042506 0.05155020153069488 0.019532215721961347 0.062210367735677716 0.018598888637702104 0.04295369498227962 0.06196487358704794 0.03609532656935927 0.07030895858036422 0.07813873790165576 0.06494767126423023 0.04814368661135434 0.08801843242469572 0.07541451234664985 0.018759408301689363 0.03615811408122793 0.07074397506638791 0.07764418948379526 0.03312130814528805
78 0.04983120750121069 0.06634401036903566 0.06587823369217581 0.044902474208803375 0.032742846172799364 0.07092766896014958 0.025483971740891054 0.016904727374030027 0.028406988817438302 0.005937436422493297 0.060692158696919615 0.09252826419934637 0.011335850167872615 0.06090272959239598 0.020642109910766315 0.04565176637560427 0.08944875284591337 0.03671658294198292 0.08782574800900429 0.08689647200116699
79 0.06736355998633588 0.03303349995353016 0.03841014645023775 0.10035873816644696 0.018834151093543416 0.034673233946966815 0.04545612628638038 0.04821055664626193 0.08165379429498781 0.07029357005691945 0.02691807838825791 0.031167558666810806 0.041466353446925654 0.0714111234189992 0.07957614802581729 0.054403713144016486 0.013352119979252428 0.04492763834683453 0.062019135170675796 0.036470754530799336
80 0.032654894413858944 0.039988270359399676 0.0466201565396566 0.004999527262010352 0.03006665831203068 0.03530393363341579 0.08700881997236443 0.12541848688265964 0.08955048165279204 0.11080663116248254 0.0008067269109674047 0.08107640098976224 0.027928227083130593 0.10105578367535362 0.019966248648345973 0.02914623465609857 0.03403462158366679 0.07127244906158399 0.02957356853266119 0.0027218786677589506
81 0.01287477954038969 0.08393013734130492 0.08684144694590182 0.08662488732536353 0.06528694294197918 0.06255836557772763 0.0775002968701044 0.04984333158639361 0.008748631135127619 0.005432699918754801 0.015229234491981915 0.08738221560941589 0.027439236496623307 0.00485667373935259 0.07081669991692752 0.09052975470835305 0.009332260604062809 0.06942696978469377 0.04819789299269267 0.0371475424728491
82 0.02987946471846769 0.014452634917329009 0.07477552288855382 0.022521809447337737 0.011782660242957776 0.040178465798066346 0.07669693975612427 0.0011255739631500252 0.09713040526891537 0.03907744127736733 0.11853746855085762 0.04665964397760304 0.016043602623749903 0.07161958194876805 0.0007145397601353841 0.09912744703694833 0.07783144056332451 0.05532846493561988 0.05807606103266422 0.04844083129205975
83 0.1027723751567718 0.01607006089670058 0.03579562104840464 0.07359866798313124 0.04072721292586111 0.04944951950241062 0.01088597028476653 0.019137857832610558 0.09215217065824396 0.05988554872562413 0.05065599020033996 0.012283574208571263 0.10823958165529114 0.01701130652540596 0.04682790314924666 0.0687538133176371 0.015428782667130159 0.0043844241759411675 0.07852990052942896 0.09740971855648256
84 0.000993991781774071 0.07369224529670312 0.0187281809582788 0.05016074367591342 0.05817105591121202 0.0729911341992336 0.07136583148741628 0.004903718539413597 0.0598838593173352 0.07658311938768522 0.06424895875536263 0.04698625751918371 0.055131112873047367 0.01774751395019442 0.02562919282677178 0.026240265608458015 0.020027351183909026 0.07309643469461527 0.10798073941493207 0.07543829261856028
85 0.014165023199607059 0.014474236587320534 0.06716127426158332 0.036728473084155215 0.06051594241094832 0.08352250473826042 0.03995121478760488 0.016566409363649275 0.05349774384742836 0.04593570127720924 0.04690758440083889 0.06553766460545021 0.06643102830194408 0.06277819706668372 0.02995528106226898 0.05930065037711433 0.09608216753613533 0.08591400777274433 0.02080876981892536 0.03376612550012811
86 0.014105114472585363 0.11285457127787693 0.10108454391745073 0.007701130326492705 0.019998312724482905 0.09951293234510589 0.021393738987122293 0.06296070274889738 0.014807020769701588 0.0788586791371035 0.04208146785172238 0.12444319742438006 0.03446300627965052 0.0611454660188426 0.04648760726239947 0.010560820177512125 0.07785870218963718 0.030491792338363754 0.025524454197216245 0.013666739553456486
87 0.010792742816408912 0.04972150246590868 0.004290034989541504 0.015319163017797198 0.0605782220507145 0.04866226643213541 0.025072100303742403 0.06997718427156281 0.0012029017564835981 0.11520139888402592 0.041914974192643895 0.08068234245463007 0.048202131175729926 0.019994657076515543 0.09665597639049595 0.02866313544955127 0.1097170544713213 0.0737195316736214 0.09681328217706629 0.002819397950103395
88 0.027432639295141153 0.04391868594005411 0.01726744354201051 0.03687468161099253 0.017874549678916236 0.08528614029794782 0.09861972772193892 0.0945507300121916 0.08037646744001416 0.032112807713153564 0.005245072239234282 0.05904288939467705 0.09366133151588418 0.020499473592906343 0.039012130145048354 0.018219790371739746 0.011383757777827944 0.06002787870974797 0.07580336671438581 0.08279043628618764
89 0.016429683714181426 0.04621762913947049 0.05482730960344781 0.080567599809266 0.08107856603795402 0.0017678579454427632 0.03940320347201112 0.04257488697725083 0.05941512859620894 0.057896931385975466 0.03763917970846928 0.07330126998905466 0.05642272667879827 0.054180180230494895 0.06984659468803432 0.07400802473215827 0.05346110492295793 0.05636523659114971 0.0022856053050662683 0.042311280472607536
90 0.037161271794204774 0.06064867990747035 0.07996162074516924 0.08083378271988556 0.03529144490269242 0.02744862065542329 0.06793819636698634 0.025122754539143265 0.08477441191406289 0.020128953423932894 0.06577746947433578 0.08363454431364657 0.03100507681114682 0.06828971642823757 0.06054119225301522 0.03896208347971497 0.04318672890892941 0.02106996813937119 0.02429086808475431 0.0439326151378771
91 0.04516504776398366 0.054568298579934046 0.011367602942693678 0.06757426126642666 0.07032370912504017 0.068956191673349 0.026212357739561497 0.06981963065147129 0.050829731500118484 0.035445429753673215 0.044523951450986594 0.0057408399703659475 0.06321751995569257 0.057528900721129185 0.04346544915073556 0.051083182234319784 0.045222649845042366 0.07044576075510585 0.07157059430856978 0.04693889061180081
92 0.008474338579961218 0.06928401689976488 0.0711138107986704 0.010602790325099521 0.007972086165471386 0.017131720375974126 0.007945562621068094 0.02567915507230289 0.08425010663760418 0.05279687814209483 0.0604891508472006 0.05330574173883447 0.06261865646930702 0.09620326585252567 0.05793084709254492 0.0273493386911814 0.08110032654020526 0.07989830096601415 0.09115852080517292 0.0346953853790023
93 0.0160202619834265 0.061444396761748725 0.02654455709436337 0.015260994776757153 0.043117880904460906 0.003398697657133299 0.008918513961786981 0.07492960038752375 0.07852987785130945 0.06151225851504692 0.0972913368393025 0.08981464582273989 0.09803794669102109 0.0878188713406937 0.0063880685068170625 0.00017187014201280808 0.07010375095681566 0.07303600494573376 0.01563956947775006 0.07202089538355635
94 0.08108280522807661 0.07939877263153611 0.007518962041937423 0.08148227718154825 0.04870654855622657 0.08617933107574882 0.012646420620878639 0.0003779591963729811 0.09082427189934708 0.07436156105427544 0.08482440925954388 0.09436968378222074 0.026124124089363886 0.03807106587684103 0.023129115662999883 0.06349636626411986 0.008606339793933004 0.001772318068384828 0.06653020924010035 0.03049745847654439
95 0.06905010409629118 0.029696700971976697 0.10354955097452462 0.0681102466852625 0.019016492732802433 0.040675617483195134 0.012958243637193508 0.08410904706046882 0.04358895368953287 0.04939047053041302 0.08818138543989956 0.012874420664599125 0.006463623618783992 0.09810841293035553 0.005129763441948603 0.04272095662913956 0.045577456986047676 0.06641677625197825 0.011471692883088485 0.10291008329249834
96 0.10209494980745107 0.06292753329833464 0.01121962041653827 0.06372889788661702 0.00804657398462114 0.09816490107910882 0.05139485217836261 0.07740481952530912 0.05540477811443234 0.07346922248521831 0.05999039604659298 0.006410355073461032 0.019259778911369374 0.035502656657237876 0.020094845165189675 0.07589091448144408 0.04414530055248279 0.03364706751266896 0.047251185106186276 0.05395135171737372
