0 0.056455412411764154 0.05346503095154726 0.051696903469562745 0.08822023601339626 0.04461580433781124 0.09471981773552503 0.014984140379791785 0.0071027836339244265 0.016474285777201704 0.01271809029993522 0.035906466212013044 0.0763541799152641 0.05053312927297664 0.02845300882194865 0.06642829299791587 0.03708143860401252 0.10153389813211129 0.02586212642281978 0.04939447395482815 0.0880004806556501
1 0.03935521132037328 0.014159643898518974 0.032252294915336044 0.058662313149297624 0.07394793198315472 0.012450394417958551 0.07386813399665926 0.07437521885937487 0.07074490861901658 0.06875294558340692 0.05934591368060017 0.043196780104932095 0.038379157357930405 0.047985035297666956 0.047651649308390887 0.0721317292984056 0.06026243373009277 0.03473709303268223 0.0037356968482858692 0.07400551459791636
2 0.01054690514935434 0.020101017332668756 0.054244116763076215 0.008687683757612022 0.051969050661598674 0.08228363774985147 0.06574386390332242 0.06020309582123674 0.08035440244572517 0.0724014873392523 0.018148447540529203 0.03388859513137611 0.05755774383820232 0.06876840628990427 0.07949297475636075 0.015279082609843179 0.011179944549816861 0.06866477765220336 0.08599785767115237 0.05448690903691353
3 0.10026852893193737 0.01989801866788018 0.008866843721788968 0.005756772819992851 0.0008005518941170647 0.02566462882250258 0.05986174196875023 0.05869137362146933 0.04791101838564475 0.07939630991992308 0.09876809712405228 0.016446960439473676 0.0003818997914948453 0.059367341591402376 0.08278579568279971 0.017121325827221666 0.09729480321043762 0.07930782119559047 0.11246862358806888 0.02894154279545225
4 0.05754409348680568 0.04110817526175127 0.037455655328668035 0.0035396619172855612 0.046327636663247775 0.055524495697257176 0.009658668560936381 0.06827703479781012 0.03954133624365845 0.08726406238858557 0.06825819048835345 0.08798165616066342 0.006809144315412466 0.06972870311228786 0.03474182932587521 0.09354008130966668 0.054133719573932454 0.04269044713087966 0.05785536944251467 0.038020038794407976
5 0.06444964996232307 0.012232942757818076 0.06011938805558888 0.03404768555006711 0.0865727125599851 0.04860898067393534 0.03983829011336011 0.06216417613883307 0.0251514532232068 0.09758099307301873 0.04204614206921687 0.09521728743947606 0.007663195145817851 0.009282957735209704 0.02422549353818554 0.02425135033185968 0.07132109978424342 0.05785985012833771 0.07677813729225909 0.06058821442725768
6 0.07788792404610329 0.020485835536773245 0.06544611697328846 0.0522832627161027 0.06929840498155034 0.08355806169279711 0.01722775011420592 0.0010302412018571654 0.00642953452065778 0.0682788984097128 0.08057449953946524 0.04260081509752927 0.06914222742714989 0.006642477477265347 0.05896005221291089 0.05425747650212649 0.047455702061096006 0.05625379632161038 0.08761712860157599 0.034569794566221806
7 0.009449165005883164 0.04526248608418619 0.054464582002592465 0.015126435683042932 0.03927474143272851 0.05282455224416695 0.052622117783173536 0.07022905541718062 0.04728780813225519 0.02421632598286688 0.02656855741735537 0.0736694571493554 0.05588730119115963 0.08429793206767895 0.08105916164886211 0.0618701641332105 0.029749037283806224 0.04242341749182047 0.08226192294982972 0.05145577889884527
8 0.015347265884527471 0.06504200134202252 0.011536103168537247 0.05897443967069858 0.06283212340010193 0.015590945849251544 0.027387211002134388 0.10790828718593587 0.09891102989727142 0.04077476076017767 0.0828409526658413 0.020455863199793457 0.07015244461959765 0.028117910498639646 0.0808166338531166 0.03935279625469407 0.05754672306018213 0.07801062898609039 0.012335936488028826 0.02606594221335733
9 0.07458197925109701 0.07929109239227501 0.0317607743814698 0.08055420851121987 0.03666409247961114 0.044795592357761434 0.07462974411417188 0.028986911064298557 0.006761266460648247 0.0632688480625116 0.07831687232844403 0.0828925128741718 0.06327096696242537 0.02890625623094668 0.04345302122892275 0.010230806227575369 0.06237519198002709 0.054245261543901094 0.05347997879161877 0.0015346227569025008
10 0.07177349096378402 0.009305304193859663 0.010878751403303506 0.022066014981160776 0.08594304888881511 0.06047900373444276 0.048009973956669574 0.06333844804351917 0.07093165345263187 0.01245319641605828 0.03203586709188248 0.04395657144379369 0.0846940892784133 0.10198593704724682 0.01629845312822278 0.03491668064275934 0.059200280854622374 0.04005966924708944 0.03022688998521545 0.10144667524650967
11 0.04616606890355619 0.028898968745175575 0.020712107092921136 0.05576706677789179 0.09815184116418098 0.045261119826200194 0.06217205965277704 0.003200279204489741 0.07528698541150812 0.03213365766748044 0.02949716998683305 0.004304117449882302 0.018971298102199368 0.02309197153959297 0.05644745912184911 0.07616477729031937 0.09896943499577184 0.09610181820810614 0.03644763176508309 0.09225416709418137
12 0.06842405791990294 0.044036046700975974 0.09610165992878639 0.0997086867323161 0.08097018278682251 0.060586977016579675 0.028135046660848876 0.022309714659730046 0.05683347397893182 0.046718107147750154 0.03723030855590811 0.07026808442272578 0.00917628293260322 0.03225119756848696 0.06621099642845793 0.0832403235410754 0.011600857914147377 0.0050065563619310595 0.048600612413141744 0.03259082632887793
13 0.025688619088434332 0.0648601349765828 0.014694301559973635 0.08402933014416404 0.003772682531989193 0.0016388607061891324 0.08433693813197925 0.03454662645791654 0.03482516809009805 0.07733462131147698 0.08739708914404956 0.0636107104290185 0.06685234632027633 0.07436027030542489 0.058735116498587814 0.04462127647285637 0.016628629974600583 0.006746835422625248 0.07519197681194018 0.08012846562181669
14 0.004534226582721049 0.020201832886899872 0.08222180925591378 0.013735392261201632 0.08174429750742854 0.05285115176003144 0.03881696848501777 0.0856470158145264 0.06893063716072136 0.062370632093094264 0.09658062948219522 0.0838144751457468 0.05342954372757154 0.01336084028008677 0.0816239738408262 0.02593416491928825 0.08669706813998476 0.0011531600854488904 0.029759713632268755 0.016592466939026513
15 0.029531574318168396 0.04071070960723434 0.03830512896017287 0.023209290527939744 0.07381020501773557 0.00383316986302349 0.005237828968287377 0.026767279807756165 0.09082205304465292 0.09935300564200454 0.041867691194568596 0.021878869896411336 0.038417135614712675 0.10308644983444565 0.08291702893407782 0.029819428528811052 0.050408922420910704 0.09513906446295413 0.017298037109687706 0.08758712624644494
16 0.08959242102285866 0.031816392507597775 0.07489066058074116 0.0053780312807777415 0.046973264636797296 0.04802489103986415 0.06429669798325462 0.07672245594108808 0.04310150556103858 0.003958326923433478 0.03138816079672057 0.025197802356819475 0.0003820856388114385 0.05285745020494986 0.08970934356753621 0.09939926215913089 0.019014785843669876 0.06833442365045504 0.050271262673819525 0.07869077563063549
17 0.06563227142917961 0.03282760368694526 0.0008708212482160764 0.09670582222549931 0.020545850455608538 0.061440098569656036 0.10644568998935588 0.024098142839267495 0.08995306726478183 0.08354699023929872 0.04988949361986397 0.01529930023456873 0.07633241690597298 0.026901394816405064 0.03465861187761094 0.021082028049906602 0.05206446435279071 0.001993016911179718 0.09051351996836939 0.04919939531552306
18 0.08315829457224555 0.024744171012832775 0.01547866847627734 0.06873466683127792 0.07475180287840798 0.07566767347652832 0.015118277635712022 0.0562248764192632 0.07952865264114727 0.07436015791388241 0.04808576246816026 0.031979193967546025 0.011277345476984555 0.059628575813156885 0.03845743268359703 0.07827550016882287 0.030125694953502716 0.04855596246101091 0.06214680144091159 0.023700488708732547
19 0.04508608810479133 0.02064621295340089 0.07609901317391517 0.05681983461090924 0.0864990147592211 0.049053433908051294 0.014684854486697702 0.05030104630953241 0.013473401294972298 0.09082500710707021 0.026344366002467288 0.06699701015505725 0.051220582970419426 0.024587651958260685 0.055314640112929574 0.04799440751679083 0.04158707070350909 0.07093153770561209 0.03598106173784535 0.07555376442854664
20 0.08272897998228332 0.04948419916792274 0.06856788653521839 0.07567214312147234 0.015973719065332338 0.05530762221838145 0.07341827311395296 0.002270115770578178 0.030622533300256456 0.0022613405536306324 0.059142991881102835 0.08023908599192342 0.06784982637344644 0.05669680791024137 0.013264047237398562 0.08812427532281154 0.06251386992421522 0.02436404099605257 0.04073151733989149 0.050766724193887475
21 0.04240656075851457 0.06534666267931731 0.01834206700427782 0.05285486793731788 0.018742755366310763 0.010080453994936995 0.09827638722125409 0.03305040851500824 0.08357851074688932 0.0949739301952157 0.02339180532415137 0.011033744553892267 0.027991988026087388 0.047140139274925934 0.037057512206088654 0.04890803719806293 0.06635510504460533 0.016258394633129995 0.09018005548650695 0.11403061383350645
22 0.09453412250702474 0.03524499780902323 0.014644152859280635 0.03333832800829324 0.0908149725033214 0.05686238625306977 0.08605670345145044 0.03187019760954749 0.05362872711321769 0.003602047809127998 0.04039928197577395 0.04445136318460918 0.017769750197750088 0.07512695557295279 0.056388301839655146 0.016301763942840893 0.054034202336561206 0.08948914425257626 0.03902391218452894 0.06641868858939495
23 0.03995987711640938 0.025565042540638263 0.07984386420040247 0.07264179921648449 0.07251873446956889 0.04177647723513861 0.0010759723514171349 0.07176912513909144 0.018662074735407597 0.026746217495118466 0.00038579724337132044 0.06365443736358736 0.0019403333512350168 0.05542520529417266 0.09402541912630548 0.0977567344794831 0.08363425054953505 0.03161240822177458 0.07504263489134398 0.0459635949795147
24 0.05419289926897211 0.048981575628493805 0.06416880194121162 0.012021273957354044 0.020769015581764843 0.09034067896959581 0.04822314823031023 0.05624618300707739 0.057579447903267716 0.05323369007135021 0.04136174922015709 0.08333306039248259 0.05385025332298569 0.042379808469096586 0.04732558552978579 0.006036870342398412 0.017822933277275587 0.0927363116154467 0.030689962410078372 0.07870675086089543
25 0.04025049190434051 0.05636501681081491 0.05609602863472383 0.09109703733609424 0.010281598128691732 0.06943133729200102 0.05817925911526477 0.07948215352937973 0.05206631350935532 0.06992608697709432 0.013598896832771405 0.017898078821491362 0.07072958000997595 0.020070899261413797 0.02444085683517743 0.06150388130566746 0.06963623000625141 0.08779189348508197 0.00801985618086714 0.04313450402354183
26 0.08276533214607677 0.06081496147141697 0.05119521886854071 0.052883427597179546 0.07721173678555214 0.07461493975064819 0.02955847518428748 0.083532423687291 0.061154118744213073 0.048961469118099635 0.05200514405212917 0.03302214783336889 0.027896252620536036 0.07275676920524513 0.019148881561935907 0.03612221830431067 0.016387525297354873 0.04459982261751366 0.023768462465104865 0.051600672689195395
27 0.003320878849421711 0.02745122279668291 0.011321451369311196 0.04461461635269484 0.08866382431918447 0.08650072847738588 0.07061151941943075 0.04524048539198677 0.057615145716622684 0.012893958799135168 0.055603041174826666 0.04071411875288219 0.022810282962770576 0.0070679935777480255 0.014993851399827568 0.026923059205278606 0.11661880420069683 0.11357319874306761 0.05043047771483158 0.10303134077621386
28 0.031084417698753402 0.051558005969126394 0.06887563195601087 0.03535125906775971 0.05965329096898439 0.05998111060489254 0.07060534196929036 0.012594608987697107 0.05623866660550448 0.07309737433409355 0.07565024155989718 0.034304468772330496 0.017987309359963545 0.0745537208766726 0.008673478212553551 0.032129298780912204 0.03292752122207838 0.0725646508216515 0.07351817165942318 0.0586514305724047
29 0.07868390995946777 0.07647600368736812 0.10028216463592235 0.039006255886766164 0.05566889621897154 0.04891798944879786 0.027281211508707208 0.04947096256077171 0.029848943259655793 0.030087428268771838 0.016325020349055062 0.08267189054321376 0.03088126138952141 0.009653978261891273 0.07302643834876775 0.025232494321722615 0.026048750595698108 0.09452286182395853 0.0731925175296358 0.03272102140133528
30 0.061845700013489976 0.10891484577658878 0.06222057803187124 0.03640664030903994 0.11901643859372361 0.10996863700324465 0.04403775848820523 0.012438657798483865 0.049961527394215326 0.06714996059862507 0.01604208780483328 0.017694478497442996 0.05237532358523737 0.1270972380749676 0.006935750588145878 0.009363749205424467 0.0017957218836042112 0.012266955006731754 0.08282894684538385 0.0016390045007411015
31 0.02845810459327553 0.07478593724528985 0.06868436254920914 0.013839636559259764 0.05673828055367616 0.06414562524954899 0.050370860149540814 0.08038296165618967 0.046152221433175315 0.04275860810997321 0.07414910194025293 0.008670409508286183 0.07707264018911689 0.04835344832271253 0.042739564687504034 0.02820000549641348 0.01589019551165361 0.06457277674550582 0.05785208781927732 0.056183171680138845
32 0.05670095618855086 0.0641661067595508 0.04520561291325175 0.037932959559364494 0.026773778003409247 0.06999446933366854 0.07853213969213885 0.020327894247167994 0.015605058806444843 0.08131380438766427 0.04540317517920158 0.05021668227943074 0.006575452736819122 0.0636743401447785 0.05201972009307275 0.021194304893658533 0.03864521906929509 0.07514657609375865 0.06687299484029284 0.08369875477848052
33 0.08402699411530698 0.007522688255729591 0.07869110020326694 0.02606740783733238 0.04873780044366122 0.04745601315856667 0.051166753263296914 0.08114877418592124 0.028969608470712335 0.06008136892070145 0.05445379706620771 0.07222027018248549 0.015693930050335737 0.07265773816118194 0.08806066947380096 0.08163278011079558 0.05337852235775779 0.005173704604965419 0.0013284984682881264 0.0415315806696855
34 0.034266373382391226 0.021181541829245327 0.08267422053975858 0.07008587476912043 0.022987023762184196 0.008875261829984098 0.07806842611221257 0.05075663805926912 0.012245757456491743 0.07769481446354141 0.04749405797787963 0.07596959876817076 0.011870213978813673 0.04381592155236426 0.049048828650871984 0.06235758801838604 0.0359176356304112 0.04750084805488472 0.07749783697717598 0.0896915381868432
35 0.06975781680047513 0.011082636811939741 0.04397702375215304 0.10282373958860626 0.055334622334068204 0.02298798272436248 0.10811689947681119 0.003089431222000622 0.09874817849001312 0.07049539723806197 0.042751169846013765 0.08169213584177548 0.005531136486941576 0.011226461101230196 0.11367379874397032 0.06745496537332658 0.023262394059806533 0.00882043368834037 0.04004362327836176 0.01913015314174178
36 0.008054925902537303 0.05689285569882358 0.010947174620721327 0.07800405076454647 0.05282122953541982 0.0607296792570513 0.0030370690315877453 0.005866458966918556 0.045597667713445464 0.006869755865766816 0.06346995986177953 0.06554174866072132 0.03758349099620073 0.0844204107640069 0.06435322108763569 0.10810881536668995 0.09602801486197417 0.02449336227951295 0.07690864031462555 0.05027146845003471
37 0.10128758148127107 0.03412293742719072 0.01920284946162694 0.06674599999949908 0.053191327011848685 0.042101406249874455 0.10147367991368952 0.03724217789403143 0.072328964345468 0.013084584879260588 0.012427216504312388 0.001109574961542001 0.025443099876127407 0.022280813528838057 0.0717081375407522 0.08297767951824536 0.035435485593960994 0.07331549572386173 0.09996938429596997 0.03455160379262966
38 0.009374977027171388 0.023807102787766272 0.0732626218647948 0.07005672800340852 0.061718707939840745 0.06612977187596877 0.01970876473999844 0.06837931676063597 0.07389784769819212 0.004642246082228725 0.06445144106775022 0.04718469748861458 0.06278628826243102 0.032468473564974995 0.06820582896113658 0.06884635723572569 0.0479485987149238 0.06137885942630404 0.0007852903784351687 0.0749660801196981
39 0.07597491934316995 0.03629743787906449 0.017435820464440546 0.04801572011351834 0.024743508781907626 0.05787286256807726 0.0542390741406874 0.05574748673331072 0.0580385305293569 0.040565164165608625 0.056262786253712595 0.09509465056573001 0.07297304721181977 0.05704694128710045 0.06719448161054956 0.021103021677938774 0.02766001880153897 0.07639285671935205 0.02491325328150596 0.032428417871609876
40 0.1146968423469802 0.03973790003671767 0.08933468432695948 0.04556666705793935 0.010429190824733023 0.0625878654632695 0.10521427942429898 0.04906640853396533 0.025248326199048453 0.03007522800078601 0.05063368413132255 0.06469592199006258 0.01961171170721929 0.0014153248400856251 0.03695851923110496 0.04021419823256262 0.10034757043420599 0.03171403091679223 0.021823507361655295 0.06062813894029087
41 0.021894387405896137 0.015631191956411508 0.051776928118629655 0.12435282406810189 0.001118663614881063 0.04790474583803003 0.036654999601810574 0.10319285935921356 0.06390338336120006 0.021091944904028954 0.0737813627466751 0.03251855733879577 0.05803128581586705 0.02099052196731199 0.12346434068973747 0.03350841788710664 0.020470704835937263 0.010878618535221441 0.11031396493427788 0.02852029702086608
42 0.08813226047997474 0.048693575545080026 0.055138398951467923 0.001716101327782813 0.022982295491540756 0.0033632625341897472 0.07831320940990576 0.010377488330764024 0.04567627074993464 0.000805763657623163 0.09009720784152285 0.0628074683788746 0.008750239046171773 0.07687874032603602 0.07681330305828024 0.08855614830590011 0.04461076711158652 0.03547540851026305 0.08352623062821792 0.07728586031488328
43 0.051901201668279565 0.0878436699388505 0.08159663568234662 0.0038580739069682627 0.016814808676852287 0.07136868776077877 0.01905598855123233 0.02776826057431965 0.01722770061916197 0.011724308316479607 0.05576685594234768 0.08604866143495368 0.07365037159209095 0.09109136899172846 0.09558999673760726 0.03281160666722675 0.043682957406296484 0.0012969667501838984 0.07826424063220314 0.052637638150091995
44 0.0692493547371498 0.08464310647586469 0.05000264333817449 0.07722941468666983 0.07121215690094763 0.04107326328250711 0.0206345464956229 0.05509695798105745 0.027176072842622082 0.05767848438291098 0.056716396612459766 0.001075153561145344 0.031034726755820755 0.013441087156240759 0.08215158403532527 0.0259697139556284 0.06096757774252378 0.061999049876096904 0.07889737539379667 0.03375133378743534
45 0.01884545779834228 0.018972284807191032 0.0781440365046887 0.05898510482341646 0.07178749924451437 0.08250496964894423 0.06311110346195163 0.08998123767240826 0.06740217652068062 0.07500842587419185 0.07067729081148356 0.015261003011624205 0.006123525094016614 0.038470981909873456 0.06755152412479982 0.06487719221821504 0.015847270481733858 0.0421737780099494 0.011108497986125305 0.043166639995849215
46 0.009562056851517797 0.09105637487182433 0.09776577050550816 0.011307807282524649 0.008758801536237109 0.01981737379328767 0.05537709161137649 0.02147065776577768 0.019228094562014072 0.041012012796252426 0.013843488926753017 0.03969997641261682 0.09623118472769569 0.07728799198152538 0.020242159047724608 0.08388288706420868 0.08362540908966108 0.09383201391500919 0.023807664618653582 0.09219118263983152
47 0.046245507486334145 0.012418833872236055 0.032853308803686004 0.06179336640638852 0.04674244785137672 0.07317012069506759 0.0409383307549866 0.09629023685356614 0.06335916978673237 0.02332886415657488 0.07562921229697826 0.046230404730611095 0.045112685656436995 0.03737637691833372 0.08730578870382194 0.05196097151937656 0.04713893697458582 0.08958778550359507 0.01528411346068507 0.007233537568626475
48 0.05769054060435713 0.015383174379781641 0.08360882023923417 0.04418778016807662 0.05302792144778642 0.026798824719123867 0.0580667542627778 0.03650204033612632 0.03628791267065842 0.04503916550822226 0.028651107667564037 0.09142611073435045 0.052173612682263656 0.055308858975184436 0.0629346985891439 0.03802563658387184 0.08744099002942052 0.07903350765977044 0.009749980796011202 0.038662561946274855
49 0.04952197038861876 0.019846331077513064 0.007502351671720592 0.011868390896981976 0.010564523207132468 0.08262274158162881 0.06545240737292943 0.10502758065571098 0.05045321086242404 0.02689126547304294 0.07969040365374509 0.05679543730177073 0.08130407881413941 0.016363161804040745 0.09328153500988445 0.018465572697423882 0.10155072300363391 0.080835602184091 0.04011868254311598 0.0018440298004516393
50 0.009561032864724517 0.06112896499070387 0.10101322624240083 0.06640715646085436 0.038750758522933276 0.07329625230303831 0.06571961354701278 0.08560424513208675 0.053943300594528676 0.019495759091810123 0.0464232973180575 0.012583913604330057 0.05173243831202655 0.07430219127171565 0.055011705952795614 0.005914771845912436 0.027210169245603103 0.0072816032916670406 0.05450325737917998 0.09011634202861875
51 0.06993941773455353 0.05524802756782525 0.06842444556683391 0.04874588596964782 0.08588032711809898 0.02042076332802296 0.06866608701204124 0.0837053325740966 0.0038728026941216858 0.050175535223169185 0.00503576714650516 0.04843750322327532 0.030692483513579016 0.02194713690273554 0.0581001038953383 0.036747595533826616 0.08539968743317272 0.06505984086879435 0.052567520735799934 0.04093373595856178
52 0.0008006747270234691 0.015822971511754554 0.05081379588186356 0.05417538359363515 0.06810749748820959 0.08983471887672767 0.00014033503530799587 0.07182998794380384 0.05207031931444765 0.06563491152170789 0.07211373765195576 0.007280874453067175 0.018570091637986494 0.032216880994305315 0.030590629349605134 0.07944323407086375 0.07802814747075724 0.06343079514837374 0.08027844417092378 0.06881656915768035
53 0.09298387823811946 0.02558514570984406 0.07228541698745788 0.015734891883381265 0.029485490561274464 0.0029475871161032674 0.08165241739497671 0.07129746935117798 0.05880112090970828 0.08503941521546877 0.008219438231118838 0.09071241363501752 0.059974525755694445 0.011254542701798419 0.08547243018321724 0.05776033214878554 0.01600932708321693 0.02241274541820791 0.0765638156276306 0.035807595847800404
54 0.1117959395469643 0.007029472766090541 0.01482535051394733 0.006631549583112714 0.06280206456082352 0.0002624877147130968 0.09027501919081223 0.03180633977085339 0.01957725508361717 0.052381687504173796 0.09947072519020421 0.06967010757581167 0.07229288079614826 0.035544710521354786 0.011450675417751572 0.0957490641316029 0.06416404964696372 0.10952508716355014 0.027596561117052432 0.017148972204452145
55 0.08439405384850487 0.07353748721014863 0.03723819624884746 0.054232821599848394 0.06632838231098286 0.01907263071881068 0.0020185102191499424 0.09253645067346594 0.13104724336149837 0.07648463773217454 0.03920032891739378 0.027021042593177346 0.011824746952437343 0.06330891522861301 0.05343279073865481 0.01595724478775134 0.12459225753703913 0.003439885417886556 0.019908196054533315 0.004424177849081726
56 0.06311141766309009 0.02957113850085494 0.023452676646532226 0.06794964947041145 0.045888845204784555 0.06452421398708608 0.06974821543788384 0.024892943446829508 0.026171965119503746 0.04791385650022157 0.08641477247366394 0.06369172677750279 0.026036697181538684 0.0427566386819605 0.08624404342213442 0.08303501760137377 0.003709333187123667 0.05395196522898206 0.07900125122842057 0.011933632240101596
57 0.060986596967942 0.017541416361938924 0.013930187017613213 0.07191274001068368 0.06105542532256834 0.08659079411666352 0.042007204749189876 0.0623568601473915 0.08474230466197273 0.021828661915947678 0.047369707075369555 0.0039495723784104975 0.02500134914060378 0.10172538943756579 0.014460512413126514 0.06476876862657102 0.0688295966635589 0.06970019376033847 0.028576247027842862 0.052666472204701276
58 0.1055289052726829 0.11412316364326698 0.08384202469328789 0.030767150632416557 0.01303774577522972 0.07276996599074917 0.02174811869901974 0.029579188490005192 0.03512055455197317 0.013527930185683667 0.023599727174904217 0.07310361640684249 0.04226126961585877 0.013547082698418908 0.001644994496668641 0.09704540430350712 0.057010735836322705 0.08463244557568872 0.057018668856918565 0.03009130710055476
59 0.02210337547678319 0.03742330075853793 0.008125640805349384 0.03440558419392962 0.0722846651130078 0.02004464054553607 0.010619133519199216 0.10355201019409381 0.08100255424827184 0.06224828644463284 0.041794729070982965 0.054948276998433104 0.07184634654380485 0.09219571297800591 0.10685761529305815 0.07104670912657264 0.020383034107008664 0.04388987818169283 0.0270341974521953 0.018194308948903913
60 0.034377527961846066 0.005068474982275077 0.012841404120506716 0.03459913585142517 0.025720044738283074 0.0711340730250998 0.054636237638742896 0.06558994799196108 0.05396984272386411 0.07493915207889637 0.07974872138955447 0.05066225186586127 0.06928745248586943 0.07847955052957145 0.03598270726419499 0.07657046123035 0.03274831396967952 0.04995207718539999 0.036188761984963694 0.057503860981654956
61 0.06756179597776436 0.012048226513854244 0.016942148540632588 0.0464367667303265 0.02872640871622603 0.004510616334860938 0.06316246028314795 0.018864452591189237 0.04790214581981311 0.08858676791615602 0.09676752888631096 0.0951378459265499 0.07898100857944833 0.0622069371786394 0.017192354579733372 0.08243125145159194 0.034355996496381276 0.03904940225500923 0.07154668550059366 0.02758919972177081
62 0.04223947828361559 0.06028047870297281 0.03253036441880838 0.0025338858034898337 0.06587229267827983 0.05078960509072019 0.08261974492847737 0.030363861428225055 0.08060129328377913 0.08090473487829598 0.04930900958020256 0.04411314592766918 0.07490821105201276 0.04952956141400189 0.04959605729117934 0.057986021510536535 0.019126556209237568 0.0721005702140606 0.02330798913984163 0.03128713816459374
63 0.0681022581771303 0.02130420500088289 0.08855538218937717 0.020385630196521988 0.023620100591776015 0.08131017417309835 0.0870627711227839 0.07220871634512928 0.07899585290393668 0.06748890105553941 0.04786799089678181 0.005502156903117658 0.002671566589413991 0.07678731761096508 0.015949006149301156 0.05582164987018943 0.08435947608920755 0.03875000697138365 0.04002897657757739 0.02322786058588626
64 0.0372871496279037 0.015650363368246233 0.0562245488260109 0.052036860712982434 0.01277504796687679 0.09234667977932329 0.08496594490357577 0.08195848103551098 0.08914680075010925 0.0328452034959846 0.0162283931228054 0.00250690676332194 0.07316200913014873 0.05705741960325809 0.019671955489692333 0.0625000790833986 0.05948340507270388 0.05264169392788582 0.07111632129142334 0.03039473604883798
65 0.005144697965801274 0.11007275499264108 0.002346157264339 0.10039945766911951 0.07717713029013187 0.048118122538792975 0.024747709611025077 0.0013400170810389301 0.0938604672304112 0.04329486908625694 0.08919123008524002 0.02114798402826455 0.029331455110267694 0.04858768343390075 0.01586878316346286 0.055902783854028075 0.03096605939007079 0.06014823885891911 0.050120732762603995 0.09223366558368408
66 0.07492085290141753 0.02171367466884974 0.01752208405702923 0.01723737998067679 0.01308590828412186 0.03148656812552675 0.08973938037491085 0.05619417751310087 0.06259378869399719 0.0868861058076323 0.0034236556336909424 0.09354207488819943 0.09192214485556964 0.095072674357935 0.07786034142270505 0.0028909544480309355 0.03596589020578735 0.018105397441657633 0.0918845675418485 0.017952378797312405
67 0.030825022513448035 0.04368666001633058 0.060182911065430104 0.06549259585451539 0.07061359327364967 0.002115153475777001 0.03175431874648883 0.017228188819859408 0.01742787991329539 0.025130153288423326 0.06281460064001528 0.06759255267550714 0.05642543152646822 0.05139617700578943 0.08331391480217196 0.07814961083835201 0.07562346731126796 0.08775412146422969 0.03768702536303349 0.034786621405947016
68 0.08035585639880946 0.06941378584730114 0.07893765271798393 0.10547335148587131 0.03297319150718952 0.05460849111531672 0.008653877530549905 0.04764053233463901 0.021667111998440444 0.016946971876805213 0.007766270153451543 0.09753026702495018 0.039974727455131136 0.01422307554692607 0.08230668150603494 0.09099524734102543 0.109793911463001 0.011643292486682149 0.002313114414441604 0.026782589795449067
69 0.048874779072069024 0.0784963190040776 0.034967274999219894 0.026261343242224944 0.05284509352369855 0.07105026457069515 0.055405691785965085 0.03051381809434961 0.07905567327458873 0.0365154316385386 0.04879967068991388 0.027768637111766473 0.053646973647954815 0.05189199978406117 0.06457728951098324 0.04335975757691551 0.08573639835012781 0.015143285000716614 0.08678112943546151 0.008309169686671948
70 0.009469275236490786 0.07856967500578883 0.046382941904567605 0.07144078081258823 0.06773842075966126 0.0755378726447089 0.04348994060365987 0.07589706544417732 0.07861614032348246 0.0064421823239606164 0.020438218416393067 0.009380328387890186 0.018130410276814106 0.060196163139511184 0.014028727072543377 0.053523448445984736 0.057645402690788994 0.06828833158957695 0.08304982708399504 0.06173484783741636
71 0.06151132012308235 0.09797353166794612 0.03714062257138824 0.04128396203747702 0.041448705640693626 0.017655678492887232 0.11815496546886446 0.029068467529274448 0.03700906991774643 0.0602969612624638 0.11299953889835723 0.007726802178523957 0.0642066930909334 0.022270655518871516 0.030663933467885235 0.03582687894510129 0.03152629689405134 0.08103557249721138 0.05434943712629224 0.01785090667094874
72 0.10707191882658629 0.07181927692328116 0.021033055155190366 0.03605236407766671 0.036648215604816924 0.028292355509441265 0.013386607530269367 0.012264238536144367 0.10026561482538413 0.019068580065507563 0.0386839437625966 0.02423294383314522 0.03568204781557487 0.04423154429711766 0.1077294026983061 0.015378102732521055 0.0670376153554896 0.06366530158551349 0.10543485757106054 0.05202201329438678
73 0.013878100849231913 0.11465692327444997 0.02857652694671952 0.048047757173328834 0.07629013029878595 0.004724190686962376 0.025186515329090945 0.041954392621966714 0.10330361358167635 0.04360657405282549 0.03416316190555394 0.014732836394176538 0.09525669143256593 0.08442027965747748 0.10775383850639736 0.022390409492881156 0.025680402411810497 0.029498257977433107 0.052466233103982414 0.03341316430268332
74 0.041976449997546766 0.046922773369174504 0.0931057741400662 0.02171670316923926 0.03834070948251073 0.05804829584510369 0.05098778640211012 0.03329238466635622 0.058480603364523216 0.03199117567922267 0.04928875975882286 0.08562664221436342 0.08109238460804208 0.054615446622692194 0.0614663945212337 0.027175462620858112 0.07339444448288476 0.02247761946355232 0.03385071759885291 0.03614947199284438
75 0.06537305213403659 0.0377793673153048 0.0386545516788256 0.04080992379907934 0.11558116755897821 0.08725665730660974 0.014994090958824296 0.002767552322283179 0.08966695884388003 0.11179314608809703 0.061993007769908744 0.0543362434941439 0.11718238894631343 0.0024202488103184866 0.014955431511837392 0.013375534294368874 0.11081789905934634 0.00847497934372062 0.008337383146683423 0.0034304156174398527
76 0.04103961272209544 0.019630124692628793 0.07691359631485453 0.054941201016437735 0.020548893782383667 0.0833132575937473 0.05836834482499255 0.014849632098437553 0.01602650607936942 0.0602740652327411 0.08110781235481451 0.0345439916795484 0.06441909213453541 0.0546144052913353 0.07914998723431484 0.04818605510929324 0.05610056405977913 0.036345674960832616 0.03484581197287101 0.06478137084498746
77 0.05198015938735965 0.051747903726930555 0.019117922434804292 0.0072376992390784075 0.025527148056121052 0.0709660756414568 0.03594230985204772 0.09042948216125714 0.04947855665292437 0.0040065722377277445 0.07299184604739536 0.08361476052248037 0.032075368373196037 0.10915420090455426 0.07713685885606059 0.09358396316188362 0.023913156636405187 0.032726770737595424 0.019759543482515168 0.04860970188820613
78 0.006714206671408013 0.0700666667867007 0.03514530003997531 0.007731116040857575 0.016351744236657025 0.02730793349711063 0.013714082378799376 0.00408909161977309 0.09879158071121452 0.1318726482775329 0.03112803744521827 0.02402588819971217 0.07719740955051985 0.04722566428161383 0.034880603483404986 0.02080145147388472 0.025243897136093024 0.13387084562356602 0.08134648619685463 0.11249534634910345
79 0.03459517270256511 0.04840767446785162 0.026983271902246975 0.06451327038938696 0.04261385710852148 0.08530589903289255 0.08220187703289233 0.060723313484714395 0.007686763655586294 0.08895759396568295 0.05697797566613827 0.018347283809894113 0.08235376331455131 0.025162159705088588 0.0846473916325188 0.03694019045445185 0.07754534666227958 0.05403139618409398 0.012560860642519616 0.009444938186123146
80 0.08751934244501208 0.08151418123918819 0.00779329859385287 0.05716807698200306 0.014735972089696353 0.049210343452372775 0.09010996203285677 0.03060718699637137 0.04406980476565407 0.08264040357811962 0.08400718938284352 0.03406908436866839 0.0037816708327241123 0.03299109724422052 0.06914254415467362 0.059418411830280085 0.05722937495564664 0.01097296031035876 0.03910434958125296 0.06391474516420445
81 0.025715005637922193 0.04598643768316762 0.08483852018402224 0.06511355100064173 0.04350004364337428 0.030384534842491255 0.005256445612268381 0.10877784210867608 0.02708680248765752 0.0288516442934767 0.06231666699682223 0.044577073580238095 0.007045971297339159 0.006935119684381398 0.02721080819613507 0.03311690108898717 0.10015025973072109 0.07883738529776262 0.08687572767609632 0.0874232589578192
82 0.06009289253528503 0.005800653146200445 0.036971791098739534 0.01520489176806353 0.009027295864179838 0.07477987568183779 0.01529478921927524 0.055216732383493894 0.06938187928708324 0.005061830072130853 0.08116500469294752 0.09067788689075015 0.07761790455140906 0.04366816708942011 0.05977360779028061 0.04267583417377209 0.06680388157644583 0.036119514863906965 0.06745041562463905 0.0872151516901392
83 0.09387659153854618 0.013642930471981247 0.00873757630391639 0.033091677070135245 0.025135645172759596 0.0922105351159358 0.09521970594985334 0.0545760459171311 0.050283614196645725 0.06258648482139745 0.014571794612113612 0.03829102823907456 0.08990864740412609 0.04645478159580822 0.014118923823960355 0.06819312612356268 0.043379281779292386 0.061174412192969096 0.07845212445477961 0.016095073216011408
84 0.07229495981382869 0.08678555050037777 0.01866306592223508 0.05656231968454391 0.03644762134828906 0.07536572971797882 0.07929261094243384 0.061636461011728615 0.04046268831498926 0.08960658443232339 0.046067164539375025 0.01267551468778712 0.02153467474097784 0.04062674846555427 0.030137756624348127 0.04671502021012827 0.08047353412570009 0.014071443567131369 0.012984950803071516 0.07759560054719797
85 0.011931811140604745 0.011374911115109897 0.03189028294100496 0.0384582520245401 0.07021752089648313 0.0074387451310909776 0.027980251036249647 0.007309944779955258 0.03562658785091227 0.0869805452089552 0.03133289366594699 0.010551384325875166 0.06954667477836506 0.09585573917936334 0.13456243281902378 0.05344919706609805 0.08279826952189911 0.11390852423488868 0.04267743782851765 0.03610859445511607
86 0.057962632389073655 0.0022681527816934004 0.05850628811693407 0.08263779735555113 0.06476855603637215 0.04690573084970835 0.021434294438894847 0.06686775492059183 0.0067884064117833395 0.07994417477669044 0.08680658743469566 0.07374672044124969 0.08195916514900696 0.017550833228338582 0.06558766862931008 0.012901954777678125 0.04542201377321608 0.053202825916876875 0.06162663046187574 0.013111812110459043
87 0.0340763808590867 0.0793529412450224 0.04359004495126829 0.011665231684147405 0.0738525886333484 0.007611881353393908 0.07917874628569038 0.0856807769267502 0.010523257078340006 0.07716424450353088 0.0828772564962306 0.06251964954904796 0.025701820268152455 0.02850068074417825 0.040016936133973814 0.07002714864612088 0.08547885757319741 0.01808647736515382 0.06220057775539122 0.021894501947975344
88 0.002685619211372224 0.04718667695608487 0.07563396159002267 0.09516499527502004 0.06671138451164216 0.05516999520125432 0.08384773113196362 0.05241890422882715 0.02789041821427693 0.04290417142860341 0.030099447141342068 0.020619057017482057 0.05353481415451716 0.04488840308475342 0.0831737156075368 0.06705965431265272 0.040017915859824726 0.013884401445031211 0.04704522123515069 0.05006351239264171
89 0.03330856869020528 0.03116206073960773 0.07815945588930975 0.07962582518628013 0.039700540430316206 0.015066285966606587 0.009202415111384072 0.061764465803772185 0.07310176254640563 0.0014485035893078415 0.05862239148928661 0.07133331209632256 0.03191133637223037 0.07530496967594795 0.037429067696891125 0.08148618787058556 0.08264129181292161 0.052349810140671554 0.03449994319717463 0.05188180569477266
90 0.0920265635284232 0.08374541352856404 0.037178853258363814 0.09478022523014469 0.011004685736652869 0.014527208802440796 0.09379689256996082 0.06992733651821154 0.00211564825283711 0.04996930445743343 0.03852574157300969 0.07969362115885495 0.027515812113647155 0.03341963413440682 0.07930059515670579 0.0495944580870811 0.0024606501528276767 0.06295617217497905 0.03578871230830604 0.04167247125714925
91 0.017437978696754498 0.07834342101737196 0.09831955840123058 0.11609846887974191 0.036255029283623896 0.027195098086034028 0.03806184014767061 0.011410415230893452 0.014992003301966154 0.016501948264404258 0.049653524267440644 0.04519275250056493 0.026854898059538848 0.09919127389276518 0.015264012708065272 0.08870123349827995 0.004761918313091294 0.09984288019037181 0.06073397152360796 0.055187773736582776
92 0.06487980882254742 0.04729381079637732 0.011770032274312923 0.0770209387185887 0.06069405582345899 0.06368203673186872 0.047367547737991074 0.0581299971066544 0.08660783306836747 0.059016636906808986 0.0020319693499943896 0.10413269944489606 0.08984463340704515 0.05014534246845253 0.014949327430004263 0.013604011038875674 0.00449518569993435 0.027651525577575668 0.09595377328647604 0.020728834309769684
93 0.04123723044503298 0.07295896900539808 0.07927876518165844 0.08432736935488093 0.028019759959499676 0.011453611455715908 0.07772580605944686 0.05313653638348819 0.008568705913824281 0.010375030631591158 0.04981112548955901 0.02968984854737041 0.04216285634535035 0.0750955676315752 0.008356574977066437 0.11404189973391138 0.09945845890840381 0.02502828883175589 0.06665464297796783 0.022618952166503205
94 0.04413842543732795 0.009065009793372875 0.04508869099842321 0.0586847826114123 0.0753618135208859 0.038744618031914854 0.02047418365708423 0.05998142616387041 0.0060206978377227455 0.06695014309413541 0.0571715935915446 0.06645803269342264 0.06573371174508273 0.03314256693963369 0.016255667489962773 0.07451224092097147 0.05198940550602716 0.06743878759501414 0.07372327768462533 0.06906492468756566
95 0.013478032551995449 0.04806979668744608 0.05524222060427908 0.052226807542671456 0.023842416169101176 0.027420984702916686 0.04915118515806214 0.05316247090793104 0.0864065385856712 0.07591052496909075 0.0823019669376706 0.03599493024755842 0.031196228927877337 0.016899380355727474 0.05308724940585705 0.08559734882469827 0.0283290236838346 0.06740394444222239 0.06566878375279911 0.04861016554258976
96 0.04261831022721467 0.03406734256030033 0.08052010614040918 0.05711600137304288 0.07971758858877387 0.08878900759681388 0.07395812264500591 0.02190003481734734 0.0474099700313379 0.04569673205244484 0.017959219837750662 0.0786699765524674 0.08211044901652916 0.05206393134012943 0.07559142010784288 0.01779279011462664 0.008536265346829254 0.057955972634282545 0.017820042085413428 0.019706716931437933
