0 0.08180943219191278 0.009587489079604198 0.017859312710118872 0.07868718495405602 0.051609386089519725 0.09286068523389254 0.07619347841106396 0.01566411409573884 0.013467310751649272 0.06992765816274646 0.02723384079534258 0.0951164635318602 0.03148168548344161 0.051565531357203424 0.03790353652028334 0.03133011526973295 0.08320067454279415 0.039878713875327786 0.06637845438805338 0.02824493255565785
1 0.04213978480084635 0.02534731881672578 0.07019711928121274 0.06020234652322395 0.06196391986218555 0.02767937078139292 0.04115775539576827 0.05923592016636623 0.05462395126395061 0.042809507321592166 0.02939335226071982 0.05201328313916741 0.08254388552957304 0.08517057448584948 0.0490795191224466 0.09149634079477124 0.0534976031688572 0.028061931333895177 0.017079227543837873 0.026307288407617476
2 0.07765485742544871 0.06864737583292972 0.0671859771339985 0.02458754468091161 0.06491569146908815 0.09772279670728914 0.0929901299759123 0.031427218326143425 0.011127013395441743 0.07267246960912394 0.06736138480854205 0.013941723474517127 0.05518760668000859 0.00019158856642009336 0.012524952973902746 0.07019871999618328 0.08582959362115787 0.003678472680972076 0.07888197987620202 0.00327290276580685
3 0.02153325841245943 0.08322562683046497 0.0006232161231938036 0.06964074814924312 0.06897178628575948 0.0555006352727936 0.03288927002301657 0.044878646986879364 0.08215462812940462 0.06360616545170879 0.016358394669761148 0.026343925870117985 0.09016549721885414 0.02899580712981927 0.004555543786319926 0.061430165641541044 0.09042313603343724 0.03205117709662929 0.07889494800183453 0.04775742288676176
4 0.003578945381079066 0.05801467743105556 0.0022491776397837652 0.05765707908469266 0.036836965662168396 0.07579409515485985 0.03942392115473565 0.08612400690687697 0.034985512171181905 0.024009635511760583 0.07994402205044902 0.08193044437458209 0.02512597302067526 0.018179504769099707 0.061112112990956764 0.08588029405380167 0.05979894749646891 0.0563976624262503 0.06756316516013874 0.04539385755938316
5 0.017263644122386037 0.02460852544577066 0.010810037788347547 0.04786231548322086 0.020961669391104016 0.02540776602070743 0.10127583102916815 0.10535476914427819 0.0368437535410278 0.04780381410937699 0.10351041743538109 0.08505595701173538 0.07206630732081251 0.04134825361975133 0.05711680553361016 0.052408330894156654 0.024095159514205045 0.04444456025272323 0.061198169661891864 0.02056391268034497
6 0.09718621005474946 0.08615024197196756 0.026416228568844444 0.08587394234147346 0.09404501246983021 0.0805343231457681 0.02452623128068957 0.034403411325034605 0.07209639421510698 0.020271646929065714 0.0031670470184906913 0.09513669842797025 0.019016199442277802 0.08381392935303145 0.029945312931234157 0.003818873234602001 0.05785153102368871 0.030864623415706664 0.009126325829785719 0.04575581702068248
7 0.05666070065339055 0.06836552234238086 0.06078941527742346 0.03779843466363839 0.03869503630075979 0.04887025947268165 0.08777059683044885 0.08006289130943962 0.08062718355487944 0.06216842414360191 0.04148964540710456 0.05825707559965792 0.07355394783834217 0.00666524921180563 0.023485618687379462 0.039481006303412516 0.04401808885071637 0.05916893749899848 0.009846661473930261 0.022225304580008157
8 0.037546594035483355 0.026238443453914826 0.06937050188974019 0.07133710200219122 0.0018459954085149628 0.12829113767022707 0.02021512255082746 0.06961242115221114 0.05218362190775632 0.01009941066992392 0.13125523336772463 0.026582015830610078 0.010989566451288998 0.028883580524703988 0.0470003180805438 0.01930544329472918 0.044359898780013673 0.11017250969667351 0.08444783744928153 0.010263245783640058
9 0.11539041328924671 0.006529006609553128 0.01564054428703509 0.03124330251666995 0.05555702718657853 0.010968468805294842 0.06884415196357932 0.03767517412300594 0.10344339218508256 0.02921174454750419 0.1329688079617258 0.0018050160101245876 0.008694740583572851 0.00704106537637464 0.03691288389246969 0.08155868156569242 0.08965480344237203 0.040113851265623016 0.1210017616814198 0.005745162707075024
10 0.03323721994304883 0.03654726459052143 0.11341026587733676 0.11200370800538524 0.006395353230463731 0.04478052338389865 0.001025724386472175 0.10065060399057486 0.001698618669140052 0.03479397552267878 0.004232418486815627 0.005242959974828122 0.07292780264426485 0.015186158679683759 0.1047881444675387 0.09594299930265934 0.025347692889866352 0.02143271488817368 0.08887034901672965 0.08148550204991942
11 0.03727046532014968 0.0707811342001802 0.009186400894310538 0.024584644382781427 0.04928486495656617 0.03186815260122903 0.003916279963070579 0.09386396242519131 0.054515434223404505 0.08939185432798388 0.056109553915097705 0.0821675820347398 0.05490732037103987 0.0008303102894304504 0.030526702725643874 0.05785320389440827 0.07524523193337648 0.0522211235867145 0.03566675800966597 0.08980901994501583
12 0.05808289452758426 0.045905681062060555 0.05159996977061687 0.08492438275068802 0.07576912539678458 0.0779424770010128 0.001365396967952777 0.07841626070442367 0.020594198625188544 0.04101710589391843 0.06229711891702855 0.05816616097501104 0.01827187488538372 0.07532275097711089 0.06441894447882755 0.04584995501420261 0.044120862340906994 0.050232271767718197 0.017070407369769617 0.02863216057381031
13 0.08424717869628416 0.03328268500015873 0.007553769183920315 0.08704817243622136 0.05136621650910433 0.07681419154919905 0.08476139219746597 0.08024209790221536 0.03739544503090183 0.007136979000556397 0.040847801669197256 0.06273675078088846 0.08251514709122174 0.058938250962511096 0.07041253115620683 0.012583268000494814 0.043407953353788685 0.0325379418986996 0.004855273807967663 0.04131695377299662
14 0.07249433111071849 0.01324772208995984 0.023638561903366592 0.08831579199127668 0.035750356845406873 0.0452615259395458 0.1018908675060649 0.04658126393805908 0.016022807716188206 0.004716966037557487 0.07163985699150438 0.026850382178536275 0.10297163113596806 0.04712383900908414 0.015925732794481715 0.036873484007607864 0.059276125086844204 0.017125993459475047 0.07475914105934263 0.09953361919901173
15 0.0747862123527777 0.0578353261986655 0.011059247273508642 0.08580723698039033 0.029744255657393602 0.028147553605208268 0.06988032545180789 0.013849805210113886 0.05330088182743352 0.07044429994442704 0.011212666235866251 0.06460133547209392 0.01677557872728773 0.05933433271161972 0.08033286900972542 0.04146603608239747 0.012822775935317554 0.07186153021292223 0.09113592120291064 0.0556018099081328
16 0.09017253706848778 0.048076616280060665 0.04343875838258861 0.06074109514567927 0.013993330245674052 0.04871042271242876 0.037656253799644636 0.07900619966416306 0.006402385949889641 0.06574865662723313 0.005260549504335786 0.014998056588082582 0.09017913768388564 0.04877571362151536 0.06234475845950843 0.07458385234213405 0.06940753734689954 0.06588234916975771 0.03240407469707584 0.042217714710955374
17 0.04514703320841559 0.07263527580943833 0.026707927058818946 0.018747980995991682 0.046879678001903964 0.061511083821175754 0.02121657466078362 0.07124308742229318 0.015184022928251361 0.09677313147037239 0.038054209461256594 0.0598711160578315 0.08621771321760156 0.01709622204390503 0.0823990339049804 0.0277913592760492 0.06142744085202748 0.09989787816836358 0.010946862336458849 0.04025236930408103
18 0.03165505873773176 0.035230958725927304 0.020845458248185816 0.054417113172572314 0.015054436400855466 0.07050867219753723 0.011776984935942368 0.054833767747629485 0.010700125448066651 0.10577889195411268 0.06916524218916018 0.09819266322615719 0.029540359601530373 0.08941931774108977 0.07060670020598053 0.035860960111708896 0.07792324196825766 0.004473197400369956 0.10334926031679387 0.010667589670390653
19 0.04773093998352236 0.022767628860563365 0.0856439035953742 0.06993270545614814 0.06146093533305874 0.020010082951767663 0.07606853001810517 0.04364983392261498 0.007836411173356234 0.0061763307182230295 0.036527117597276296 0.05900563322173452 0.08777345051022924 0.05618481182942985 0.09153125151111348 0.006272576277115013 0.010299475700777789 0.09329125408902106 0.024339310747031922 0.09349781650353708
20 0.060395401623048114 0.006228857227515866 0.04932055035396469 0.06771792059371394 0.06657923723713087 0.09723309078349314 0.0037238737418591058 0.0711029368217354 0.05132726737739024 0.007028817025906749 0.041693721243731385 0.0007571615551061 0.07581510199428192 0.09057563614433728 0.06631090772286684 0.08432662226464514 0.03348628459808573 0.05666979776535072 0.012369928055340328 0.05733688587049636
21 0.09316886024997544 0.07351066132318243 0.038154722291927394 0.08015422853580463 0.035377403331865 0.015187153737073666 0.04810274495256222 0.015230520736679468 0.09646732288622716 0.01915631942376329 0.04012388141924976 0.019748700046747617 0.01600344841953302 0.11277272897192103 0.08715647904480257 0.047400325061873624 0.047306095107481176 0.01662647648826379 0.04816688289940765 0.050185045071659
22 0.011925149168816606 0.06883608979466692 0.018135846740859957 0.09228257000181828 0.014840036467427672 0.09325121683591707 0.09318492900358592 0.029668361140622716 0.0006919559149459874 0.024970828121034568 0.10142547167140284 0.06912918321193733 0.010340027039072618 0.0007079836228960707 0.10282196215949413 0.10801784515057428 0.0023803730158173412 0.012433192416002497 0.03589117883112767 0.10906579969197948
23 0.08744431501559403 0.04972249391797848 0.03417908906723419 0.020751893922576013 0.07293286406590001 0.06540515301312325 0.0034152662238189553 0.08270344876785558 0.021422946031112507 0.042759432720020855 0.07039610941923254 0.0644014209945477 0.019049786114826616 0.03478053378181503 0.05249316226723846 0.033947571504463245 0.04269183849207893 0.08832139085748952 0.07513454811198249 0.03804673571111166
24 0.07895843001017237 0.0714732445664181 0.07812883128891107 0.04772427231550859 0.00020426412824592124 0.06262532127709969 0.00863275005259868 0.08500800036348843 0.08132362139451123 0.08490261278667396 0.06704330470792591 0.028026489756376213 0.05134273757190854 0.011960718114561068 0.0629566832577515 0.0816795027098071 0.02158717385587463 0.0022770279652792234 0.033752248461890205 0.04039276541499761
25 0.009767720876855564 0.06175995822706607 0.08929998492186807 0.046388949851128014 0.031563079265658 0.04262490405599002 0.004970839718853994 0.0766052932581705 0.055959121721216594 0.0032328229796420443 9.213123298247914e-05 0.06282454086406927 0.09596744973984302 0.042920987754408 0.04428893655508944 0.09276270991888601 0.03322297407185044 0.06312443373128565 0.04274154871994725 0.0998816125351895
26 0.06374576458256782 0.06420987002164392 0.007491806995198656 0.026846031338007975 0.07566319125544137 0.06453629585867299 0.05149016743247173 0.06434703072368538 0.03403603060387014 0.06731438750248295 0.06299170026244927 0.03430543488238616 0.04862005787100793 0.07221345697375327 0.03379782384109182 0.03165829546627136 0.032988202796119276 0.032561229092162976 0.057597308713773984 0.07358591378694085
27 0.059524464615879374 0.04994788868165891 0.07518267757879792 0.00981644964671334 0.009409288285846475 0.06937438650513843 0.0008365612856305837 0.10052667516598433 0.020424181860646443 0.06547457439203153 0.07524317109850444 0.05550027283879996 0.11041222227360613 0.0073245364894687125 0.06108038173765609 0.07169108871386828 0.01060510575971899 0.028922714036106027 0.1082097421899101 0.010493616844033727
28 0.07043251353430979 0.040640307115987685 0.0054052373329561655 0.00432117767002772 0.026435258940514197 0.009743314290455173 0.06091270838048629 0.056925630533351736 0.04072651764489502 0.05591402287514901 0.08686027072279551 0.05091578201334575 0.03885906022092497 0.010704404227278225 0.033918537095623966 0.0924017800010982 0.06808381930647957 0.04659432761833407 0.09195700569828823 0.10824832477769863
29 0.018418173836687556 0.09666793347210333 0.028333722145381057 0.02007823919218218 0.07188221311640876 0.002185066848999471 0.08025892311591502 0.08950303567567418 0.10955871505824732 0.09609076513395466 0.0043944670776566545 0.05898867568906735 0.04372356017881114 0.08585548784892705 0.0018045786345348622 0.0012810456061359006 0.12050050913517157 0.01857986081758085 0.023684646767761972 0.02821038064879911
30 0.06100946888214681 0.041543600230090016 0.017209133710423156 0.04992837431556893 0.06891149004326798 0.034077183268387996 0.013014047585270841 0.012822112738171227 0.0768896700282572 0.015510993571005195 0.04324086879157015 0.0034801393960603296 0.0583446600577047 0.060992221144046004 0.08932611153820717 0.08569024883649017 0.07143568967552275 0.0788759604747647 0.04932558049103065 0.06837244522201406
31 0.09462314296007522 0.06623501162264558 0.0412042757300473 0.05770529592336049 0.0219547888605033 0.08249415619041853 0.03004761284240763 0.09143014414075819 0.029766328956830884 0.03173782723673575 0.06179493073449666 0.06438325037296268 0.016659231597123795 0.05022042310467494 0.06695696391263806 0.0759700093612731 0.02706046454710761 0.02389513000105452 0.027790074518534064 0.03807093738635164
32 0.07563736391473073 0.08327958285767666 0.029368395866804144 0.020233554391586764 0.01675898038449944 0.039265734386244734 0.006703612207139596 0.08196325639075387 0.07537941833631802 0.060416409198612776 0.025691324754003465 0.0625443795215143 0.08185990498886439 0.036053707705776566 0.06090894277323308 0.07985130859625045 0.026468069794498665 0.09235954714340679 0.016055286132476688 0.02920122065560888
33 0.10947081388453431 0.039599914955407454 0.002888695254802956 0.07612005655251601 0.017741452951078387 0.04357451539932219 0.07663285218787969 0.08555428445944326 0.0049481394211124755 0.005647391559166374 0.10417735709306679 0.08131527534289075 0.033452655781973546 0.008592699520809266 0.060498236684799936 0.0447452771897706 0.0669071067399168 0.01503929601814983 0.04689435216275085 0.07619962684060876
34 0.0749920913737447 0.06704891267667355 0.0675974431918866 0.052453242189574756 0.0028650501644955674 0.07176988762920113 0.06356544481777959 0.031756799021564405 0.04842072291398341 0.04904387948694014 0.053797217061608345 0.07883454246892949 0.07687729234299553 0.005779437301398424 0.0777046466629804 0.010249590260914942 0.005437990994424392 0.04654620614580146 0.06603321226539968 0.049226391029703734
35 0.07136970010858414 0.030605176646909656 0.019244653463284012 0.05793428764512333 0.07973152891881166 0.08032514668911594 0.07709884433259959 0.026628794195524653 0.04487579426931412 0.03518576439647226 0.08001516878383463 0.07277934591113497 0.0724717608694961 0.0330402643652578 0.014181101671036908 0.005013498438755543 0.07233593197236847 0.011389327850531242 0.04809690258982407 0.06767700688202107
36 0.056629664322435734 0.005737051208155854 0.032726508596261916 0.010912121380931325 0.07508341829490972 0.002194040277454295 0.09320936897076819 0.07437716982744555 0.08712240684022983 0.08820296832784184 0.0016212763001245461 0.008910757449878078 0.07540103642099286 0.09014108130696685 0.01519998742323668 0.018641797656804637 0.06194966935377258 0.037517263484439387 0.07361541750937671 0.09080699504797331
37 0.09329743180739192 0.0032167823780307955 0.09528302192316265 0.04888670607729817 0.06335194620033308 0.0727170681004553 0.006434731641213186 0.035670990536873004 0.03238382364035712 0.04898634623568366 0.05859436245445123 0.045214055952698895 0.08234460635942052 0.05987314426246635 0.06481858551046647 0.014728413080135522 0.06686901308453304 0.003930401556953168 0.08320268202766738 0.020195887170408572
38 0.06075520829585318 0.006989468655910219 0.07779758990954315 0.03928356701123701 0.09300294069075682 0.0029877888722447334 0.030820486241639054 0.012456454412838413 0.0016487159822711546 0.06533494814098822 0.0611811663717784 0.10020070522396865 0.019571006910898206 0.10353622764564133 0.056468251569930815 0.07518756317544299 0.07537205540381195 0.05101629402691123 0.05921675882259935 0.007172802635735099
39 0.10596255538106648 0.07503095702096013 0.0848209664688018 0.003116515117710554 0.0062842434253810526 0.1276729712028216 0.03243550399804579 0.07929037022847416 0.09358990945042378 0.011280635931556825 0.006240053159987588 0.023082516613253945 0.044710243338866355 0.06014439176447423 0.002844400704327455 0.03484457080553423 0.05510605748316724 0.021855624644831716 0.042256380762767574 0.0894311324975475
40 0.048867354281211785 0.05956852457252418 0.07327150132466974 0.05182984140683141 0.07291784787311964 0.05860466015988687 0.01780354843938894 0.06553907444238363 0.05252743205435403 0.06509489543631256 0.06999215966447511 0.0363309610344773 0.04026779296320447 0.07922421411689115 0.006207516016548224 0.059069674744629146 0.02476482160962113 0.02291799480324427 0.01617201464065279 0.07902817041557374
41 0.041045461286095763 0.09793050157753806 0.10646166857158214 0.06647650538005191 0.06338529543257931 0.07932302335578187 0.05893309003497897 0.0202676521642728 0.03210271057160178 0.07397914861285436 0.020735477979805166 0.028457117255205756 0.05907280571878654 0.012125942204924309 0.07528373677370223 0.07734320190839317 0.007381876208311731 0.04221715397561789 0.0226600356865909 0.014817595301325655
42 0.03530987624068055 0.06425761669596966 0.029209161804376143 0.06298862347906853 0.07762623294162088 0.03092588274102129 0.07479541593353048 0.056892805291542684 0.06203270514279573 0.009438656819182482 0.046403471127684726 0.048019405426844755 0.029767516290886795 0.08142009433197125 0.03956751841183922 0.0018128553499546505 0.08275168884657255 0.062084055877700134 0.05406027218230929 0.05063614506444829
43 0.050456872700083165 0.0731263802577531 0.031063685385388548 0.05296721814755775 0.0752645346014669 0.0405180887351778 0.01863033459019339 0.06604421698369553 0.02440716628878767 0.0698153415753662 0.04873273257633819 0.05477233244066059 0.003160965317040182 0.02936407940091295 0.07462854137275184 0.08568393489304271 0.030466547442978678 0.09544693906105446 0.006725627686994758 0.06872446054275527
44 0.02578413189546015 0.07616560977336559 0.046947121955369285 0.05234833637228069 0.002300206657629458 0.06817034513281603 0.06348098775991252 0.03195156873583746 0.0718514421282281 0.06882848987042975 0.04590316002459486 0.06778345985403916 0.01165695014590571 0.06399100407996197 0.04309550696935638 0.05590401092601005 0.03503819318747864 0.05456994160695709 0.08221093161494591 0.03201860130942115
45 0.0006972675497867751 0.041112770611305784 0.03251537676853041 0.047133225911256973 0.10320885838454666 0.04117338412078109 0.09078936449904239 0.11596489826935108 0.009638266242930467 0.028612235684965546 0.07034529620811047 0.034928129772421164 0.07474513591296685 0.08737249179659633 0.011403606476220907 0.004947192305978087 0.11137650623995378 0.003761157959646372 0.025043792677343444 0.06523104260826537
46 0.05041859413373258 0.08217581956699103 0.034614997828228876 0.06261071603805142 0.034021926735988986 0.026642353986630927 0.08594278488960336 0.057724673152905075 0.040323266303807094 0.07048109221584813 0.0008741184320671606 0.02394620531267702 0.09280838745733798 0.048593294934749724 0.009450287785688329 0.02281565015709922 0.04148285628519855 0.09376460283705736 0.0781578316510285 0.04315054029530856
47 0.08061722543315125 0.07985157614299494 0.02648403768167759 0.032840762652508355 0.034856491120895366 0.03832135111238018 0.05982691488384804 0.0620271755760571 0.08312694170639946 0.03444328395097527 0.04666639455431515 0.003508637307314494 0.037767979854846714 0.07231041836487342 0.07041938212035957 0.08810440624732199 0.06329779008811681 0.02379131617016169 0.05638347836980798 0.005354436661994661
48 0.03807753512494907 0.0024593861475134954 0.058742732190558734 0.07477558975453094 0.08415870402035854 0.07685767389730491 0.03771796467978271 0.05793850255592593 0.048576649413694356 0.0543803576588462 0.03378384610539882 0.015237308986397413 0.06347438687027869 0.08071525125621948 0.03780956811382786 0.04128103294564446 0.057715665559127736 0.0176060098655684 0.036812194204998074 0.08187964064907435
49 0.009164978699697093 0.06609539504031035 0.02706274845649902 0.09991390890199107 0.030729650297929192 0.03953973257784101 0.06511148044264298 0.055083553370497924 0.02192360493526592 0.029729650911434334 0.06298594687597044 0.012818623924821021 0.05336422564007814 0.09049095278432247 0.06769019379943741 0.08388429105845646 0.002443024201578649 0.07554803521485799 0.08394604663712224 0.022473956229246392
50 0.06053516744153327 0.047877570696240754 0.05846109158838454 0.06471002864759044 0.03845203125820987 0.05986838402950354 0.016783745030422997 0.05282414177584179 0.01632297433771584 0.014869486521242994 0.06436171097366057 0.07006027794034995 0.03927030997563362 0.025495229271408005 0.07949497895090225 0.05443115633935344 0.03602578287973651 0.0744684933328747 0.06285460654764541 0.06283283246174956
51 0.06495739709807188 0.010574564212809357 0.06753598872005248 0.08857110997090936 0.04428588330174889 0.08297475053414943 0.074906806170889 0.055577085414852914 0.0011146053558567048 0.04259652179194593 0.018924054890191354 0.03788091707782876 0.005049672274621191 0.06253323217800354 0.0433238898148761 0.038790877900192006 0.08706794720797822 0.020599910633854083 0.06012241091374486 0.09261237453742395
52 0.035833935637385045 0.07507393044309171 0.06299561644588299 0.010695099238274736 0.04208702129664782 0.013831364643751991 0.014359470723571586 0.003583803479049228 0.049662524503073895 0.014476153862609033 0.06651123543364038 0.039088989500612584 0.08378956999124905 0.09453166876753832 0.0667853616411597 0.04418713969060998 0.0897218688933979 0.07548571070795952 0.09545624304986756 0.021843292050626874
53 0.07154622155483069 0.06423539039193638 0.05968935007893269 0.04813838136054296 0.07010924355487978 0.0004359121087361356 0.02506573066566016 0.0010014113843923019 0.0034681867777270337 0.09652820056211099 0.08352695400690341 0.03479451165692129 0.0027914534479114867 0.062442477354137334 0.07581815767682237 0.0556651250243092 0.03142075729915593 0.04226917054495854 0.08820136200564807 0.08285200254348321
54 0.010362338756994138 0.0005576523284919667 0.10127778728341988 0.06139946578955154 0.08192099204004594 0.03192833745879992 0.029060314324489 0.016169802326941724 0.029603673595698834 0.037167625009663044 0.07034247951239903 0.09132863150470391 0.03170636439249435 0.06778365460596848 0.030342510087534275 0.08696859171310062 0.09914001855432121 0.0652003237283072 0.012373807392768827 0.04536562959430611
55 0.03768478185046589 0.07051552587745416 0.06256689763807684 0.07562069340577017 0.08431661502976136 0.04248315871006275 0.07423377920203242 0.061683640855897726 0.06438384576111578 0.017696108189516724 0.03195040840676774 0.023124467940820403 0.07076177659550026 0.07228007739285114 0.0023961285187722625 0.0040117404937941555 0.05163869521415607 0.061607841256915395 0.0765898729567209 0.014453944703547777
56 0.009167843928403353 0.050216338727221525 0.06356687486187432 0.07087949919925601 0.09624093798072375 0.016954980262423067 0.0009035094417394508 0.07681630624692135 0.026857125115140438 0.008063287764997694 0.09776296071353308 0.10534769167756126 0.002228020422673187 0.04208997548810526 0.041935784770105206 0.0185063084454613 0.05497384198390322 0.08925969463140775 0.06726457004549863 0.060964448293049964
57 0.017403630915832847 0.08719278505303796 0.10095228662505257 0.013333421502669559 0.06109160251799557 0.02192843715531574 0.06303182859650588 0.07669653438655108 0.021902792505762613 0.07637318485070994 0.05868572907847643 0.04682645010772875 0.07013417187595604 0.050471174334506985 0.03944695981615957 0.004122276759715954 0.0047795915110681216 0.05721933727566047 0.05155564410523663 0.07685216102605734
58 0.06755740190712065 0.027876181908776637 0.06485280770024325 0.016357599126342513 0.0549016682998247 0.03841473306961343 0.012667879349338312 0.0769527029447231 0.06258660670100952 0.055089390467896064 0.07353612561489412 0.05484594094465658 0.06879679643410724 0.04800957445611532 0.008381910188618209 0.07064658406241692 0.07444288661461793 0.03932199054960901 0.03925440423955835 0.045506815420517994
59 0.057221316263671745 0.04805496507897747 0.06380257103781245 0.04092687755794382 0.05532167110617635 0.057249948281735116 0.008886373468310258 0.09167632168870292 0.04319155647155654 0.11294661167720092 0.01795399731343513 0.07329498105538523 0.019152518696785182 0.11389472619590371 0.012502719826721416 0.022793861496342428 0.036454768218988444 0.0026528909688239 0.058067293603533736 0.06395402999199308
60 0.04791296575752631 0.0558311068180916 0.07565519706962376 0.07704186484464697 0.006482180026660832 0.07170912566919574 0.0034846467549446997 0.07706763981061059 0.053927672601698506 0.013054284678686015 0.08585928800033278 0.0727819294206529 0.021279844915454305 0.05969165523963912 0.04715245599624687 0.043689785602215064 0.057329650433637594 0.048250656097516886 0.06826641250552164 0.013531637757097927
61 0.0372856821686124 0.03600913452551262 0.027749704711633662 0.05281206374979592 0.06457690523423222 0.05712939241094213 0.07978359062570559 0.08122844868667072 0.08151787693983015 0.0008611279258676145 0.04195715981276845 0.019773566064611416 0.06338917685166982 0.06727238364439639 0.055111490696933337 0.04961043744483815 0.037036734091169574 0.028732596902050395 0.04845809646519987 0.06970443104755962
62 0.11492735567880276 0.11700343459310229 0.01980498766444773 0.006030935123900418 0.12734530029809268 0.012442157232302811 0.052715347968621006 0.0026878697754553803 0.06798177162384861 0.09610400115035486 0.026006955443218828 0.022233679872232525 0.013525484479880124 0.017796590843488638 0.05287283514172272 0.005360619119151478 0.029507822354157037 0.04629059727949063 0.04448276271160668 0.12487949164612287
63 0.03400167739576697 0.011978586325410684 0.05788933433044597 0.08041871328339804 0.058615123422965966 0.0036771926526127747 0.06280270935010569 0.014459780248248405 0.004563957789088961 0.05411353875044973 0.1174639038595297 0.11430369020965835 0.023496976328626858 0.03406993240526249 0.012962941341798847 0.07003884260225884 0.060863647179331494 0.09106315575543422 0.04165761262408024 0.05155868414552557
64 0.029742501675943684 0.072397625686313 0.09818250091278852 0.002216907774446072 0.10074465425649218 0.03044797278486997 0.010473487175016947 0.01993548157017027 0.03804405165011796 0.09576396998332588 0.04453867633234878 0.061716000629463634 0.07255941822497042 0.05837439899234951 0.02217224700183076 0.017924380575471056 0.011959370330532407 0.11080944781407757 0.07486347797052831 0.02713342865894306
65 0.03683021884176036 0.054340495682193755 0.04413146226139342 0.06779731118500174 0.057224288084037934 0.06832590617696967 0.03158297911566793 0.020700639310163405 0.06500556039802478 0.07245089324653554 0.07595226702686243 0.0650955720126948 0.04338076081701812 0.016599597363964033 0.03981436185126133 0.006081228217909686 0.05265871844423014 0.060008463104735975 0.04551291127687552 0.07650636558269937
66 0.07739454469147124 0.07910410884059993 0.029540921094173375 0.0010276834888184258 0.0991132042933608 0.007824208695474373 0.05049569079383028 0.08248956495467177 0.07927513600860218 0.011576385154584833 0.08500579583809867 0.09315938051024263 0.011091931666351525 0.017851691224450787 0.09086218430044656 0.055249804067298514 0.023881472188404026 0.016363453596933506 0.08020316008368053 0.008489678508506057
67 0.011682389520778413 0.07526958809120614 0.07319059367583367 0.00501045993984849 0.04589012611724732 0.07855709785183847 0.026132004777200894 0.03519394999327089 0.07065020163583689 0.013447901856591457 0.08715341235509783 0.05071453775977236 0.047000105576213626 0.031295656102601536 0.056173429659521275 0.023349467427201127 0.04184221284840054 0.05797306674287502 0.09386729051799267 0.0756065075506712
68 0.0845631195478021 0.078723915605533 0.061256348618504416 0.03972726572411498 0.02429256926125407 0.03794098473209911 0.07019968302540262 0.005655398588270755 0.04338842883507226 0.06316072859674492 0.04295596866218637 0.025517721152485667 0.062015562602044036 0.04584380949376127 0.07871406815410832 0.059503200248079265 0.03501193508994833 0.014545196768770531 0.07238397727365221 0.05460011802016556
69 0.07336908331132405 0.0007651718374496708 0.028639321668082824 0.05717769064415855 0.05368215170440996 0.0564387304138667 0.054012079955652076 0.06740361455268351 0.04442798820799645 0.04512088345542778 0.05183000013761105 0.06075532186219945 0.04270614266396355 0.052579175488861554 0.00858831926164736 0.0779986873303034 0.07505316666572977 0.059485997267326576 0.045510244243047095 0.0444562293282587
70 0.06785630422176048 0.030676248305770443 0.06562178134587379 0.001368710523561503 0.07726571384005569 0.08941154146347474 0.0031457374846437795 0.01588687884516649 0.06135424145619379 0.09500721237755977 0.004910213656351698 0.09294012176603576 0.03593836415124042 0.08223335030918133 0.07016160608093877 0.028110272100257332 0.07742225380733697 0.023530131960114605 0.07234837930711727 0.004810936997365404
71 0.048992032423571016 0.010582226714163864 0.0916927763708212 0.07604191325160971 0.0701831857503141 0.023063490128348657 0.04426882060838349 0.01228136835875343 0.03502248255710786 0.09174419142267258 0.06894730259395354 0.013704491253835183 0.021873358029290565 0.026594891587970394 0.07915658863389147 0.040564606992925946 0.06547312510370282 0.05585681453278453 0.05420540992543972 0.06975092376045984
72 0.11772956984652615 0.05530862799764249 0.03875716093597862 0.025681499930575967 0.04811026412068799 0.01423547113900059 0.0079997018837751 0.08820512374842095 0.03497154439278414 0.08422954339969335 0.05563436806080986 0.054651525472156674 0.02386184424231834 0.1280213589103542 0.004283768020896046 0.04878196263789536 0.019906663848422067 0.03152416104123502 0.08614325218656624 0.03196258818426091
73 0.032564279606807606 0.07978517031890237 0.05167728084944968 0.038821380513737826 0.07992270236444377 0.058631636069281616 0.035071564364123356 0.07236186187911824 0.027389134376609295 0.057594754452882174 0.03779633011416927 0.05068961552316755 0.05048050042477366 0.06727881097075825 0.06198964647581944 0.010851506181184934 0.08201804070439088 0.025117480793441452 0.0071366530146219605 0.07282165100231668
74 0.0041279708544150594 0.040473256890440526 0.04095930317930381 0.07569107832092786 0.007571834148109683 0.019884891533146862 0.07169872261895072 0.018462517846675176 0.046078082712058134 0.07097746188934424 0.07453268950649339 0.06384413518832203 0.07986824652214378 0.07250514186368302 0.027109662719066046 0.06945782332130139 0.07386687243713781 0.07641191543806417 0.01837881634878384 0.04809957666163259
75 0.058507735155653794 0.03187663552496524 0.01371631019057843 0.04645478978521426 0.06646396634100891 0.06171357519606867 0.0225132229409016 0.05616459458374054 0.04840082364318302 0.06895875898199273 0.06543059203767825 0.062490224206668325 0.052058564486103256 0.03465653968493647 0.040375675845329626 0.05450200027000168 0.06914659886948836 0.06758523732533761 0.032842753160427104 0.046141401770722235
76 0.07404146101816687 0.04559109738176209 0.003795261601596114 0.08772141918342174 0.0883279894332469 0.0007915119919945427 0.020145253339218728 0.08049473144775487 0.07633236466592211 0.06780234458949204 0.038136419399184156 0.05214063877706885 0.04743562729983847 0.07041049614888605 0.0777669681393974 0.004410191374360711 0.03473793948496325 0.007114323703076134 0.03604566372600288 0.08675829729464621
77 0.033102152485830184 0.007802470791286465 0.04398723040262197 0.06511982899155436 0.04198510824771396 0.04954815974666139 0.08507531784020927 0.03135858631026899 0.05279707236774153 0.04605506406889107 0.018862597420719954 0.04713397047569289 0.0659508044197317 0.0489747168534928 0.09714621938821043 0.09432889730194151 0.022307774011173776 0.058337849699859536 0.04737046941589799 0.04275570976050013
78 0.046864293041804186 0.029740713331202498 0.040015593573053364 0.07114915519029892 0.09915954698766562 0.07251321717387002 0.09176145029613719 0.021204980943245265 0.0469763726719458 0.04426441868281298 0.006929012574397599 0.05943603061176929 0.001006673421613677 0.10168721304425192 0.08198624825536367 0.027612403759223133 0.09593998498427343 0.020882107331778515 0.00627242003299555 0.0345981640922976
79 0.08405509154133169 0.0016131586014565351 0.04296776475390671 0.11550472904072312 0.09131680682594626 0.062311841584602186 0.07456854671267332 0.021707729536430638 0.15040905270213048 0.010993234734076018 0.027231189756510114 0.02372923102171981 0.00912221118287716 0.02440508855815625 0.04412274406211005 0.012833333527578575 0.04965675243503999 0.023926465178464435 0.0367521458632347 0.09277288238103179
80 0.05545375560348012 0.009278624384083299 0.034502118322369824 0.07822401242135008 0.04898926889972681 0.0825569697326995 0.07009125731990698 0.005155543383962822 0.01809996613030137 0.015935633026817816 0.08363958476924022 0.06306080790570837 0.07033856413439553 0.05282311852875148 0.08408130047731838 0.09377374624991887 0.04616434898880212 0.013065844492026597 0.025007404898090422 0.04975813033104917
81 0.03821545193422558 0.02579690962205992 0.038050538820062665 0.0771137957636306 0.0421315676183579 0.05480901868536529 0.07426169423675733 0.006883686768442286 0.06201703231054989 0.04906055289393036 0.06877912986640758 0.0023855322395871224 0.0009121980971637607 0.07211434526394388 0.07861195863069041 0.0823131060020605 0.07562480510612105 0.03551503642601282 0.07391089014618836 0.041492749568442545
82 0.04490730150855126 0.05473209542293765 0.05567679702524522 0.06032797323833915 0.04675870601318989 0.07494217971106068 0.06669780456629071 0.0550235734321121 0.006110533542293851 0.07295296333810547 0.04087049721596041 0.027877601390142583 0.032933169413013615 0.05553979645352662 0.018621471173275304 0.014156994882067276 0.09446721538127799 0.05550532335531754 0.10289968204317722 0.01899832089411554
83 0.05243380729125263 0.053721103077692726 0.049630020665450796 0.038088519027919765 0.018966586463568608 0.08707159949303128 0.06594201241637646 0.0781195128069383 0.013752636317088422 0.017806988209200292 0.05805585035550835 0.026427926898030054 0.07612815273320053 0.062332768388194446 0.07505769038213367 0.07153713037381929 0.00011038674592940137 0.03770132661971604 0.08196700736616529 0.035148974368783927
84 0.03050906922869031 0.06636203455980876 0.05182433189947634 0.07531295482156908 0.03920042370859637 0.01604373064024272 0.05221163462236 0.11231108053464489 0.01801727666138358 0.06886037783294453 0.10257623155932574 0.024059278138558363 0.0187666003171056 0.11105794174065373 0.007329484541681263 0.035428575497734316 0.046455710779919085 0.05156601356674624 0.04861613498817534 0.023491114360384056
85 0.06448102202401233 0.03412214431147519 0.10858012511727498 0.04309183079702209 0.018265379279086155 0.06127050148956368 0.038165138029738505 0.02812237732577292 0.05237531546563397 0.11454789484383035 0.01948111965301369 0.0032261699312375884 0.061515677386186705 0.0570782798294852 0.06109816662653129 0.03634211496401045 0.019597337634437464 0.10890200031978893 0.045310960348298124 0.024426444623600264
86 0.008665859491950366 0.09647749202327105 0.017866863587966183 0.0023139266268745137 0.08038584623721912 0.05198435101363664 0.0052151710409095815 0.06411745444891477 0.0833274456679254 0.07845160058027342 0.07245211078533567 0.07672573518097608 0.06138815651948197 0.033244615801627964 0.03565886854819054 0.07440688167440125 0.028464354305017144 0.04002666556246119 0.021214676583310204 0.06761192432025682
87 0.05585325949436585 0.08367516481092382 0.014066266888902458 0.014883857853898418 0.030624799511873017 0.04323622329960792 0.11012917876974405 0.0812134565232081 0.007390417972713328 0.0747220654278215 0.03069028142333108 0.052490743581171014 0.05374722618232609 0.07899194298353168 0.08219674846356097 0.0017939161678946862 0.07425889013120555 0.015808939874107933 0.07350093714099018 0.020725683498822468
88 0.057115951041111127 0.03864436220344752 0.07912901034283709 0.08748342265738715 0.04030530834324556 0.008668843418425796 0.06332671777215135 0.07493005578109516 0.034729611975193225 0.02373174090471692 0.059782961667410275 0.0028727215673333144 0.025115883260642635 0.004522885931616257 0.02511947317481832 0.04395368967620934 0.08393129881319185 0.0951113548507329 0.08749883320166839 0.0640258734167657
89 0.05920751138119921 0.03485821409735228 0.053947241680630455 0.06640426589962392 0.005596682859126238 0.11591821838246749 0.09345143913080947 0.009353595276765544 0.07199412829467866 0.06917270270750508 0.10258600674706791 0.017495550969530385 0.04220232714576387 0.0018407909016804713 0.01370887285949941 0.021893898554192045 0.013304086013200996 0.12343650735940115 0.020323689164319342 0.06330427057518602
90 0.06244759671528561 0.023971446721086847 0.07466981137330193 0.07573762703171728 0.022729647129394865 0.06877630684334693 0.014256616258736907 0.042680997425447016 0.08000638789598581 0.08803864591112513 0.009641620513337118 0.05138422682470502 8.557782952397932e-06 0.09030766412795242 0.08507670908291479 0.07767342778025536 0.03211025395695423 0.01181611730418553 0.08846838504355208 0.00019795427776265036
91 0.029479784339312906 0.07352111157192837 0.014147721173621217 0.01759059546030447 0.036075379901974916 0.09610699880587564 0.029634213919957703 0.03764531555610965 0.06281913663130764 0.038672125568950284 0.09476590532077811 0.042846707423511876 0.07421037465028937 0.06372262928731307 0.056174777715722844 0.010594418277081182 0.0640028972176302 0.02177521600746338 0.0651804789992148 0.07103421217165244
92 0.022525740641769765 0.006441663194274964 0.07446984241248396 0.0060044633711566 0.051176617620270655 0.05696562880873704 0.07107039523850989 0.01494082530295951 0.08547559163744234 0.07319061252835703 0.06951497539335057 0.06754581258063404 0.04936977750963624 0.01765022823025768 0.04307319676863016 0.049256275001987725 0.014826726442986741 0.06333822537344536 0.07883245796701455 0.08433094397609503
93 0.03269385203990082 0.01713474562307991 0.04260199594344035 0.10501097363562353 0.05736724178862138 0.11841457419702972 0.041893517637853435 0.08673783818503099 0.02012902288099819 0.03506091036070351 0.0611429251832152 0.01191610877485473 0.047732921983503415 0.07419320663257062 0.035398296322616894 0.0067830068584932264 0.02795730905418037 0.012435985060257275 0.07590152226544092 0.08949404557258533
94 0.02149963606249517 0.04264524081863249 0.05441780865389519 0.018521846908720673 0.03937685163416265 0.04313885055811379 0.0740948851335702 0.01149015539399736 0.07425017397067629 0.0756787320764135 0.000871042922212415 0.07999723352962419 0.07319185288838694 0.08282193819661281 0.03873119790615799 0.03180069399150431 0.05786446265110931 0.08536859564025318 0.029425345062709145 0.06481345600075251
95 0.047972715677120345 0.06298976592276082 0.06167836080379025 0.05152999572611244 0.04495357912885156 0.0186579682715333 0.08239479302778953 0.09604980028631166 0.005121203232618154 0.0243369445729125 0.028492158238712654 0.0815005967268169 0.0007117875528725289 0.04774645868586609 0.05563535495570849 0.004576831078074449 0.11403783580470629 0.09886068174926622 0.06316153788369676 0.009591630674479074
96 0.052944335362393284 0.08024461418244733 0.055449335084007186 0.03415981034707829 0.10044331892399391 0.044316283173276134 0.07014770961370144 0.01898445531760136 0.08903345589718334 0.00868170427575713 0.0034849531875858933 0.09368971173499467 0.004442806847931032 0.04750391674758161 0.08484627589657175 0.03297226959112128 0.030352987214578738 0.008864040024938267 0.07647135172543137 0.06296666485182602
