0 0.08375681146336092 0.05521330402549269 0.02227854478604671 0.09857557055956934 0.044280991518006095 0.027613597007949516 0.05884146423460927 0.09786344522282116 0.030735422215085753 0.0447608010684229 0.05229062182645956 0.06924202432433159 0.014233019487402203 0.08500722270661352 0.027245291438096893 0.04294654059235916 0.0018358272936652461 0.08728671938149431 0.051632012950764083 0.004360767897449081
1 0.06467248672049307 0.015684193023987446 0.0623387001242674 0.04108854701493311 0.02916533438893959 0.08760231572874691 0.056490523344898465 0.007520811387477937 0.018997022531382877 0.07829472600703974 0.0653259623429928 0.06157593555072735 0.08529496373290835 0.0004389834582921433 0.06368755626200873 0.012304829242252601 0.054254746772528 0.034331472755638213 0.07702708584705655 0.08390380376342874
2 0.019037962961134133 0.07349114649915565 0.006637764881264681 0.019461877048680458 0.015119083076205337 0.09914628304724364 0.024647810637627613 0.07039223801470793 0.0042473198405355 0.049182607678609054 0.09907030573178642 0.0356753355371016 0.09145031188962187 0.051561133607472616 0.08134052007603138 0.00509210507392473 0.07656560694180477 0.04399994449953001 0.10209566062978154 0.0317849823277811
3 0.07955923983635767 0.040694365917551045 0.02430441344029379 0.02047686024520538 0.026933720672241444 0.07129565690216477 0.05443091426128171 0.07481600270798285 0.0014083115490063768 0.038049638918663566 0.06445319667321721 0.04603102331052493 0.04753805979187797 0.09017998323150493 0.028480192348650426 0.04438175914844636 0.06250343556389977 0.024818368619518787 0.07526654599021877 0.08437831087139236
4 0.007504571664678593 0.06842925820281488 0.10738201305181556 0.01885978361612737 0.0048671709989387595 0.07039068541032877 0.028090718815377204 0.04624825489445328 0.07807478296390342 0.027257487932464262 0.0643438394177255 0.10636301353552148 0.08564227251380466 0.009768908680170055 0.1113281878451974 0.038956374388479396 0.07564201851568754 0.030924052382390918 0.010054005580666745 0.009872599589454252
5 0.0061848796305693544 0.04731932007475911 0.02382189110668678 0.022609741466961594 0.01696679769770995 0.07174060340097786 0.0957483423667587 0.09764016280939626 0.0929649232269732 0.07144010011837135 0.0939958906339046 0.10301957405024546 0.0069431800810334735 0.05080505144988799 0.04161095156564156 0.009874861361430318 0.03426750484919285 0.045367983780259545 0.003660234051305218 0.06401800627793468
6 0.08193413360526765 0.001164121228018531 0.01645018641688408 0.08839109745795828 0.037885371237934555 0.054481155883312926 0.04691512882631952 0.035279385168735654 0.07715523327540441 0.08854142571821247 0.002527202512843471 0.061190912509667544 0.06340615909917044 0.05814698062960434 0.03833775974462323 0.04914240270654632 0.08246327557548117 0.041651298570312904 0.07339776859381412 0.0015390012398885718
7 0.04305469654028051 0.08556587889380489 0.03606628600787358 0.07396318047206661 0.09496941199806573 0.04863417993984296 0.0043982894235833495 0.055020208845933165 0.05835263623530028 0.01844757274951214 0.0743889244046458 0.05736374320976096 0.08886813411040534 0.09103926926049502 0.07525997606974079 0.03310755279230917 0.022725915971282137 0.004685234012989036 0.02242039373327899 0.011668515328829811
8 0.09498159024245964 0.05946720509213808 0.009304200926845084 0.05498588713820926 0.04688220108269304 0.016173908062714872 0.09355171007050345 0.07543425263631404 0.03619977849066124 0.06245911506180596 0.00427325751101839 0.0033563110068127906 0.02108145201344779 0.049890768061706975 0.08843592597331261 0.02206923567379252 0.09759998036072276 0.010439442719901333 0.09253222024136414 0.060881557633576125
9 0.08211597961017543 0.08873690023595877 0.017905324372775307 0.053924793945548256 0.01047880001963365 0.06137265644900549 0.018724203386387778 0.08068118377347853 0.024236025444585373 0.012735999311392516 0.08183379292139063 0.01709405340156108 0.030305571912379984 0.08653202346656888 0.053334640692932006 0.05460908807287196 0.052964572708747534 0.08605403042352429 0.021222868889618707 0.06513749096146373
10 0.10096192046886217 0.033472805954847445 0.014553324861973516 0.005801220632201179 0.011581418841005582 0.01636603538691091 0.10824427217256101 0.08340796529098526 0.0351559973292736 0.07642480147121895 0.07984145288082899 0.015972578822042834 0.011735234577200203 0.023770415864257537 0.06635079545896494 0.024399897383665617 0.08885240495302153 0.09209231452492184 0.0062333426161674445 0.10478180050908935
11 0.04912229440097746 0.08503953449529737 0.09914359089509737 0.04484522028028868 0.0029271929735325223 0.0046437254107621895 0.051764099937332796 0.039269034319916414 0.064727756988147 0.03597598800212235 0.009123766658936147 0.05306414938178458 0.06813777677429546 0.043957336252294185 0.10490862452021264 0.017878711040999078 0.08078417537867899 0.07609736251334606 0.030470042986868343 0.0381196167891104
12 0.0906525826910935 0.020211690856592333 0.0753926153145461 0.0351763601301044 0.006097754127049198 0.0075834634330082746 0.09022486511039125 0.07905096481694915 0.08191069942888704 0.07925640286570607 0.05186978667457878 0.04026992711118486 0.06425577282229097 0.007637164045856674 0.03340100393986209 0.07529444229541762 0.07654659819583574 0.0007278978269462268 0.0013589453780078241 0.0830810629356919
13 0.08470417586445572 0.018175601648143837 0.04410970058967311 0.07503345515569668 0.09172779651630088 0.01779314969906157 0.08291677348211215 0.0004898828259644585 0.06492395975436484 0.09557667050642027 0.009357769196386551 0.04663908507151222 0.0037194741470647883 0.05622572040638817 0.05813053390617706 0.025037392998802595 0.04761980745367822 0.0438949467271302 0.049679691721781785 0.08424441232888474
14 0.043089059388436095 0.01605228419956749 0.017718120827038903 0.09021477151210419 0.02921202213853365 0.02295418630207729 0.08762717708532253 0.034380006317228706 0.04285643344954004 0.07485128529448987 0.017955616411964498 0.059877536568508034 0.008824235387314536 0.08083004402697848 0.032472899935797946 0.07831413532980984 0.0862859593584655 0.08863658701002614 0.02475534632171123 0.06309229313508516
15 0.038672272747770714 0.060001057380380675 0.08138728734067902 0.0034060508333494275 0.05509721273306727 0.05544335329559146 0.08330137652223837 0.08796085534086488 0.021305518511080288 0.07683873096719288 0.07323781886774693 0.03321167468408701 0.04594041306772461 0.032606338235510846 0.029167240777233094 0.08201134246329297 0.01775082005828913 0.011374532655941625 0.0543306294015888 0.05695547411637003
16 0.06909137449607113 0.0339400692959532 0.0505793340313694 0.0560130397176675 0.0763992905641188 0.004674489086702721 0.06306905230724962 0.045272730797459436 0.07330570735052869 0.05221717472997061 0.013010782020753075 0.012091894006742784 0.07560438127116399 0.06566919719884325 0.0004591379095658196 0.07119974525475052 0.07928104123524249 0.06395987290836463 0.07170485079053922 0.02245683502694323
17 0.05649503489550186 0.004469365040018012 0.03332022977823489 0.0026358365468494723 0.003604241371085113 0.05190069482326226 0.06598202208733898 0.03422621798284765 0.033936120145642255 0.07113954652967541 0.07682572277702823 0.08128063536519414 0.06105326996254277 0.03205475362351257 0.029893413854570845 0.060582717616853465 0.09249709442329336 0.06621833093303876 0.05779608097490904 0.08408867126860091
18 0.11558187034130663 0.026333327720709458 0.07536299516931592 0.053728025303388015 0.054174286780706155 0.021770917769479155 0.05299878131293632 0.00014246716191192488 0.038490370433933 0.02048565904697661 0.007382060802764879 0.058735944557534475 0.014802441660504284 0.08810131010636361 0.0029127492789344346 0.09977038607649343 0.11288298383755384 0.09956014915308707 0.051597485614361165 0.005185787871739475
19 0.0678847344000357 0.07485800912613383 0.06095849464732929 0.05566828606185061 0.0649800400580179 0.056722466791183784 0.035157679183897006 0.06323816938516252 0.020758924988804904 0.013606179133008666 0.025965338981812598 0.07087312885767284 0.06627632786263629 0.016000504509087965 0.0599979414173881 0.05854754561483569 0.04488655819919098 0.05671118605814356 0.06596001089617336 0.020948473827634338
20 0.10860379117791504 0.08302250130217714 0.012212320673075965 0.03330780178320965 0.04504602956840768 0.04097677011121376 0.002039338389243165 0.005015640223206548 0.09009773146359734 0.06851292506081948 0.03231716059544922 0.017632752313867402 0.09064726970036141 0.056300208021237745 0.004290434203279896 0.04249730636884145 0.08520112896896938 0.014556016078262405 0.059271887568214145 0.10845098642865106
21 0.036215859301317974 0.03938938979617952 0.044327795267856684 0.08653653979747004 0.016358463925742733 0.03041109522355117 0.08531982055287544 0.012058242215955257 0.04198793878162494 0.07483650019323006 0.02280330165977057 0.03963326436022114 0.08482764204408394 0.03837241559979546 0.058318166116173444 0.060191030934637554 0.05752846770418929 0.05210366643270863 0.04037200841635476 0.07840839167626121
22 0.03227883862397761 0.06702959469627282 0.009955194413578046 0.02795091451683304 0.05527856550903271 0.06941135137020742 0.029118711171101465 0.07600935045732425 0.0353841880001117 0.06325018554770606 0.08106050139963693 0.09314261360880972 0.04724963284647215 0.044062933536167505 0.030807325658425627 0.004867482899654244 0.019445034888261745 0.036615211959370335 0.08024776086714554 0.09683460802991106
23 0.07484188871452087 0.07993333369861111 0.008937661998962598 0.05785398658836634 0.09665789981864836 0.015266607518960746 0.040980095295519055 0.0010952370367354562 0.027031471181176586 0.030958491918323953 0.07083113806717836 0.07564819717203239 0.0010283911646165943 0.05808309596235164 0.07643723348840849 0.0014389954985791946 0.09749423734764838 0.04937304280232246 0.04619280187375035 0.08991619285328709
24 0.004727688786701649 0.053509557679478945 0.08242944512319846 0.052571541210488806 0.033668732254224 0.026569133807509433 0.06284416510668009 0.0745911928784063 0.0764592998122485 0.07251556151865497 0.07553869734224652 0.04539496626704394 0.08060970740667761 0.029189240050330273 0.013065740779874671 0.06689174076251189 0.07118295664924189 0.05116790198081112 0.016684745806323297 0.01038798477734765
25 0.0591388291668545 0.060881271551347704 0.048878341697083154 0.02856201183534305 0.04787586301480467 0.008361470725898655 0.0388307022802331 0.009411365104191178 0.07927083181438846 0.051943569316163174 0.07876197529286129 0.054645838204854746 0.0163539124704434 0.060136616885800756 0.06264449536941473 0.0500385196410651 0.0722737775562456 0.05269290478185221 0.042170833765978515 0.07712686952517596
26 0.03209394662022747 0.024025675143816465 0.10190315382913835 0.1020680543753273 0.009297715872048327 0.09828009521970658 0.09898263989292407 0.018923613901209092 0.04704001960819355 0.027821373504330345 0.025291769204760395 0.02426190306147374 0.04431867306069769 0.079323143935092 0.07148504355029824 0.04244289786606837 0.04153067668060353 0.0209109005619507 0.04291589601363874 0.04708280809849484
27 0.0006315801039046324 0.01905303914477528 0.09238252325513269 0.015315132915392693 0.0019024777824841364 0.06774051497860545 0.03881100579723627 0.05485913057434497 0.04393131244370597 0.006187815976990279 0.1068983195242232 0.08788335672896255 0.014277559544356699 0.09024856220313963 0.08686530802046323 0.07669956803092015 0.0689985656259931 0.03421670192735341 0.026681418965121922 0.06641610645689383
28 0.051907776675615386 0.040835268001438975 0.06303527574169034 0.08116347946101601 0.07254674705654289 0.013099327111615336 0.06438534505289038 0.056223192663632016 0.07133857571256084 0.05774617268273689 0.04872533120165222 0.007268904256364879 0.03473044707478154 0.06922647725508935 0.035658896923916814 0.061084708205614936 0.021457612808099505 0.0043256350147238415 0.07859375871461369 0.06664706838540424
29 0.00906752779311184 0.06462040009557418 0.06535719863169687 0.06537082959936515 0.06429352478807962 0.07128686616843705 0.026299449486582402 0.08548941879799252 0.004927119627149193 0.07189600909341008 0.06952061937464571 0.03935033590374653 0.007979675137620884 0.0393490087627989 0.09971930160374087 0.023551117099878185 0.06298801950551518 0.09517259670126985 0.0018688506424284826 0.03189213118695641
30 0.06283686129544554 0.014832126037321697 0.0898161854991063 0.08891374336669326 0.024134820008533467 0.09760103612566684 0.10024695589799161 0.08158461778433226 0.03798378013656063 0.037982415778396145 0.04101573826951132 0.02218344518236243 0.03215894765874352 0.033177554535768386 0.044883313446848545 0.015493194404459691 0.002384748746789053 0.06315643081497656 0.06260155900911457 0.04701252600137819
31 0.05358284104346682 0.07857826839542989 0.023354264056551506 0.02655420842881403 0.05152810559561938 0.01574542376493694 0.08798922510171076 0.062438909168255376 0.08038061017043739 0.06075903191459142 0.026017242811525232 0.05714008176108215 0.0016884228972105682 0.06252777419630659 0.01871771488013567 0.09103387174177727 0.09943101788013746 0.027790357178287498 0.04495314540770653 0.0297894836060175
32 0.08155460382379488 0.08586662678240102 0.04093166152233295 0.001141167765628088 0.09199453288569384 0.04807547576187692 0.04897711308624466 0.07866234141878908 0.08578842623672708 0.06040450140643841 0.08748594336205277 0.01369286760810965 0.02543898639304831 0.04792838373267456 0.01579384736884048 0.0016788061210322777 0.021875385901464987 0.07335223557653793 0.007236299770839653 0.08212079347547209
33 0.010299838424280585 0.06388412523981228 0.04339228467480253 0.09039983647430753 0.0003067264854543247 0.088616063304162 0.07479954160268708 0.07303671312234757 0.08364394817745882 0.07903989805347902 0.015061701678238903 0.05576592961209091 0.06790823047664113 0.02193131115286522 0.0014186477840327921 0.010054469436381724 0.04987184589346785 0.0335049969060618 0.07586701572987418 0.06119687577155405
34 0.08186179591423443 0.08314322825156233 0.01543967603059222 0.07964319003570687 0.08680794285734114 0.07856768382269891 0.08839632877704429 0.03508220226404491 0.032949195747534375 0.013211204147095973 0.009016559159840004 0.07791359975218731 0.04449563037583078 0.040974636396087234 0.021778746803778722 0.038274835830485424 0.07022247027946102 0.013063355395861587 0.03329078854049738 0.05586692961811514
35 0.09267688828780081 0.06469054095646655 0.01697994695743701 0.08803276837420451 0.06073728402452682 0.059920335649797304 0.09390701698825003 0.005046016450837185 0.05292565792039014 0.04645640631045774 0.036625177675088556 0.09111902102515124 0.021925984979534623 0.052480355713706205 0.0325469972847167 0.09499455988310566 0.003296288575424225 0.06499193096126213 0.0009810964674022691 0.01966572551444018
36 0.021587921222081002 0.04039479230496582 0.0346892152066077 0.03126410342282532 0.01092459878769119 0.05582415422349172 0.022256557359623227 0.07625884807946462 0.07590176050752045 0.06911985919044941 0.039658691871610585 0.0008049741877965978 0.07721255708398189 0.04789916869299381 0.0959319636598178 0.04676687888646191 0.08338695406938952 0.07051361629927275 0.001279684805101841 0.09832370013885287
37 0.00011507035297904799 0.05845888929473361 0.04656145483211833 0.023359737191962847 0.04169960004696735 0.09751083744537604 0.03326648950470353 0.10843111468986896 0.009857224507065866 0.09174506335423686 0.05584830643809595 0.023912724622135582 0.029942702431524734 0.10229549953773194 0.0593038239212077 0.01390216088590164 0.09488475762639494 0.05705903168337423 0.01602511993847031 0.03582039169515039
38 0.015116144818320267 0.08059729652634536 0.08073168108399585 0.02546255009759121 0.01457010394284896 0.058836228368518984 0.015015371831747516 0.02645948656406805 0.11676129736205919 0.00451199152751102 0.06322738054036073 0.06177086352605067 0.0885816330230754 0.0012166947227266903 0.05118525512380143 0.1161323714532133 0.05682858174672488 0.09207954848849897 0.02272065226257207 0.008194866989969516
39 0.10664783940522803 0.07218658353427283 0.008798529419856363 0.012067452036257136 0.10531608585628986 0.07737436854734989 0.02088434922623705 0.028937177370148472 0.1007992675448725 0.0669043585290213 0.024236043106058588 0.012674423428046885 0.02518389179932852 0.0834448818394931 0.07582988133119097 0.06447120609433886 0.036546456196394364 0.0008932137433670996 0.07248034218135647 0.0043236488108917065
40 0.009395429135480934 0.06866075358103518 0.04688738429261756 0.051958694251533044 0.08676976216066866 0.07091709274739207 0.07652137007061233 0.012206928947608149 0.030777888250117246 0.05956132686427265 0.001965299247352168 0.06485590889869298 0.0412413398331706 0.08715902372568163 0.08272888193879696 0.029477735642653696 0.0036347213347837962 0.04776079839038246 0.06731104948071032 0.0602086112064375
41 0.021311862363567226 0.08349798063773427 0.03994687647797476 0.057017740082505194 0.07928485460080394 0.03598439076548694 0.04084175930843491 0.052955292668833066 0.0616304266687602 0.040087119819776466 0.07395312178773814 0.011138264597771685 0.025594147190736667 0.0518021950484379 0.06903349235675417 0.07629013157384178 0.04727800580841055 0.015715942083206837 0.08149361120384703 0.03514278495537831
42 0.06315556758793461 0.0740692058228319 0.0668561764846602 0.06616600594705474 0.030558682516836896 0.04864659146357361 0.0528763927777114 0.05286381527038211 0.03085338064216607 0.0410721664205183 0.05455414802847809 0.023730582566200354 0.020459162589235143 0.05762176653197998 0.06976647088607255 0.07680008838643035 0.053322375888970396 0.07310690247453339 0.003100919495725352 0.04041959821870453
43 0.09879107266007298 0.08707495311642216 0.09925949635732714 0.02307388161071739 0.10831277448893699 0.041877938395491816 0.06553935638326928 0.023324548425055044 0.0123412758764005 0.04476889304143164 0.03084503741562952 0.07452483280475708 0.005326797754405328 0.008384588273789679 0.06277189454888185 0.06409085029364442 0.02773285715999288 0.07706549875387239 0.004960367348361783 0.039933085291539876
44 0.060094106433870344 0.0750202135959962 0.04360005816169889 0.05941764572748707 0.08087239415067514 0.001194424129900838 0.045792697325714254 0.046747096413940044 0.06627347679613252 0.05035880179636768 0.06170137746669311 0.03781290815495274 0.023290664432035854 0.04906654501048297 0.015083761436736625 0.07903135030967413 0.06230334074111119 0.07196651613836272 0.0076701083066758905 0.06270251347149162
45 0.018743241896035403 0.0019308385086126462 0.05193018286168126 0.10009020134480565 0.05634344452127947 0.02044320085007346 0.015571721880001579 0.06535693427534155 0.03124534515422024 0.01021807842782505 0.09269626613412021 0.04670919327180136 0.06754494088927061 0.05245528547586176 0.06869074969240453 0.02572783304649547 0.07077604421598523 0.03236292501206932 0.07199596573098863 0.09916760681112663
46 0.09131977577945431 0.0325318008261768 0.03707489888834405 0.04850097264873787 0.07458263984227516 0.08256255700450696 0.10137349987621994 0.022999764463201573 0.01969220524297223 0.07341556593595056 0.024629740324976456 0.09569293979248693 0.0024854407776007063 0.04797472794599216 0.01297170795264077 0.05269319674242817 0.07580701563950552 0.01339186679133944 0.07444000762384553 0.01585967590134483
47 0.028146698949508168 0.07641043451355899 0.04653275875380378 0.011711329896580315 0.05963671315766013 0.09028886801848378 0.010923194168643634 0.026492694628506664 0.07722186900481173 0.06609351557333346 0.015779823592066283 0.03520420462191311 0.032989840506379174 0.0652291367271375 0.05429091753775253 0.0020831675972525056 0.1017860680265213 0.07473671298585578 0.07010128996234041 0.054340761777890614
48 0.05707052096398694 0.11553972899541609 0.02523694920304664 0.00943832321270347 0.06513453375148905 0.009285624653653629 0.03732573966919721 0.010815000788286915 0.03436684434422562 0.004708170581406688 0.09373334070121689 0.06905692606909908 0.023312836394830085 0.08495470783605584 0.00926493761501662 0.10578091548866969 0.03966054920904465 0.08408432955270335 0.04055433272506928 0.08067568824488211
49 0.0955064155937347 0.0691899353333241 0.044603631464175696 0.04905199655812285 0.050757037715115846 0.06631959153868154 0.01659870842215373 0.03147154697007756 0.0908317709706207 0.03198350710224396 0.00018799422855252074 0.09424725441261475 0.07357657710586694 0.03246308640654481 0.062483068857380995 0.08706222529507104 0.0058338133371135074 0.05990540923089376 0.024050738345163802 0.013875691112547163
50 0.08689197166188514 0.019453667895331626 0.044461422444339684 0.01334136943611095 0.08982799909641744 0.05661493221437322 0.03572243701072189 0.062231916090231446 0.016740197535067936 0.043876262080252436 0.05538601590215661 0.044355792892574714 0.057099391035771274 0.07362628241441511 0.08647035515008696 0.0854604688494892 0.03591792059212496 0.04062490940545474 0.031503306376826974 0.020393381916367897
51 0.08539242883655974 0.028379560757765415 0.09699591612819057 0.055254141809299384 0.010275447114305317 0.03455975117507889 0.023802730086033695 0.030946752595093927 0.06031859461729011 0.03536573180568236 0.03453697228084311 0.08633574134134574 0.05698306024234648 0.0535378761055212 0.10224286429255092 0.021390937045692136 0.08934239548668764 0.048691662418837316 0.013874909861514255 0.0317725259993618
52 0.04655614713962885 0.028642630279327463 0.0648582926183155 0.060478268168597 0.04368030568683267 0.06979863182114822 0.050824146205286864 0.07213205271179997 0.025506695543588562 0.06488256011107031 0.023670710981167246 0.05687492765467275 0.06336228228505714 0.050428506612544374 0.03548299078478355 0.059066521389468545 0.061097737506347526 0.006913559809134533 0.061355411130577395 0.0543876215606516
53 0.0017636018754099397 0.01848346170384855 0.06591374779723695 0.07371745337877494 0.08034658820274616 0.03496341295983036 0.061444393097474764 0.05344882596809025 0.03620246678793396 0.05990028650812934 0.028665707529315448 0.030205157185730788 0.06242042822585374 0.05207837399612451 0.06193320806286876 0.017650289020234834 0.0835088459569747 0.0783457479129949 0.0678696215733484 0.031138382257078597
54 0.012042742942008534 0.039992797359485965 0.07534710497263043 1.1089189584874431e-05 0.04316921764329831 0.09091187644375193 0.07185957358259805 0.003304686039911324 0.05010514321569165 0.07414585290896006 0.058366316691172225 0.09827855198706772 0.023161331999842452 0.01892906942083878 0.10187878618422075 0.06773620670421107 0.016846090456817463 0.07912401456386468 0.007828966869267038 0.06696058082477692
55 0.09221019444120643 0.0867015553368877 0.06952078599014914 0.005324410738330295 0.046533405904975574 0.08326840374691079 0.015054896256814235 0.07797548292154846 0.009508104823895296 0.09124227737980307 0.09198016300633417 0.015539865395396738 0.038505996284183254 0.06475734820663459 0.0280759315563923 0.07552940599610304 0.036008942524915474 0.004888974391423354 0.027922283371691243 0.03945157172640488
56 0.07235785006057407 0.06884270789898084 0.04280174680222865 0.03829954514973444 0.030514881223556962 0.05956616519299005 0.0837682775578858 0.05962304126851343 0.059065667636169696 0.02320520898412077 0.06697246232910554 0.06780502010828084 0.06477179216459687 0.01994380868590799 0.003107181646880794 0.010702793860310903 0.0869965436194414 0.07033998063393845 0.030390036016830477 0.04092528915995217
57 0.051247236713254096 0.07958047854826446 0.014079418209307328 0.006875916408211314 0.09126737708365258 0.05299511549486962 0.07140540451094349 0.04583310025593851 0.028007046108024874 0.06632860535517207 0.06029067271145499 0.05137285777257205 0.06677806548750272 0.07635028697343389 0.05516023123060696 0.08497091855632612 0.017571306309913267 0.010441738217387109 0.04218828433610587 0.027255939717058534
58 0.06782978735093656 0.05914797447228296 0.016813688667148552 0.0011236570360531855 0.04339000744104945 0.07187727724321638 0.05795382083225559 0.0601820179092109 0.041289336445963644 0.0772795015459458 0.05952409934971496 0.026117225173046987 0.027691625236351835 0.009004797754785706 0.025268107265519552 0.06701019156984774 0.0658178061544496 0.07296453871841262 0.07771844171837893 0.07199609811542905
59 0.014095749737732933 0.031090102954917414 0.08333832447338889 0.07909684201785254 0.08039919516458391 0.0715330488432545 0.061565312933512875 0.035804819202758194 0.045812494478421256 0.08544854956992351 0.006360174404517361 0.06868232208569669 0.07332481400993816 0.025083162304157112 0.06292890988117349 0.010320353695994532 0.0682990472604177 0.009482968797393822 0.022683270240177748 0.06465053794418747
60 0.06822204550180945 0.042127662538214046 0.0013149987198775137 0.04478792412866189 0.02478667176997363 0.08719290224201162 0.05897623975887539 0.04352068563000388 0.08805353804758044 0.05622523534844187 0.066681570237157 0.056408664969410306 0.027142210174684808 0.028306208504287014 0.06281854884644253 0.0686315779226132 0.04457425750237008 0.05952836702475094 0.009937596770163709 0.06076309436267066
61 0.032157990631883376 0.07287459957979671 0.02105816059396931 0.030821362742645013 0.05806683858411071 0.083953520282744 0.09973593766997094 0.07316905139834845 0.03982275283772427 0.04327418648515994 0.09832064080496851 0.01905364751824978 0.09565259542852467 0.027803717279002604 0.03257425922986704 0.0039052383483930363 0.03134091553999602 0.0008580164105826252 0.08627819365165143 0.0492783749824116
62 0.014027053057977072 0.039829830569059275 0.04466676593370753 0.033486478084662416 0.002766816654154444 0.11318884367485209 0.09625180030145748 0.05475992115048865 0.013883863023616962 0.08648041180055384 0.013240555041513601 0.06965162356175737 0.07550413061016274 0.011324467658760958 0.02959980022769035 0.11184499888524137 0.041448247595133936 0.018664166114961942 0.05153688989592432 0.07784333615832383
63 0.07300508467505415 0.04381510534537544 0.04758376773929577 0.08189617881053336 0.06199158867428453 0.007332708911456535 0.021285846119592455 0.049348756516979994 0.006548750361800852 0.05998273568404905 0.053754014666595136 0.07932463318429328 0.062440399506833014 0.0809852494682944 0.03097971982895579 0.007639287231407538 0.014457323535466877 0.06934074851737321 0.0672595758630929 0.0810285253592656
64 0.0016290603830555128 0.0018793490088539065 0.006006833707553808 0.07315074985949428 0.05764165968285379 0.038809341888883665 0.06992498985363362 0.026908481050514826 0.07491915968753154 0.07466611698382794 0.036649525725631335 0.09379562115282689 0.0449562855754354 0.046931089235907116 0.09045739055523161 0.021501700854393305 0.07978957951520678 0.06907466742108613 0.017247611003674574 0.074060786854404
65 0.04721963907122439 0.033249095696328314 0.042982786468011853 0.08999904378417657 0.07547789011384622 0.012844580488706155 0.08430141265811078 0.002984962264572068 0.07647127775719915 0.09021213016245772 0.05163463625578018 0.04498093425677904 0.003723813107628877 0.07135603599853416 0.04414708215315276 0.027423804279685854 0.07014164851596115 0.028167388463231413 0.01158900435870532 0.09109283414590799
66 0.010927432573666013 0.08284957889686309 0.00912331768970799 0.029930289613226874 0.040553640978534686 0.06583942854418505 0.044427570910546686 0.07045856950523263 0.05561923501945371 0.019864012393129078 0.06998213980888883 0.08158078435417425 0.07088299294346737 0.013071444444382747 0.049933727845341676 0.06995669468165513 0.02274659085888471 0.060147137418534544 0.05150111688348797 0.0806042946366369
67 0.02680526319407079 0.03703014363571311 0.08515139160786638 0.08319897466615388 0.043574026732168016 0.015259823554525003 0.08355550686572251 0.02579044665346122 0.08910473040149808 0.05644327660460911 0.023657646981252684 0.00518884277886691 0.0350357229212732 0.08322582896141771 0.044322705839347006 0.00748613738672624 0.024359667167735476 0.08875567119172743 0.05373630085704005 0.088317891998825
68 0.001871878970154834 0.0068311040905034695 0.035279686370657495 0.09306814148440745 0.05084022978603236 0.08883859446330505 0.007785134468344848 0.09134554244691336 0.0051547996189195994 0.030144183096859335 0.08761356770239269 0.025020006875313066 0.05875765310871911 0.009985888378896468 0.07855507471945226 0.08842005154930903 0.07490804366555716 0.07481712187895405 0.08804331467048393 0.0027199826548243607
69 0.0722105555119255 0.037195618746205396 0.0625863151595413 0.007387489251124774 0.0782436447252925 0.01722179594025726 0.0797252441026416 0.04268523519770599 0.04024355988450735 0.0707999458348247 0.006580433279876306 0.07158700416408408 0.01533400710264566 0.07086290060665851 0.05348671911245163 0.002118801584820943 0.07558073128533631 0.060672622846523944 0.05811727730273617 0.07736009836084017
70 0.003913047727186551 0.006090541507935009 0.00758069631348783 0.10603049864583462 0.09878819855007505 0.017197636633097674 0.013145116803428197 0.11403174257184322 0.008025404902275957 0.0063092140329373755 0.12445360930594195 0.10776035542323223 0.050682995479819776 0.04621034461163827 0.11245999645024314 0.047168995369740056 0.03838157775393178 0.0625419394871919 0.0207947554109601 0.008433333019198862
71 0.0031505113010572316 0.00734432075878788 0.052001091592178326 0.014096357506283932 0.03462256140478836 0.07870217320190169 0.06597379268985124 0.07134560410868915 0.07720609494594613 0.04475949909421253 0.005691908034295809 0.09319759653992413 0.0031213739577162364 0.0684112013416355 0.06940325600236658 0.04242649392264945 0.06039036416515622 0.09136536991655561 0.06647300243080595 0.05031742708519812
72 0.06222532371636655 0.07610842308357364 0.005266703814864098 0.020062529214907233 0.09875356276069054 0.07309169838914156 0.08851008146737237 0.005635285892959284 0.07142501299176252 0.02474052387177996 0.034778228700252 0.03495113433073162 0.07898973182907375 0.09452339491994063 0.09350362482597169 0.028809201952801615 0.0069956463966340835 0.0351740934398419 0.0009520148664922106 0.06550378353484261
73 0.019919721868850215 0.038934601769544254 0.05123788732579803 0.03667965314083563 0.05735418140281822 0.036985195499495055 0.07755158369376516 0.07709872178483208 0.025642019666636106 0.016377051057110587 0.07863948894845361 0.01799420586070694 0.055233051505538436 0.06912114036780864 0.08461829955809988 0.06278047224022527 0.05653505777362906 0.017164793304377736 0.06853450420594127 0.05159836902553381
74 0.09660215505644291 0.005312254201244385 0.009333768488361054 0.10427962574752746 0.07614536151781075 0.007180540939818383 0.036485268721413736 0.02786515171572061 0.06181915122378833 0.10702341428418226 0.07393770751855905 0.09659774390254663 0.026600590527714383 0.01796374887003516 0.05704108702254487 0.11289504377607174 0.03915262187095199 0.002086181404573345 0.04045394459915324 0.0012246386115397265
75 0.068844517773575 0.0014195633768987906 0.06088733448122814 0.04451036954443286 0.015965007631149837 0.07309542701428803 0.06986613197499608 0.04891371073410017 0.07487525816075928 0.04915725375406794 0.0737648232554629 0.002810179190800903 0.07847892825644787 0.08936318551846782 0.07078855016133255 0.05277699235071072 0.02872761786862732 0.04946996986687264 0.026714699766838382 0.019570479318942804
76 0.007708591790077893 0.047140708557888475 0.06387392471469937 0.04796271486119329 0.07312172990555707 0.06609456356215153 0.07714723567775028 0.07029098713699815 0.052827385586068566 0.00897792645796879 0.06006493563193144 0.05179103945839317 0.013826831647542451 0.06687331666266355 0.0033906088678173165 0.060353148138718817 0.07250795195683979 0.0658275123845781 0.023816085363833353 0.06640280163732874
77 0.09516223053488851 0.04025209871939256 0.005604042741560119 0.032354043148863074 0.07563607874630758 0.0980566423290963 0.08879760233779112 0.05202282328032006 0.004539006554580001 0.014720293346341297 0.04064691388088111 0.09200563784139008 0.049025909599941485 0.04550137178620459 0.03972747306179368 0.09995838557935828 0.013260203453438148 0.038366367720153276 0.06724181489935391 0.007121060438344637
78 0.037982141023931805 0.002733148572091669 0.04937086234859397 0.08639219586784215 0.1001726195957451 0.09672226592466064 0.05624755748171413 0.020653228112365918 0.007175972244018801 0.0006886632146402501 0.08444762420838743 0.10008451829891438 0.05169340110357027 0.0313898972080351 0.01662739948712822 0.01653356757363596 0.021308237902508756 0.06836940122722653 0.076691344740634 0.0747159538643551
79 0.005755623015028621 0.0824007108359601 0.059559864926374384 0.010562449090142643 0.07188954256889539 0.09367509191620631 0.032840263486316426 0.030287733477951762 0.10661774768665365 0.0939610313048492 0.003656273882668257 0.012833529890272595 0.0006186637725143411 0.07759111477669224 0.05958442561071864 0.05111924550039797 0.0369252857239978 0.03330686473600222 0.03478048153564571 0.10203405626271154
80 0.08104218114293271 0.06347807376416117 0.07732281680721491 0.05399268986435879 0.0390798011642384 0.053134767509698214 0.019867561380638304 0.08200733597978731 0.06308157925382897 0.022550777131601463 0.0071165831094408 0.018732944159131532 0.07263248868187595 0.047018095054438186 0.07948863955518581 0.040793051947819375 0.04914245303659596 0.031168432618229127 0.025139816662577887 0.07320991117624513
81 0.05041979208349699 0.058306130176073556 0.02824522514340215 0.0028647064350626156 0.05727780350506647 0.06309873195903552 0.03130379599491486 0.07786731297658894 0.07193747948101248 0.06753157670935517 0.07972638555529055 0.054497833197531445 0.0230373196249786 0.04855528838779021 0.07071866831927037 0.004053190576618423 0.05523886733598097 0.021265700617579493 0.07095769486365261 0.06309649705729874
82 0.057681695732452035 0.053132547929570804 0.018954037063390394 0.01594949606006077 0.04548456828860215 0.06394130236567101 0.04018743855613171 0.06165412784517488 0.0481543616120179 0.029867178620336898 0.07816740175313873 0.08805211625369924 0.04522649084596333 0.01701224894578417 0.004947365223862201 0.06525982718815884 0.09153277107874414 0.040326765025733825 0.09169330993251298 0.04277494967899414
83 0.04264514884438493 0.08190239972097021 0.04190436079929166 0.08992434557191162 0.0863486291895987 0.07037624101585736 0.010891770890423053 0.010982596954511254 0.036504423070834624 0.031595944899908614 0.004485820531450995 0.036579645168553575 0.09593569176276963 0.07605925165741945 0.016461608193343788 0.010358069083599234 0.06490613197654858 0.009384115529327754 0.09225288614150279 0.09050091899779214
84 0.07086332115598762 0.01909162148987152 0.055146476768157704 0.07774074865575123 0.09706320107580903 0.07417283883539322 0.06706871059607708 0.06110153591278977 0.08293113714567132 0.008182952880565312 0.006734264055129213 0.007325056096484791 0.06546173061045837 0.030593468350827376 0.025629197047906494 0.05758397319050205 0.07536941683754918 0.05525162098109337 0.014853897781996443 0.047834830531979046
85 0.09169351038274456 0.051653636913707175 0.039024020430602636 0.05972123344980696 0.07515074096623552 0.05896337539954143 0.012876413239059643 0.023559491466734014 0.06463068729861295 0.05719543787738162 0.0034562592064066354 0.07968585545301503 0.04919331860897849 0.08847528867935571 0.029614714070227064 0.027973653774064158 0.06706552389031822 0.03872406275082002 0.040279639548226276 0.041063136594161914
86 0.03279357574188149 0.05767152665255809 0.07909822242019397 0.06562810371512084 0.050721963324945635 0.05607167450119108 0.022836458111491976 0.0458727062269907 0.03961322245577126 0.026460270937882044 0.04472092393357923 0.04249812869473481 0.07802682676670843 0.081987944354814 0.05067027411721042 0.0711765931162607 0.054896948350703335 0.04021833051549452 0.009380488104054901 0.049655817958412514
87 0.08062293532296709 0.010299939416230518 0.07924953535200642 0.031019036347194575 0.024547157335941715 0.049134809248876594 0.00222070390827757 0.029252282024774725 0.008957910438289236 0.013768987399417051 0.035013612132109316 0.06711641508274489 0.07241635943117358 0.10290565651754194 0.09754683539384972 0.04311518395954838 0.10409512692816857 0.02048219734106407 0.06353398831214736 0.06470132810767677
88 0.0804957343464504 0.04967626131932253 0.07803348535868962 0.07836429392017452 0.008023546414419437 0.06646214104232806 0.03256094190336418 0.06366773088919252 0.07313070090957667 0.0632552592378469 0.05362489366780561 0.01659549200672219 0.0789397039262997 0.010276222485983802 0.06816432044854455 0.03042492701294773 0.012276048364290172 0.014795686049818953 0.07129642200529877 0.04993618869092346
89 0.022183443129582963 0.10335595594948267 0.03179985167410558 0.05627761080040887 0.01922240750588187 0.07767867165138635 0.09405329385270263 0.011941966376377205 0.08781212245841678 0.05194322905101799 0.0008561487625346682 0.07054321342596835 0.02739184254358027 0.11269109429299252 0.02483727339965459 0.020748014443816857 0.031503197606167134 0.029283043719809856 0.041045377341386864 0.08483224201472585
90 0.10364324377575092 0.0036990399820752977 0.07905862691358127 0.05981575607771788 0.005509208262073213 0.06365370190330812 0.060964916935235675 0.02794059435183601 0.04251145925513278 0.08111941412197492 0.09356061990394075 0.09002279236131419 0.009579647066755157 0.035165135105381266 0.005323418306393187 0.03007454306407487 0.10408542895524113 0.039717196150254284 0.03144759099771324 0.033107666510246166
91 0.08919750351439924 0.08749119048253193 0.07071462840452424 0.045120953818819726 0.033342889814282704 0.04801945392574668 0.01660969775490788 0.021364089858159012 0.012910638221375826 0.08601462174630033 0.03351052103846561 0.00777959262147745 0.040888742749757026 0.0763668160250286 0.05616433030480264 0.047298274820864544 0.021607323414215913 0.08315572169420975 0.0863263375526865 0.036116672237444525
92 0.040360742560248526 0.07157843192394947 0.06162486144201795 0.02813967964468787 0.007688950674829293 0.0353924041496128 0.028104902777927255 0.016448915365032714 0.06946137302351203 0.05286754313881519 0.08527020912910492 0.06967978038230853 0.04958051487253779 0.06506652292292772 0.03145860304796412 0.09200761112092944 0.04159737336355049 0.013241541810182998 0.050005150150644585 0.0904248884992163
93 0.0723168491854634 0.05655837374590834 0.05211614965062918 0.06357419597850858 0.04566549748995096 0.03483315147548503 0.06589746111231494 0.0563348133390929 0.03812982271133791 0.08946484541380849 0.022045694138658107 0.05614620767159016 0.020124183557102424 0.015251590266842729 0.029763736094807966 0.00015279159729661464 0.0816337584904453 0.07888786069712252 0.09924545137505522 0.02185756600857926
94 0.025791620528707298 0.048271411706225606 0.03359256047743464 0.03410389755888702 0.04483019737450377 0.036662150620105985 0.013639568591878827 0.048201689238128724 0.02896937942878873 0.0877260414714607 0.049696319174141565 0.0994304562381122 0.004190302301566535 0.09468927548540298 0.1008923715395239 0.037711533716140125 0.09186510412613992 0.0573291211029858 0.029533330533836215 0.03287366878602934
95 0.01267613335658464 0.026067085600214517 0.062471633707142094 0.08567947534790456 0.02738170705976702 0.062420815024576796 0.08642257019902384 0.058961554729020885 0.038851438793687014 0.032792823462545535 0.014296986452975342 0.08226605453413004 0.058639058239423086 0.04519565913704459 0.023459751842861396 0.04494064195976705 0.0597304382711514 0.06726661971015663 0.08650460491417146 0.023974947657852085
96 0.05906774524597215 0.039668087761579936 0.028175329744062668 0.08232323977559586 0.090148413529745 0.00011272938255062522 0.005384170208223171 0.06800103039932333 0.06591184065752527 0.03524746571865579 0.07366859810805461 0.026005872672868906 0.099459922674927 0.06219952799926829 0.035226385201689935 0.09090289420972358 0.0011719985064273968 0.1015873442218333 0.021632124598899582 0.014105279383073804
