0 0.008968228079202396 0.04652167210969394 0.059666208286906136 0.0933878025017648 0.08569971364697725 0.06978374177331073 0.09573328594463004 0.03451065939236693 0.04015795364356289 0.03477641991149116 0.07035967174748604 0.006473206307776076 0.0021143721409832917 0.02339039629109463 0.08161877246271414 0.016336554197236747 0.058730366162703 0.0445503547215534 0.101012255888153 0.02620836479039332
1 0.0361925451260749 0.08473046714739868 0.07928279618680431 0.0037355463491170905 0.039795318912134524 0.06277392246462583 0.0069859865764206105 0.03723064097187325 0.053134582069054505 0.07591090366213885 0.0167927403933034 0.07967914525270867 0.02688947656096766 0.05865760482234308 0.07852465314524602 0.07626549837663303 0.03690180387389675 0.044901673374197405 0.06899230933859496 0.03262238539646633
2 0.06280748729501738 0.08972677241522074 0.09824965265018507 0.017335049276903623 0.026514860179216566 0.03450063202299395 0.07031282074292461 0.05078057528221225 0.006730921612942899 0.07528305525544349 0.07604801433796214 0.0007684486788647691 0.04740000150328639 0.05963103102005294 0.03585100896527675 0.09014545696602021 0.03231936113964063 0.020131253962159264 0.006502197253632975 0.09896139944004322
3 0.004747920686931329 0.05601442647421542 0.035619971997628425 0.03529144327601204 0.006393649223475807 0.04774080592489714 0.07729726437021475 0.12949926005149834 0.001166616147621701 0.11319313907917693 0.1083537429306601 0.0700603054103521 0.062006509031152436 0.027727362479431687 0.005241645681359514 0.01859156406605169 0.012483794715167518 0.0671049295398679 0.04152617849075829 0.07993947042352686
4 0.08970411888187642 0.028121934798952804 0.0237451264133152 0.04176848970744432 0.05942971706202286 0.08461532782726366 0.05230864549467809 0.0010175345041133815 0.09017331449457847 0.09180949146182105 0.07034641484031291 0.02417308559691837 0.10524043840551091 0.08458112875430901 0.022545269733553107 0.03023501542340007 0.01966392530360924 0.028830736893036467 0.02120613595790339 0.030484148445380433
5 0.06057174537554734 0.01049421316564383 0.09095921529590577 0.06249146928971741 0.06831156928749546 0.052630044220540184 0.04271419664612521 0.07271958242508055 0.05551134338152825 0.021916954652392417 0.07067990825809259 0.032952911442998445 0.06622585144535573 0.01121790380035823 0.04642293495460701 0.043328344627157796 0.014077230484000754 0.08691205282329963 0.08862528112901465 0.001237247295138758
6 0.03590209075488206 0.048239516097456886 0.08953136216863594 0.014006564070505607 0.011800572226614583 0.006998311052225326 0.10259614929226805 0.03278821768283384 0.08946893095549621 0.04398751442035801 0.027122473308573033 0.012362752831628028 0.10189965067696335 0.008661767627574002 0.04950753038996022 0.06340242071061214 0.03568152087692924 0.12019325472178455 0.045170534955827686 0.06067886517887118
7 0.02290793409456843 0.024032068195404026 0.005720145143252765 0.09628891143557974 0.03676336961493473 0.0046924237015594185 0.0808838110065648 0.07622580261249269 0.07703984297749823 0.07013213865178247 0.01643081169943811 0.0700943887530085 0.09588150320807165 0.06991429129711832 0.0005819459998677414 0.07991187818691553 0.06844836207647605 0.011182491513660691 0.0516317406767127 0.04123613915509361
8 0.013827959537084085 0.05171355144558182 0.0282086226372526 0.07526026979812876 0.020291670880448528 0.038464339375770165 0.0477782174330877 0.09660194551281805 0.06749631943978371 0.08452476061359056 0.019561057220091403 0.07434945397814312 0.03930098198811073 0.0833934434268878 0.07660593220248649 0.06140313759498765 0.003939529719209672 0.005835345109430618 0.021848135261348645 0.08959532682575785
9 0.040441642979759614 0.018927059144330866 0.0539168173241772 0.012824194572669962 0.006827684408916155 0.08829020284731924 0.012356134278815465 0.09153938990923148 0.04184016679270563 0.06827947780306716 0.06337446848109649 0.06988976906365163 0.006913875457757329 0.10319593813150826 0.09729184568009773 0.006231248146255267 0.0640951719681121 0.09953761789496722 0.01254274359541351 0.04168455152014745
10 0.021485619499857538 0.09160208279669588 0.07004067409243807 0.024396640468606186 0.07054737923654439 0.011369446619823706 0.01357725735979941 0.06604531105837948 0.08099903004989399 0.06427591064386266 0.06293033347280437 0.07636326403405218 0.03971240391575247 0.06047040504912347 0.028471227823114408 0.05349882931123001 0.018459176906843615 0.08019362835754595 0.05441416475792897 0.011147214545703095
11 0.05851929588578832 0.000875219029250483 0.07077838492113864 0.06658154647037837 0.07648412451048636 0.08337090708902922 0.03325159343214297 0.08169995424960226 0.002987783308134108 0.05265402890178162 0.06493851450997885 0.013385040735267239 0.027079259511444912 0.021504385482275297 0.06248863758600615 0.07722631812080386 0.029018301470987527 0.06773182368938704 0.03836038500124246 0.07106449609487439
12 0.06453287617061204 0.053961040183818074 0.06391030787541838 0.033763174761902645 0.0370641271822544 0.04501025095201632 0.08344794677576468 0.05719666561134125 0.016118589821621947 0.056714511843020406 0.08285356581067228 0.09247771571292283 0.054598077719444096 0.0478365810360684 0.03726631873748946 0.02384524044017994 0.012559331018259156 0.02278270398290391 0.08834930974961332 0.025711664614676527
13 0.009828972779054292 0.009691118264331682 0.06066675629576173 0.008142214858679324 0.08726550581971554 0.024898534261859492 0.0516591134467372 0.09151624976859551 0.0795039861998528 0.009612050157082913 0.05588856713421505 0.04246358141126216 0.05302242296492037 0.01037204193473204 0.07955484932262386 0.08562859993576118 0.08582378078136778 0.057778369448111995 0.025527774899845656 0.07115551031548953
14 0.03946626304982858 0.034627226430093506 0.04103341836784145 0.04532500291184705 0.11356808994143061 0.0491977996819949 0.06903431925377136 0.0969420349488159 0.08829685130987844 0.005013192733394807 0.02258723114078592 0.007879775211774475 0.0830024339263246 0.05262564450575393 0.029026314715587035 0.08230595150097035 0.004818381608176545 0.05378829123275989 0.008869662709603666 0.07259211481936717
15 0.05062973263474108 0.07123583213056123 0.06619902651551002 0.07423422806754297 0.029239409885058576 0.04462796512437925 0.0642863685558953 0.026317493680727173 0.09071617127791716 0.04129449826832514 0.03234712980972204 0.02986231605654645 0.0021683940565153906 0.07680738281552031 0.025401008897365497 0.08184817518352734 0.01368619353584372 0.09302540127211233 0.04988883316311067 0.03618443906907846
16 0.013864757392245332 0.0028929457004315076 0.01657930094024067 0.03856154699078747 0.06487133254437118 0.0567873343985468 0.03060206692497431 0.11346686857762772 0.09865904602244696 0.027554097667338365 0.08979843029776237 0.048064520737177416 0.09618444468501774 0.025194187301078946 0.05292913089674014 0.05983525919347388 0.034330820027861426 0.03747250613712634 0.0556774699519544 0.0366739336127971
17 0.006179674038271021 0.06984584000912059 0.08498117330398472 0.03406064461578976 0.026976447836886075 0.05449418901485941 0.08190467351909647 0.06117599373942034 0.06151172648826153 0.07897187389651562 0.02332307817128698 0.06255638787028533 0.010104810660849641 0.005297574705072199 0.06577956205224327 0.03195138646614022 0.03313523182532132 0.033689870469031304 0.08419704492996852 0.08986281638759551
18 0.0872733411180393 0.0303148320520082 0.0008948297476381049 0.02588837226088125 0.021848986394124203 0.06749069670764478 0.07514750550413288 0.031928418427191 0.09174608250177656 0.021256007742391978 0.07632635927720778 0.04479895774678727 0.08589118341596262 0.03420937390025913 0.0535994018604939 0.07134638477864909 0.05070619743644894 0.054283109001120176 0.0104323219609893 0.0646176381662534
19 0.07579757848142382 0.019422552902722944 0.05608185235039456 0.07385864657088023 0.06526735473057389 0.08681972473766057 0.08544249461732775 0.016228470637641663 0.05182175611696601 0.03233358577103501 0.08535716826129051 0.05270436273615392 0.04896906812362783 0.04943772571950123 0.06059486140917813 0.010934639535249136 0.0010792062236209459 0.037962967283422216 0.058720948409950076 0.031165035381379422
20 0.015712212170087805 0.0617827596434425 0.042236509513630144 0.04744750006486782 0.048897469174853186 0.08166734438224153 0.025133461161984047 0.0626240948428416 5.5572942835116074e-05 0.04042038459983289 0.05149445543150801 0.07597023533866304 0.060983432545553856 0.0630915947857951 0.04564684865427083 0.03889056043302632 0.024807240365052132 0.07252046348812004 0.07741221079631072 0.06320564966508334
21 0.0017519111485521906 0.06218819296352617 0.009586802661100333 0.058504316135860344 0.01701459799140179 0.09414231261441668 0.06980926956393206 0.07200599928641568 0.003054345653658284 0.08996917888801591 0.03695683921808049 0.046568983977057686 0.08741903336383926 0.09260946626471539 0.06282634249211176 0.030541518043029323 0.0650469567674909 0.007976874942978045 0.06828386847725476 0.023743189546562907
22 0.03665587568373374 0.07066337049631459 0.010571116362387268 0.06703139494452193 0.11074649934837513 0.026676074933370902 0.07995774946478337 0.006170109937584507 0.014593738042103815 0.0029222938569322936 0.025598392778506528 0.10671200360526392 0.04972176941580669 0.019138188125776102 0.10426792252040058 0.048827637022371737 0.09145291436667013 0.09454921994159406 0.0027925423839052555 0.030951186769597322
23 0.09468155056408338 0.0344800931551121 6.3487716742137924e-06 0.02599627344038981 0.035053998390542955 0.08138849148417397 0.06820543980800482 0.010116468940935666 0.09358512298753424 0.08983863780709518 0.0008442265262967653 0.09326940426503703 0.08412748767847131 0.03652066323499616 0.047369152891778954 0.03222832432504531 0.05291245543269146 0.05699116799841696 0.0061746705949862505 0.05621002170273346
24 0.049013943032276984 0.08957761407541683 0.09325790542140167 0.0909073540878277 0.06810416355799188 0.026915719715257032 0.03592572031879664 0.0017086115005220826 0.03391243145910738 0.04538730986188569 0.025048125789619378 0.011756032210693762 0.04675328009843229 0.09161662113343448 0.016517256937269863 0.02229254953594365 0.08792895164683509 0.03801088064716866 0.0560607645084724 0.06930476446164666
25 0.06109921413527914 0.0275959787181768 0.07182841894276688 0.05752179419392715 0.07622463384058864 0.04267054282964246 0.07490780199006132 0.01396538698963446 0.026973858528276343 0.015560016226609267 0.09150820340517042 0.05834940036802946 0.06742661249699204 0.02013114956692022 0.06019021070184493 0.010466371618735973 0.08204006107475793 0.0625461958366803 0.002987321002830606 0.07600682753307549
26 0.05698124921218053 0.06411596963469841 0.06095854086796287 0.008384880373249474 0.057826013547339884 0.0756159473819717 0.0645117249654438 0.0852938628491693 0.08146682881880773 0.08281478771777454 0.01964499196244424 0.03423066780850199 0.06433337532056814 0.028367198065584562 0.016618606442351636 0.048144392243092145 0.06516650719141377 0.03547054987755866 0.016991444642798222 0.033062461077088434
27 0.03720632334159667 0.07033237251655727 0.059602322400530976 0.02949284075841283 0.006899113709133954 0.05268972137003394 0.03572862663673636 0.04820681571401933 0.031673555849647476 0.02102980864392788 0.01729236360311139 0.0584495306966857 0.08822313511100523 0.022451483603769147 0.06975313229514538 0.08100953458121402 0.015899380866420284 0.08015327477959965 0.08735111311162072 0.08655555041083184
28 0.035174081323254204 0.08868522251760007 0.017911590780107723 0.10158326827917372 0.016709909794109842 0.08055515853111389 0.021759258567183703 0.11252804070338891 0.08087179949829984 0.022567053887298474 0.03829271249623204 0.05073594365391257 0.049753812752094825 0.01419662237712294 0.08484244139622699 0.03444936531069544 0.012504122449178888 0.03168912909406033 0.04229395402591473 0.06289651256303085
29 0.08700604256891194 0.07272961908229846 0.04598093929811154 0.08877480287240072 0.006791394937294747 0.010984235118802371 0.052587655446755144 0.051219619729641765 0.04382411307866144 0.09858936347282803 0.062333130176486756 0.08334738504112618 0.03315907853689609 0.027641951713457714 0.0025595474640711254 0.04972287461608798 0.07580054241101089 0.0016114791974568769 0.07140975535375792 0.033926469883942295
30 0.030167749035802917 0.008659515012037875 0.06044672093145252 8.912602873631847e-05 0.0373007229300285 0.05595427143196226 0.0717199853822032 0.07268513831633314 0.04498767980620022 0.04644180444129054 0.09375135766363189 0.07276530509397086 0.06126033554648851 0.04167656779614516 0.03657949834464758 0.007778566467282297 0.08245111171959701 0.07585635857129001 0.07983630142743407 0.019591884053465205
31 0.01204500710272508 0.011343735293397274 0.005899533341549836 0.08106753248850945 0.10516938481195932 0.07372208205115734 0.010751900751815723 0.11623188340966506 0.07788239706602693 0.08751589567211272 0.011023120126347341 0.0316409529220425 0.08724372618642197 0.0375300829423644 0.10731189266938752 0.032749939558458965 0.032745581578693526 0.027153607471375678 0.02383613679391998 0.027135607762069462
32 0.0988455114912262 0.036309303848060276 0.0009047027559550718 0.02096665948732154 0.07121082322994257 0.023064263375090183 0.022784819833397967 0.021890848707842733 0.0488097555535218 0.06592360285901759 0.025652687544377595 0.035869049477480305 0.08462849815193411 0.08295452516948884 0.03663339337719774 0.08466229969256864 0.051306749364254445 0.10447639996390717 0.0365362888384346 0.04656981727898064
33 0.05406013729407242 0.06614362231033698 0.07060169248287802 0.021651028060041943 0.03470239063162243 0.07694466662837206 0.03419121358108642 0.07533797469018792 0.054233911704276334 0.01659556730623818 0.053131137047007664 0.04865754641402082 0.03742704640308559 0.0559860829019108 0.05738868918807298 0.061868557075597796 0.07239095343044608 0.014193658985874014 0.04554174372580396 0.0489523801390677
34 0.061200235963292514 0.012331682446963909 0.03298458486928802 0.0070140581468159805 0.07732926061403987 0.0600967951549067 0.0015143173438609125 0.03423942598881442 0.04088151049069738 0.08571648494161291 0.10000868988442213 0.09881030203375935 0.08238854156894196 0.09737446337159868 0.057599446843625716 0.0658304348898819 0.07370283119215604 0.008692011058721187 0.0014573041414435548 0.0008276190551566907
35 0.12867994870723473 0.06634324598589612 0.014518446274646716 0.09924518816810103 0.003654338458763199 0.006797564019153171 0.06434202005370829 0.003625309590749907 0.0021512907447836047 0.07153466768736548 0.09247461217704633 0.001518246222170153 0.11572687744252305 0.016615348207605966 0.11318171672460875 0.03598591953932899 0.09039127731611503 0.013373196585724879 0.02285391937716127 0.036986866717313376
36 0.022689935132925054 0.03311875600163369 0.08785943761094772 0.007766559417911442 0.05205200028876472 0.074147342979101 0.06862689763641457 0.0624092713864113 0.007435648536097772 0.03197482993875325 0.08331212659625144 0.07596478403568965 0.08160279137142855 0.047989035669391916 0.01829239162961289 0.06547431906151213 0.042750037957080156 0.03480519915533982 0.024750748498947792 0.07697788709578492
37 0.019772222873945332 0.07965579019143725 0.009311442754903577 0.07549950139685951 0.039395188510970305 0.06050753645874017 0.09257349978552692 0.05081184867324331 0.07067522025445898 0.05243430460177255 0.07305307594535919 0.03754868893835944 0.05536914984601572 0.041733392769327256 0.08256908254143462 0.017703767413741387 0.06211142145064341 0.005939150645800005 0.06042754019606273 0.012908174751398317
38 0.00975936754958258 0.07149285641437421 0.08034529573881338 0.0642711745324268 0.08122844529760027 0.07231402592617468 0.010082474641582927 0.06566232211058685 0.06754922500230554 0.06660647452029447 0.05763665841221078 0.024243357178822773 0.08453092319117453 0.015300646904220545 0.02104796108559135 0.05399197882093403 0.012347041613582124 0.05187911286776571 0.04023886237162187 0.04947179582033453
39 0.039759050667839704 0.013012619578457141 0.10877303658924428 0.04270929076083957 0.00528196752292846 0.0309801777627693 0.10223033983365504 0.008795047117017849 0.053081347214747686 0.07175475882948273 0.042349496335314665 0.0028278424539914834 0.08902801339698012 0.029055744825699184 0.08048495937675126 0.008464970664647515 0.11163092989908129 0.02788475731756191 0.025967955741563964 0.10592769411142695
40 0.014678316903567393 0.056249592159973986 0.11106391041250815 0.01615198741009312 0.09727937811902199 0.08045022618413673 0.008958278888452619 0.05075514859059666 0.010859081275189166 0.09438354401086455 0.046089790957457175 0.021498436506395633 0.032254710125491005 0.03287488959505605 0.01012920376651904 0.06962330126558476 0.00988995260903026 0.06636984324098899 0.07545128437858378 0.09498912360048904
41 0.05790428724416989 0.08100156537747884 0.06564014844078828 0.09505097009819416 0.06912554317997459 0.05308701907743961 0.03220053644231583 0.05207422003293592 0.09051695334923723 0.05037898434342566 0.012165053609580053 0.04696735569699217 0.0765341727574265 0.015082375552643558 0.04757751944372131 0.07885006165381804 0.0004781214254179222 0.04306966288862718 0.02566091239209498 0.006634536993718383
42 0.0795212821419317 0.04338989564237869 0.07892723019058184 0.033631642951388804 0.024879870704851353 0.06354717343579368 0.08051023638525684 0.06896440663397471 0.03533758015276929 0.04850784934900232 0.08214415121095375 0.07096553426748335 0.00014260192197475485 0.060683468341034934 0.06952425589200419 0.00251474354161402 0.04817389268735716 0.0275630363425052 0.0509414092609064 0.030129738946237026
43 0.021157689139677437 0.04117362737474934 0.03425335349259224 0.06977507503647878 0.04736640265048147 0.0423390663869376 0.08014299757883117 0.036660784828860656 0.07157909524817126 0.06412508175193458 0.025780847974005126 0.09529893979347177 0.04964550431424455 0.048219125465363624 0.06069147725001029 0.0005884057684912001 0.04743444313789293 0.010906396520179239 0.05884640609716259 0.09401528019046412
44 0.0792544321150301 0.09582884959553364 0.003576730324464078 0.09664686131322131 0.07308541052466999 0.04380935906325393 0.077489040568472 0.04448142095356336 0.07004422981005727 0.04365381983450786 0.03251913193416382 0.08636180427685357 0.0035860333446355577 0.02327743336093165 0.0786962333519731 0.037777113531597975 0.043702745213799146 0.015108676916663122 0.022182703725287984 0.028917970241320635
45 0.09146178845900482 0.08663415329805242 0.04941530936314464 0.045450781894564335 0.04077567824988021 0.046131803968697836 0.067987989496079 0.06244717517837045 0.019786593668192146 0.008385426335560041 0.07657071094584796 0.0434936420869563 0.029392792158567306 0.08363530965809463 0.017259738473274392 0.07520095408491054 0.08370715527261334 0.0028723318352341645 0.0014180442140182391 0.06797262135893731
46 0.029224902193679007 0.06778571821500144 0.08106150396971838 0.061515227424833965 0.04424194620866809 0.030457634242361063 0.0356147444501571 0.06221325333643399 0.05304101412424873 0.0927712569618536 0.07467527679069415 0.09886140565211181 0.003185088163204256 0.0832166135511424 0.02199192820701694 0.00041385600252193995 0.07205511507402129 0.05204377135760381 0.02968099445381191 0.005948749620916342
47 0.06406031742182362 0.028897563737903472 0.027143963375404808 0.06285826885142846 0.09224948259720493 0.07865127001259102 0.06847128874682337 0.07586974621616992 0.028786899819260043 0.03226571054826419 0.01874531468536658 0.05398374207642545 0.05187745060703219 0.015930473865204207 0.03341702953808183 0.05473694118065854 0.01696804398091969 0.03984168093934789 0.0668342373009158 0.08841057449917399
48 0.004259699363993518 0.07959352663995233 0.08982468032173468 0.09179876997275863 0.09196194515725215 0.0680639619809765 0.05684560012268652 0.011748888556718321 0.06149845099415516 0.0610087954567573 0.015237093534570161 0.0035043157952491014 0.00704981562373136 0.021582914276378456 0.06886709599582999 0.09157085794652997 0.050062896426738474 0.05496044328568218 0.0032733344033809915 0.06728691414492413
49 0.08651655820772332 0.09667138641154654 0.06551228839127915 0.0994880969018403 0.060875394464569334 0.0997793373664752 0.02132365954210693 0.007587114191415827 0.04999544453776427 0.04827553501856653 0.00012258594651221155 0.05579037820326853 0.02816577178321939 0.06527926493233241 0.03818282032592669 0.06173718625898634 0.04488234317539225 0.011895800125236911 0.05112229088183218 0.00679674333400581
50 0.054869658649095564 0.019848860581378906 0.0030555495569377965 0.08922022011109941 0.06663338386294841 0.013091845241677226 0.04195100515768889 0.06732438230800215 0.05135639798693959 0.0733390397225712 0.02031647672894863 0.015419364323571482 0.0707326010335053 0.08492920001237159 0.07894476216906532 0.009517045728414794 0.08166943245645153 0.07435228684121524 0.054941448262631316 0.02848703926548547
51 0.010941107572557361 0.00035737684366936247 0.09895336851011591 0.04044912154497531 0.10490004483516771 0.016276136630918994 0.015607786254947452 0.06170891439700897 0.08945567647182691 0.08989937258641562 0.01410610955541242 0.04238527423451523 0.010842749710836657 0.06924283906165614 0.08942701937548539 0.045383031496532375 0.07542749858783362 0.03450877008744109 0.08340194023377512 0.006725862008908217
52 0.09598274647617545 0.02078984858057275 0.015310164552175019 0.012360219865852055 0.054399629151369124 0.0885241347674949 0.08901086924536462 0.08258135737753446 0.03292457775582316 0.023531366536253137 0.029554550440989664 0.08788674187672536 0.02629470096803035 0.04651855546331374 0.03342057327048922 0.0645703134611251 0.000942621507717022 0.08224565616807684 0.05691952187803522 0.056231850656882895
53 0.07189063901726708 0.06180977886310424 0.027510411835095717 0.039625233649358646 0.05888524522119432 0.08278827291439936 0.05593438659691454 0.058773043060482255 0.01910280271116739 0.0811287363119951 0.047709042163512086 0.046762314445367464 0.0533410159247125 0.025532165584303206 0.07854814988474831 0.04428248510562897 0.051084489078908245 0.026991078009255785 0.007738431692357119 0.06056227793022754
54 0.07871911473069487 0.08885470395481922 0.0582158098208627 0.013094554204864372 0.056012064785384286 0.011603960131593274 0.09341464261596953 0.08102067861792009 0.0708431485930767 0.04132758719413803 0.024453660860218482 0.07137096294551032 0.05479072146094132 0.06155563796683825 0.03989339973145924 0.030946626425929605 0.025810542411003348 0.03262650754737385 0.027541101771320995 0.03790457423008141
55 0.05513567538946578 0.0102249106123464 0.012506603079144009 0.09243261215286731 0.09473314185767762 0.024663692886498348 0.007252589226681795 0.10448110813820179 0.08263234354754688 0.04818210451386541 0.06804229715264956 0.08501083074845815 0.00822336464494523 0.06704228649674512 0.026699870325150924 0.11047082216180024 0.029209571489794802 0.023261617462990013 0.041187802781280924 0.008606755331889863
56 0.03814508777122618 0.10210175045742473 0.04281903944901348 0.09111221944727367 0.025272450873547653 0.017401447138082407 0.048492852855233214 0.025474566869695063 0.06185353040500887 0.015712095765257138 0.024374418528587575 0.07313706086621218 0.08892356290280437 0.001451938478992028 0.005523875732618865 0.08042363572282807 0.028477069240703135 0.04661259398064084 0.09810655477468336 0.08458424874016715
57 0.05504557685067121 0.0009298420462476433 0.06926140244560315 0.00025385035038510707 0.024108383799651967 0.0632849441234502 0.09757229664644798 0.058232139964893924 0.10651120300235642 0.09576612792566501 0.004333810701976837 0.021052003902545555 0.017239595692260995 0.05857543070620871 0.013483417150155894 0.10579675944127487 0.088566395607276 0.024575408611443982 0.078825594674782 0.016585816356702494
58 0.061449216152595756 0.00594218893789815 0.0822019853059951 0.06631763967184927 0.039235301240122776 0.054040843061591876 0.06964984825072472 0.053132120459341646 0.02682323349867491 0.026543948433524752 0.032016333501900286 0.08707364788012228 0.016900642599727008 0.07771468045890884 0.040551221148560086 0.03698735127044505 0.04940680396109786 0.0790137255542743 0.0015834952273024192 0.09341577338534292
59 0.046760591939272844 0.038610758233809044 0.09284782397858335 0.021858277932893386 0.023993124648584024 0.04684122542293906 3.110060818899984e-05 0.0890532248161276 0.008413533114118937 0.0812478520025695 0.07089190869302286 0.09578094967598658 0.005739490574243245 0.025023395964115777 0.03197560280739085 0.08277862047551955 0.06717738839828256 0.07678893464475826 0.04585643652071785 0.04832975954887562
60 0.08100112426359679 0.05466612132028503 0.028924237169798542 0.01253293115878768 0.0004592739233767631 0.09640865420267426 0.09358359007019773 0.06177244733603877 0.040749367900062165 0.08315936154822934 0.08117725726784109 0.05463011077303747 0.05042673331013467 0.009700358082835953 0.014151791483525127 0.022140251703547692 0.08056409706955088 0.053271783848050924 0.013106213970149543 0.06757429359827952
61 0.025814033075741157 0.05346774243681754 0.06021978666748836 0.08516018086121659 0.016635471750348605 0.08755366204672423 0.07018432961996889 0.056308408344117294 0.03165427896297482 0.015869575104731377 0.06417421770298015 0.03301054723114383 0.022041160939525763 0.035977322824782575 0.03249780134116293 0.007555117305837678 0.07726296679224116 0.05718445932380252 0.07023465271394749 0.097194284954447
62 0.009808405176823569 0.041764870635688046 0.0048808385161628704 0.11176639209289614 0.026778570161265447 0.04668121595900994 0.007122382742481359 0.01989088929105055 0.10732901300497312 0.00577765083678821 0.10978728846735285 0.004813965603170898 0.09619712376639707 0.003430435101466694 0.04213609625858837 0.05013950640344668 0.07224478514880615 0.0660692449617954 0.0995581139952094 0.07382321187662733
63 0.08004332099377708 0.020630356098838176 0.048512913137774234 0.07785062266169801 0.06590467563516324 0.07684743444912424 0.006470787039058715 0.06776590780958537 0.003910739700204809 0.05243802759646731 0.02149119352431811 0.048489816551229865 0.07380368979680599 0.054269184225792313 0.03188818333214855 0.029746910959869192 0.02339278748421549 0.08564754828699796 0.0831110987718711 0.04778480194506035
64 0.009577080074254264 0.0191844318605248 0.020278220250084952 0.04269925085194753 0.038725062813117724 0.06716097319696614 0.016736264182110435 0.1144938684835093 0.10382200994777784 0.04348462929585068 0.03533427914140238 0.027677021892380648 0.07064498745619892 0.06288911220377788 0.04221824572674941 0.07509280808414613 0.017335210751115226 0.10362296258389929 0.08094960912420007 0.008073972079986485
65 0.07149718694257898 0.02670330960472683 0.04449808691993736 0.0882792749089191 0.06380643029618828 0.04461035300865623 0.025142867486502733 0.04851420927041438 0.0634005364677473 0.04023407752335666 0.0033976068163326066 0.05849325290068602 0.029226488317340236 0.04561647931353529 0.0710064916939257 0.055201686641312045 0.0710799440854695 0.08213274035388914 0.04779179549198626 0.01936718195649536
66 0.06265468643399477 0.024641659315404033 0.04156349640465567 0.05773958922562339 0.024063537317014282 0.03246414221168614 0.034222121978629845 0.02452936803017049 0.07846961344197534 0.04493964925449074 0.08748882489486813 0.026536560849102154 0.026699055697724898 0.08652619920147804 0.057438704381220534 0.08156539445854706 0.03160712901003093 0.04894192773615307 0.0551740202826843 0.07273431987454601
67 0.10369073296763975 0.0650226117328916 0.0046653312656771756 0.02336196762556424 0.045433304947947194 0.03116512850022539 0.10516586818197425 0.08648321682541393 0.09290584147379527 0.016936913372569796 0.0030490635457387323 0.037945344098858656 0.011308139564546446 0.03526976925243472 0.05361566867408512 0.02481007956750685 0.10030149197679755 0.05462446382980866 0.035711064342214084 0.0685339982543104
68 0.03375873996600547 0.0015786168667513837 0.01951276917487169 0.014075382435776993 0.034326789215904145 0.030694987259815006 0.038940598288553056 0.0870177390070232 0.0771117029225863 0.08779303663567259 0.0626303214360507 0.08280114134314803 0.009957130766032178 0.05534812821992743 0.048404156519518966 0.06830549967922558 0.07202253076217106 0.06743957683492494 0.0816896790375777 0.026591473628463487
69 0.03807420699531063 0.07732732839634264 0.0516449866466123 0.013565007796656618 0.0310273410127536 0.0243294857229956 0.07522092475067231 0.04553478743999873 0.0744281537246501 0.055334669384748236 0.0567521841725181 0.004044848476775203 0.06283513327022502 0.06578548609697779 0.009758499344265183 0.03630212780505452 0.07463842206105245 0.05101354282674441 0.08335440299324914 0.06902846108239745
70 0.01578164393699248 0.08051416272352231 0.055256732564764516 0.0638486483152473 0.01859763505287549 0.055573362136355026 0.08672361971913588 0.09581647831402694 0.0010541573153639012 0.08717838066103042 0.03975662108542156 0.028495500975579346 0.06413511019616894 0.011996310291245104 0.08362560737212174 0.02544544515376488 0.07447714170267448 0.017616504338414784 0.03475617993798071 0.05935075820731432
71 0.05967381322543255 0.01046223747313895 0.05862110387282591 0.0588790058663608 0.033059356211312084 0.09093500298097186 0.04595254019729761 0.06637189758138004 0.06989874319093005 0.08195579207828915 0.05058533095707536 0.0014784616200254812 0.04205150306962362 0.02693291349418211 0.006890825890205349 0.051355425905549125 0.00342389960723698 0.08581497389733135 0.07547554340230683 0.08018162947852475
72 0.029049451244676405 0.01916852375307079 0.0027854982097221177 0.007229266346716557 0.024694901931393527 0.09428045734229216 0.0716942785595406 0.08302574204059028 0.09050015868992337 0.06442250035268862 0.07953213244411235 0.08224960501610275 0.04520643241488902 0.026041853413076126 0.08700189766443997 0.04254763746059888 0.00775166126479305 0.0066376897872984396 0.07936017997355503 0.05682013209051988
73 0.07621516578064332 0.08744676031449695 0.03089201091756828 0.0003488794645099846 0.020323818756993385 0.05843231575955021 0.010961211937616143 0.011557418507408065 0.06689083922023993 0.057590916389112366 0.0841624763023465 0.003467742393669671 0.04548263225996894 0.09128283002756704 0.07628909659121508 0.005395745171964488 0.05700102346763226 0.04094775718718551 0.08265069963110361 0.09266065991920822
74 0.07006568271578156 0.0808292440809867 0.07387633340806157 0.07092223951019545 0.07559359245624513 0.0104900307376556 0.06810099199858419 0.00831557050177024 0.08329328988160871 0.0004954193816895942 0.010915842158994814 0.08076423302120972 0.0020060661271812026 0.025477077689421323 0.07543312844206815 0.0608762706455751 0.052448822772943125 0.05637267514557537 0.06848219705543117 0.025241292269021217
75 0.05327165815134136 0.07629754492755474 0.03067459601145762 0.01684900445366808 0.08102421500562221 0.03037364174042186 0.07567182834689884 0.05499839557636881 0.06918233770394135 0.026396219022429755 0.06518053853175944 0.07611007196920619 0.04045878105295918 0.038034992708284164 0.004828294357874068 0.037552360544942244 0.08509273431841735 0.07358271347811496 0.04452082906889395 0.01989924302984396
76 0.09318643234417484 0.0761508896330661 0.06908556645342527 0.0024629379034229824 0.03350118612911382 0.06142178466241936 0.002833923472994946 0.023095146347763502 0.029100309128660084 0.06993109304864431 0.07941954770370983 0.011890810433299684 0.045290265886343 0.009150038090288776 0.00896709890078021 0.10020475832438233 0.0630903402438865 0.06958641331785438 0.035097675878066975 0.11653378209770304
77 0.038582029995443155 0.03466319690965062 0.0385297907219702 0.08549304573616047 0.10116197986644049 0.08487094521511264 0.029638931327092916 0.04133642053568906 0.03876940742732848 0.059215247278165704 0.002840190505256109 0.03478181596630077 0.028896448848661396 0.10868023860876358 0.005881035276525596 0.04917052459981603 0.03539717100929841 0.11157197031115952 0.03082322586899154 0.03969638399217311
78 0.07523909851644052 0.000722156802475788 0.021673327276788276 0.07651292009962538 0.047130860260523766 0.011120809784080766 0.08412169209978815 0.07848346114413778 0.02857194428776744 0.0778326224533454 0.08879652564523009 0.00080832506641895 0.06462529929843568 0.07552852650564229 0.08800157917981484 0.07784186749703334 0.030399691907054216 0.01453008775241372 0.035354714587956894 0.02270448983502681
79 0.10538188852682565 0.09101263276978411 0.019614159944153615 0.03056912357906475 0.012569927244626003 0.0320431942255374 0.04185001506792438 0.012656244901105963 0.06970185220108986 0.07911867205229133 0.08106860986784574 0.03970376299051625 0.06369986993464483 0.07023083859627469 0.009419812145266203 0.10102176326578828 0.04797983535202815 0.07211025306597686 0.0018673188142994148 0.018380225454956333
80 0.0952305189458917 0.026409212016041593 0.0936520918609425 0.04871977217657132 0.03842920761212983 0.007531493838132001 0.05015861690547745 0.12104216081139167 0.014374813455996466 0.025673729159809377 0.12106306509831859 0.06822950366630756 0.047031351695583395 0.055974046439823115 0.03626826807987418 0.0023349964587882515 0.02251642457745839 0.11167730321883235 0.0012372278336435102 0.01244619614898694
81 0.07356632551578962 0.07954209625337919 0.0010543641554477713 0.054373931566730475 0.0013300532195822117 0.0438241908807474 0.08629365210034301 0.02138609444931967 0.06952993515995484 0.07211761383143514 0.06551399514976529 0.022298982054234417 0.06994688618419168 0.06558221139412626 0.007776764648552592 0.0436769835548311 0.08088546859213347 0.04841841818887454 0.08809339285139837 0.0047886402491629
82 0.05354343734652854 0.07958639319461393 0.08548781694161932 0.016356553802339868 0.03579251405277799 0.01701518300531976 0.05239656296037562 0.07466216528206135 0.012951267886594437 0.06721777069825823 0.06406927010297067 0.02700928382857909 0.08931098970894327 0.0142498541159472 0.0017761802330967112 0.08550051681120269 0.019012432666635833 0.08449544019615407 0.03696933010667726 0.08259703705930434
83 0.03327792124711896 0.06595886463326864 0.020517918440291626 0.01194139747932485 0.03543550861783531 0.0674833762506176 0.06415426258348206 0.09820115713606127 0.04350218538918819 0.02121989949859925 0.005353942471805758 0.05015042395337466 0.09730344193060557 0.0693458905112968 0.0045200408044611005 0.08504255635505195 0.06328746269410371 0.08173923477350703 0.038812783443951004 0.042751731786054674
84 0.023648555788342927 0.010256819711455608 0.025693806942340726 0.059450739931138495 0.0911213101905579 0.0777303574555434 0.04715301565065821 0.031276127673656506 0.022169765534305417 0.11084662092840394 0.11107131661784317 0.06693211659136654 0.01826293838319093 0.02056026956328777 0.10016553118347192 0.040301188540705184 0.042509562457595795 0.017657818770137 0.06211674622845627 0.021075391857542487
85 0.011415897475182355 0.013166476146536777 0.015076757761853913 0.08476782179424475 0.004413612428149596 0.03625136129603381 0.007571639021322783 0.05772099972232565 0.03675474091294998 0.08324273980216372 0.06759574126887709 0.05863064988909864 0.04381670087301945 0.07880357816242085 0.027068342522156934 0.08636556795175918 0.08811643766064263 0.057973173739192814 0.06127054789200663 0.07997721368006229
86 0.061067632765199935 0.03150227002384457 0.07569834676978453 0.05648962199336797 0.04932038317781541 0.01879360712883149 0.050296034316480616 0.05949826971688649 0.06550103342453113 0.054951538354879044 0.05217766601274712 0.03758944467718673 0.06088686288986475 0.026444874033957854 0.060765638113667496 0.05989660148725065 0.05520624869137968 0.03723163569960275 0.07083153317629087 0.015850757546430904
87 0.05457091821342391 0.034172503069408194 0.05843760750997229 0.0161255036710064 0.08084393624076935 0.013365520541064173 0.0789514168632267 0.027331916286070092 0.06586720312511093 0.08170830351267616 0.0747419864014314 0.08048464077607946 0.07574839734884756 0.02333661963759028 0.06119520350797452 0.08076782106970809 0.01486506609251575 0.0029001091080470584 0.04104184080871891 0.03354348621635863
88 0.019755059471743736 0.07589632711472111 0.03211781898420008 0.007505649068863968 0.09663846502995957 3.3611680133215976e-05 0.08155844779929766 0.07639003747897377 0.023621215063328534 0.05793633038011284 0.04020287724123567 0.09315303483025218 0.08190251629657222 0.0677719413142716 0.008332996118633054 0.004527690737811077 0.08852720819022773 0.04660651649996443 0.013417468951447955 0.08410478774824953
89 0.01953915197295542 0.026890379397138377 0.03673882060066302 0.0776700559801451 0.08701945067543719 0.07308889601942214 0.08645558400736042 0.030770612831654554 0.08515658083914947 0.05005312568781512 0.014667261410802818 0.01824032722897488 0.06290150166471187 0.05709227995015848 0.024205971472550682 0.06326467086547317 0.0952695103896247 0.035994013934553336 0.0351783021704632 0.019803502900946113
90 0.0428356023191973 0.02422722831536768 0.06637313752337674 0.09554694263613395 0.07010185910396655 0.0228608411702608 0.04143206295940395 0.09169062253592165 0.02059981347496987 0.08494306344902497 0.05398740572316634 0.0031415283585711595 0.0009284949337869305 0.030885814713561163 0.025031093260198332 0.007222899142519345 0.03914189234171059 0.09435111514177918 0.09607074174878122 0.08862784114830237
91 0.005516150002669791 0.06021517669263075 0.07854227014092278 0.03989395741525523 0.09072391817025784 0.06931777990662571 0.06745271676267954 0.07886695830046184 0.07492556841856005 0.05751278434382716 0.06231085207039578 0.09635611439254223 0.032013189080280814 0.00782342245968092 0.04703178386365975 0.013470189695533378 0.053552727256326024 0.04211358130675026 0.006268593881096252 0.01609226583984395
92 0.0427482477222923 0.08322355052495495 0.052299986499162704 0.08511365744719557 0.004299603441219888 0.004282899964211274 0.07052504494761537 0.07255146357574839 0.012156809556339337 0.01888009702539703 0.044000130517064924 0.04941370850680589 0.016768015481156924 0.012855762481224439 0.027531620449152836 0.07224147431945548 0.09818392121459336 0.10344785656375309 0.05307834688668232 0.07639780287597386
93 0.047158338325085036 0.05671269487147661 0.011305151019961771 0.04362210771044705 0.1034279677485748 0.1052992599444507 0.002704414073201126 0.003153757487028987 0.030071353763457955 0.06109861474394672 0.025127269385774878 0.08267274713705527 0.09894857834990042 0.027561204334333927 0.05547095082527941 0.08589724077214214 0.005764101551916788 0.09574932384224244 0.009614792616724894 0.04864013149699917
94 0.05174418701482031 0.03106642013790298 0.03535858657932821 0.10435563499724325 0.04041016880919158 0.021525249040969422 0.09067955901501266 0.010936962922804997 0.0707654126641838 0.04016961887993423 0.00887268886501622 0.09765829373424603 0.0519713602056362 0.03372780613590024 0.02567220314317885 0.08560970038347739 0.045586942703798365 0.03910261264221386 0.0952885917300344 0.01949800039510707
95 0.10993050779639033 0.09830762934467728 0.03339755289650265 0.03915402742758484 0.07617572216241995 0.028170312290196762 0.044494445960480994 0.07322210622271347 0.06460950070306408 0.04012897227725444 0.011815892962547925 0.013152010713431209 0.08078621324130685 0.04495392773810914 0.0306519764547978 0.06746320813077304 0.02129503618348789 0.05383630459255624 0.018990922895489325 0.04946373000621564
96 0.10348168928628414 0.06570698633312533 0.001305239581855392 0.0021152823913757122 0.0829734593876519 0.047764768079809575 0.050150466442599906 0.03696203733011169 0.0856329936453136 0.028069705017000218 0.010962224278875454 0.012247804632547772 0.029049771327830248 0.028243539209930484 0.10043266050107476 0.08314350727126382 0.02400320986091038 0.018868957009550383 0.1103732117965192 0.07851248661637007
