0 0.07111845930388287 0.06971312994906627 0.10677197219090125 0.09888951990502043 0.0992389785649408 0.05504535581460714 0.09047655212289306 0.03421043960434221 0.03370798838419902 0.0573790747225633 0.013278255262489233 0.05833542937972112 0.003946873034927475 0.0038559602694810983 0.0029590788961363387 0.035264892470721815 0.03197331398892685 0.09418552891736406 0.017414106531627952 0.022235090686187807
1 0.08462353064548714 0.018195787741679365 0.04708697423342001 0.02464901724646048 0.019126273314018588 0.0980593408577842 0.09547321300123567 0.022809368773980716 0.02156844806438307 0.01413754497919502 0.08621116706559354 0.005347781993924159 0.08614189789283917 0.005607975944650937 0.08522063637511232 0.09394548848048587 0.0008400960799303018 0.024231945290478594 0.0991508975663453 0.06757261445299562
2 0.0009725605508553969 0.0031444121869988583 0.07926941007923641 0.054020082708402965 0.07570289996511628 0.07988026901551908 0.029767660798625382 0.06629173264660335 0.009739731649184605 0.01493696352353702 0.0559534949477819 0.04262482296017285 0.05463250682415054 0.06725393516966145 0.07927913930528448 0.04872987413115052 0.06536417596246619 0.07831408978203344 0.0669499361183055 0.027172301674913708
3 0.07526829846536563 0.03171764068085781 0.03886133939829064 0.0195872698195162 0.057204269546242005 0.08876150041383345 0.07102192299177815 0.076614294487769 0.08830299130014788 0.06800974094306964 0.06905712720782388 0.00122854316705724 0.04583595587505016 0.04566513971242848 0.015502511742255604 0.06821376217813473 0.03890513366400481 0.009993416932249382 0.02425744015618143 0.06599170131794377
4 0.012357711276870886 0.11192470222510502 0.012655451206168096 0.100112869746891 0.012449053093450424 0.08473915904673604 0.08798078170915706 0.03954149717600857 0.04904100646853205 0.013811296846209305 0.09104968893770754 0.06828220168345316 0.0637847051123774 0.032742032843670006 0.01648365806052782 0.08717341902980988 0.024021299017377304 0.08286341545442313 0.0063209168110144025 0.002665134254511134
5 0.019864151222180396 0.035633754298029806 0.03276270709638746 0.08761152648723977 0.015845682097065477 0.0545398895825662 0.0013275409605104946 0.08112536700520419 0.056243150507043316 0.08834758393283774 0.0774539284737885 0.019869662521929076 0.04648983518498976 0.0704167970038385 0.006274598913365449 0.06585037648884956 0.06271650917572148 0.03424005292210065 0.058168857080451594 0.08521802904590045
6 0.05454836578936565 0.045151355902173985 0.08217068888016017 0.07895384834561797 0.048581932020425045 0.03850858369765853 0.07938188909807058 0.031012818925137384 0.02085481327244032 0.07910243458152723 0.0479894753193397 0.07018645952205889 0.011477387567753123 0.07974197747781085 0.03770580380898104 0.04936464792600152 0.0385327845892627 0.036338522103596324 0.0077115334598413 0.06268467771277791
7 0.07772569671217384 0.07144846943095004 0.0548955810429699 0.07990852230294848 0.0213094818689733 0.0883752801112046 0.0004244104093212319 0.01701831489072368 0.0009489959472758206 0.07182416896795284 0.013987166647343834 0.07835178183145229 0.021494308411779506 0.08365482858967947 0.07568894915874369 0.03405566800567585 0.07915098221822835 0.09294924616718891 0.03471516669112178 0.0020729805942926
8 0.014770876897414784 0.01859393992904832 0.0532276633638162 0.07964158738761683 0.07585569682525772 0.036849996663465834 0.05028118517914346 0.07473730887697533 0.08796107710296011 0.04755074693328976 0.0799751049773637 0.084792826010013 0.031772329945764545 0.03765354360159988 0.08709081300525376 0.019134035947242646 0.01775483645996889 0.033433557671305 0.05015468357417717 0.018768189648322896
9 0.06874286669288154 0.04329247444213641 0.05966560807387504 0.07432527347414548 0.08729640673605657 0.023455827325460886 0.028754946886777235 0.08721367588108746 0.012560724405716405 0.04761398145760188 0.08958293154158568 0.04309891579569829 0.030845942473899296 0.05459922966869961 0.00049552248243982 0.06068670334713554 0.0906344721654228 0.018736103100199932 0.05168272031636427 0.026715673732815557
10 0.09015426690485348 0.07746417128916723 0.023579092451356313 0.04724168468295465 0.02713349883215922 0.03544360626754331 0.07296498364095294 0.08412897540063553 0.07948916564943752 0.014385573745899044 0.056084968674957256 0.03238427337762158 0.07916184717826165 0.04443862226650384 0.0867262716336034 0.008200548313777199 0.0524304161066281 0.026649670827210974 0.05229615160722993 0.00964221114924682
11 0.07683617671532103 0.030936519590462057 0.061561561347038676 0.08179287791396153 0.03691706176631169 0.04897960957494382 0.08958739087815402 0.05254677391123746 0.02205508334191521 0.0798664213659748 0.056764592905710023 0.039867210233353045 0.004130129438777276 0.021017520107232922 0.048797225937668325 0.0856725571475619 0.014433968756224888 0.015131311644408361 0.051547866368805026 0.08155814105493807
12 0.019614842218770263 0.07944590829734895 0.1060554430995602 0.06613999562442766 0.011410994930382373 0.013743295799512691 0.004347545876480361 0.05233453161457831 0.049486775034656136 0.0344749457833531 0.04182958374897252 0.016899686720004133 0.06799694658579651 0.11834936801844627 0.05283885729939905 0.1033692245099128 0.029019345204993278 0.060736370729150474 0.00794015276386448 0.06396618614039044
13 0.11492254476433283 0.019217721137018414 0.013584040752762478 0.0158790995245649 0.0049435195668540155 0.02740469861454387 0.014270720918560536 0.04703933597903612 0.03898879317637805 0.07756893783530801 0.06044150247748362 0.031149346456023005 0.06794561747313418 0.11002788073348765 0.020717381426159927 0.023465120076653644 0.07243535399357047 0.07900610242900251 0.07720236975108738 0.08378991291403849
14 0.0757942685774214 0.047577451300430694 0.03439864296706495 0.056592386406466126 0.079132727957438 0.05555346192657641 0.014002277036012395 0.031580515825520794 0.07024824880288295 0.06623479316483583 0.06940879275885031 0.06824797498080702 0.010414553694527482 0.013401850742290748 0.0354668074323844 0.07173464233228977 0.07256388267070354 0.03598632855394732 0.02346172582330984 0.0681986670462398
15 0.0786148526026148 0.0544627628859357 0.0579423439883837 0.07882223354162568 0.05784786313253905 0.026021897933989062 0.02609722281406384 0.06985828678121096 0.024828443025780723 0.027687208223100022 0.058849475808000935 0.03256048369333744 0.07316249531914884 0.028713999709961923 0.03032490723494278 0.057058993686590585 0.04735795060180418 0.021645628378968405 0.06716424931411881 0.08097870132388246
16 0.009929871463327168 0.00038621298812158204 0.04286136652208968 0.07258518604274852 0.07054849178800164 0.08083384892664243 0.07827650351541576 0.03644264165310378 0.04657835443856177 0.015971261037128086 0.010264027373331703 0.0462719145330144 0.07366883452574009 0.07693997977080652 0.004271158559986446 0.07848255510177442 0.08504772685284682 0.049442882716425184 0.05864178664740915 0.06255539554352493
17 0.03674373137805237 0.004367162987354154 0.014639446064536574 0.09796056291135265 0.034449710781070834 0.03316277670285148 0.10011794056845803 0.054576025399781194 0.10071440051496636 0.07121317963952792 0.022664360995309555 0.05622869398130918 0.0886377200953223 0.011841262265010016 0.007644315120292542 0.00452322319268643 0.08055440105348752 0.017198667936894892 0.0844551383714758 0.07830728004026019
18 0.02163384970219791 0.09032633424907945 0.05123590120233628 0.05740557313098265 0.09557745963817389 0.018899492024919445 0.034438158814212555 0.039430245672987974 0.05925253757206925 0.04773228695880446 0.015068627842216683 0.050913239739066564 0.057718478388159515 0.09200794367791937 0.014876138182758306 0.022868758381469977 0.06131694793820397 0.05101393210798112 0.06696495810406466 0.05131913667239612
19 0.08257773595618008 0.06792110162629549 0.078588648959512 0.08232608182325131 0.051116272962740704 0.0725733218334039 0.006459632746005369 0.07139815825700868 0.048743254990549476 0.09049467668176024 0.03094174137020576 0.026739935533544663 0.07466282453522097 0.028956312575614103 0.012571354755772918 0.011108256069697802 0.07536524664323994 0.07567685488190128 0.009905307660896074 0.0018732801371993107
20 0.06460236823782482 0.06888322129688473 0.0187153713536803 0.005929455967289547 0.08183377356130969 0.06107872764811837 0.03630934380649042 0.017820887454553867 0.07141407302555866 0.05784990195008329 0.016112380164916607 0.05086694083131145 0.06706610870750236 0.07970852594010513 0.07671611369270609 0.08242994542277234 0.00514788260521838 0.03914542209631115 0.051904621115137474 0.04646493512222541
21 0.10955862894441874 0.03972320803907998 0.03692080251922379 0.06839745985806767 0.01825038557019869 0.05268775256557962 0.001089687969559984 0.0071675896361189356 0.01091852327492486 0.10804229344139717 0.08262022320665567 0.04108897491288045 0.06971000324298375 0.07060505582634219 0.05061443200119104 0.0984385407455048 0.010772282212326536 0.005514328186837656 0.022322404560789044 0.09555742328591922
22 0.046855548312613286 0.006696345075933371 0.0022802751010981364 0.0564543791732003 0.0818355738960092 0.06173952177919629 0.08051283438283531 0.01962032112344802 0.08100149268649219 0.04328875078020774 0.021781742428310154 0.08432227616815259 0.041090444568887274 0.04547530277582329 0.0692515278014981 0.06035202792784603 0.07310613246778108 0.021747457245094075 0.034372625804417904 0.06821542050115574
23 0.011603224897754059 0.05214306428767541 0.03530691335394229 0.014662662007599464 0.07337011730848642 0.06568092576229274 0.08441025852148488 0.04910145137912403 0.038602532178600685 0.07364275310017254 0.07885079474443268 0.06279431860374975 0.07458880107426806 0.006919980548232913 0.03812013586482477 0.036207326678714395 0.007059348526301097 0.06279572273367043 0.07032335062426709 0.0638163178044061
24 0.02971030811765756 0.06084640186934496 0.03608108275982506 0.052301596343437784 0.0258941141329579 0.022459724389936635 0.061967001147206865 0.04850580080800611 0.060591290541136135 0.04905000367755409 0.06901810033789862 0.006126816942821011 0.0763032832816225 0.047201902933493516 0.025175316149067494 0.08595156385116343 0.07509914205322667 0.03940858916357334 0.051861965637881355 0.07644599586218907
25 0.061016868628652715 0.05373635857083135 0.06201552172817418 0.022307858310924217 0.07654975275371431 0.08656472914644425 0.0785331159381997 0.029198775686189275 0.08533503494783302 0.005947355275992282 0.08762817209210091 0.019304348881073068 0.025447048553573322 0.03027190402767086 0.08257645969411312 0.05300825197735088 0.05412326464651123 0.04502920071998268 0.023335180439077778 0.018070797981590694
26 0.0501307642499329 0.08237834786263212 0.03763337074676107 0.05408955295794021 0.07842941690329314 0.005075947613350895 0.07844634542845685 0.08246835313942727 0.011220323161461598 0.05726306039981587 0.08659765928629536 0.032754578831307155 0.06991305653297539 0.03640453262948013 0.04267877499316482 0.05244864418249246 0.008127817228646575 0.04138721463212916 0.03266775057825322 0.05988448864218367
27 0.0922794272021028 0.030280014802650797 0.0697935609206169 0.07574179856149488 0.007659612317231822 0.018178295397675463 0.10372127501759194 0.024812479738078704 0.021207997095735384 0.09032910073842582 0.01387032411737197 0.03383060427065833 0.07077345168991336 0.10036594985711182 0.020644415745305053 0.03448829915757439 0.0022684313256972626 0.06665390610831251 0.0457285112419929 0.07737254469445799
28 0.011729425601700783 0.0033313593564107957 0.07188175799513322 0.0006357987824835132 0.029656564347890785 0.09776331584189299 0.06012072733571828 0.033156591206945335 0.06651200965971457 0.0035320499649886244 0.00673474576914946 0.07774123785746447 0.09286839516709698 0.0616957149823628 0.07064369578298063 0.005794573832505621 0.064259047821818 0.0686259614160323 0.07824441871449053 0.09507260856322046
29 0.06545154518278627 0.0832252645646381 0.008516133162993485 0.0834150432370302 0.09014118895874725 0.06964774707565656 0.06980323443819814 0.05859961870807996 0.06134308969698187 0.00355189670063516 0.007954647950613467 0.013065261496099156 0.01301525069978894 0.01592671439298528 0.026878117511946697 0.07725841550254395 0.0639721030752552 0.02479772132226581 0.0768692545721457 0.0865677517506088
30 0.08519349647486725 0.06425249654704615 0.04830026241856554 0.036932879458191965 0.01734369219650706 0.024330780515527735 0.07708408961434403 0.054564306031251786 0.05148562642529748 0.09939838202555654 0.07576543630981131 0.015913216550948864 0.003325203778824153 0.019003541247184747 0.05974313648498861 0.01970452479041821 0.10435241992547595 0.04247703054392274 0.043348552085373415 0.05748092657589655
31 0.011183002945168732 0.015359358018463116 0.11125330815441763 0.0927679361076175 0.10688320125255141 0.005813049428189672 0.026935232832861904 0.07432771012851849 0.10810229594183166 0.017248736189840422 0.03654394912048347 0.04639846426296429 0.0527235478196223 0.018375531845441637 0.013020366786825192 0.04940838632483313 0.10399119182171317 0.020910496371528683 0.0745928459223055 0.014161388724821958
32 0.05149207598149363 0.014298211007139398 0.00569325155030108 0.0462067096847738 0.07917115455993372 0.07473668942763922 0.009639876820633287 0.059961024861353886 0.00028298226048461005 0.02608924793856693 0.10684751531870451 0.02638659150947475 0.07880044982756836 0.055037639695636874 0.0038365436228209038 0.01445422689473337 0.0743426165839599 0.09221087926315395 0.11578613793871717 0.06472617525291054
33 0.08864866991850645 0.05291279907989075 0.02033172286633648 0.027660934574730973 0.03054498669415654 0.06687613262142872 0.04929459031979983 0.08784435807411449 0.019903495775588094 0.07082824178914955 0.09567317282540315 0.03674354063565436 0.09133536777980156 0.013006659737305321 0.05932323644390305 0.023102959312680787 0.02253133260207287 0.07672301502172296 0.010233970769705995 0.05648081315804804
34 0.04108113426843506 0.07284870095951036 0.04484621346439442 0.018653781658504877 0.037684046706274545 0.06229851314510616 0.07815721997870524 0.018601462726007927 0.04723764984082946 0.06323911411306633 0.07559445026936798 0.010147948168416084 0.04083482666418386 0.03590971566725191 0.07009420845948788 0.07194454805142263 0.05252259235095286 0.07185554368075246 0.04814708985610123 0.03830123997122858
35 0.060470126047777205 0.0016566220136835267 0.05384304837596277 0.09996941660189611 0.08198407695629986 0.10180013294841475 0.057687813837810256 0.04495903305160511 0.018848604027124103 0.058489718651915934 0.012271558224317183 0.018791463474506047 0.039317475367716445 0.09536354879493847 0.06399917472769631 0.08340915867375626 0.013652727891025172 0.02826549554270963 0.03315423237957908 0.03206657241126562
36 0.0266089884984132 0.038528156975177474 0.03724061769387251 0.08013091590478273 0.0014829694384550498 0.08659935630220786 0.03338085459103126 0.029497790875013072 0.07288774975796883 0.04529926303861917 0.07384022238779098 0.05944541865534955 0.08614317591150449 0.0765507852908612 0.03505264157339899 0.06817031795626997 0.04324685144868532 0.08472117021556586 0.01407853872806318 0.007094214756969185
37 0.06752662030388526 0.0025757107515179635 0.025271373194425104 0.03955657898521646 0.05250851505425376 0.058012074788322265 0.0876424940008075 0.04491559617498853 0.08660697072687397 0.023689668316566426 0.06392499204018355 0.003995142503582966 0.024429401541456196 0.07386862782002473 0.011836288705323826 0.06949444521607294 0.043150454878440304 0.08623374543156698 0.07599979001493741 0.05876150955155369
38 0.0006960186827758872 0.026486307266480266 0.11353386363223862 0.05739123566204347 0.07955398214815516 0.029072511491010353 0.05577053806632368 0.07096890504759264 0.006427661714656052 0.04165712875963766 5.3595596773295126e-05 0.10811951028960251 0.08363196964564654 0.11254563525484092 0.021354850458617382 0.04277661708755278 0.04530421134385749 0.0033384200860635043 0.0074861759457886335 0.09383086182034328
39 0.0008885999729445842 0.07292239463377106 0.02651074176071289 0.02138106746812811 0.015886129738908725 0.004634283901858247 0.06037867188461075 0.09683888406234033 0.04135456098372173 0.03725613596719222 0.04696198052555311 0.05966997557987173 0.09843456529901108 0.045794789991391506 0.0892037269361929 0.07013015182728012 0.097995359475746 0.010895719702759637 0.07051379806487625 0.03234846222312904
40 0.03497715528458507 0.012806408186280602 0.07074677357247756 0.09288131175924279 0.09009758187477408 0.07799271873338917 0.09105663260690028 0.004977126780175108 0.048050696205118065 0.04351863443122691 0.02740671707261738 0.08459047269627246 0.04798602767267907 0.003035705801257816 0.017164328687902904 0.09301616944989019 0.05841774542887073 0.06915613980567173 0.003104698937298932 0.029016955013369365
41 0.02168754738258008 0.06381711194258288 0.08190251474073788 0.04292998337868791 0.08191024817597066 0.028314090763896252 0.08533925912035245 0.03518485214944165 0.08562104759463725 0.006209114170248459 0.055746876604218995 0.019082878023245386 0.006105083408055195 0.05793269938281802 0.06313722673603647 0.0657312814259787 0.08730819223241798 0.07962240222074048 0.005049107252825223 0.027368483294528338
42 0.11159871670336712 0.02235956988967152 0.03533218590618146 0.02069717493628471 0.014055101244513155 0.042133875911643734 0.006562506016097804 0.010916901315022806 0.06962095750940232 0.0038862814853323708 0.1060008175424203 0.03372637213099957 0.02874127327456051 0.05102013245200759 0.019365144754464287 0.09422698911405453 0.013833638210581645 0.09726619590792734 0.10687784128313847 0.11177832441232877
43 0.06071446945625983 0.08392951982223809 0.06791666249148307 0.016655277119788488 0.08830335248168796 0.08458136364755757 0.0649477674183915 0.025174504683481147 0.07437876809116412 0.013472545653515099 0.027242255325845847 0.03989688332910177 0.01756609155151129 0.08429369379062966 0.0036941997892568166 0.007777448302790198 0.10514553526648181 0.019474750872508283 0.10453192529902897 0.010302985607278749
44 0.01407959535664847 0.054884337992975665 0.09013382679760754 0.09022567249811042 0.03787104260891195 0.07060228825500284 0.016627759687948968 0.04220312433570287 0.08767017161689789 0.08727832155424693 0.009528156332356864 0.06682246441687206 0.032983972301697466 0.002675072344400949 0.08687762210593175 0.031067774602284794 0.0391946501837184 0.029476320255575245 0.025635984068940024 0.08416184268416899
45 0.05677274377448813 0.04209654021593408 0.08625209079042453 0.051469282509391985 0.07612208674055806 0.03897434133733568 0.08027696884860505 0.07185971743046562 0.013372075462278291 0.07881916347725619 0.024045615580520072 0.005647285695426312 0.06338370061454386 0.051356599200659186 0.029494764502850174 0.06780036996654427 0.06727000630520441 0.0136438077521807 0.06233785120669276 0.01900498858864067
46 0.04308492275101035 0.006486025007051239 0.07391877948582909 0.019417164217853184 0.09193855909617914 0.07552331834706033 0.053286017077299415 0.07935915967498341 0.0712329239389583 0.06928509844623232 0.003920474539769987 0.03587830102273995 0.06012052129510235 0.0028241751153428914 0.0608124510444347 0.014716921423779344 0.04084241875423138 0.09116341540901016 0.09317100727301426 0.013018346080118133
47 0.0801611011825204 0.010950259018861262 0.02666609485431518 0.06756550685810546 0.06221270744253782 0.02074419820380602 0.07432152088300951 0.052699669386738805 0.02754063852272439 0.08377671226191145 0.07542046812461273 0.0025788301377017903 0.09173033767867966 0.019182113979329476 0.0885715838231085 0.03790700990320053 0.04891302868453731 0.03753276986588845 0.06830388527097206 0.02322156391743914
48 0.012299221569622206 0.013053195405102467 0.04507810176305126 0.06705883975855371 0.08460519637852162 0.02186526220410974 0.07708155113188915 0.08204085775793055 0.010331506688117295 0.07827676046636424 0.08681738195015265 0.015720801038860376 0.06434243376438521 0.026108989388532216 0.006031850037218864 0.06013810882374506 0.02198422446662376 0.08980430869384552 0.04383510081196803 0.09352630790140598
49 0.08472657139568975 0.030039267540130414 0.05189935497912611 0.06182659732985851 0.048510684401516506 0.012761599151642058 0.0027734643935179906 0.0808042004792608 0.061887346283715554 0.0141003471235436 0.02141078374219787 0.09088227767251257 0.06662436275921026 0.020172887458008697 0.07820888900344823 0.08775308348758476 0.004325677953590188 0.06818118005582242 0.06888937221506096 0.04422205257456266
50 0.021582681910677103 0.10832423064220185 0.013571168162503372 0.014475088700341452 0.0034436765039097357 0.08686330887607165 0.00870484819771843 0.047018974520746694 0.04324927825604658 0.04097131732273253 0.10269476646491216 0.0351551252801997 0.04870677552739308 0.03745341785801056 0.08504028705018409 0.10157127427838473 0.0553910949689989 0.09502361624774731 0.045886032038181375 0.004873037193038574
51 0.0604931095838702 0.025942601964216962 0.045664971694800466 0.039075706029545666 0.08962599791231411 0.05148165155901643 0.00798159147088871 0.0878457945444178 0.047064549914669435 0.049594063779639555 0.07761641010206388 0.037153898398250354 0.08703350059926064 0.06882394520418539 0.08069925581583043 0.029245584027521206 0.03695194836091725 0.011790264771664066 0.04177739247303065 0.024137761793896824
52 0.015839022385909552 0.07079680115188654 0.07737900424783273 0.04561945037544109 0.0613677511996882 0.06197085020571609 0.0734104426445321 0.06724313091637038 0.06394069496498528 0.03906070839482177 0.06723711256384884 0.03671222666032756 0.036175607353037466 0.04252301494474884 0.023823169566543425 0.05273647919547932 0.016163037375642304 0.02003167543553655 0.04777200641286153 0.08019781400479052
53 0.013462118522895307 0.013039138985435086 0.07868244716006606 0.026401768963234522 0.046020742363204206 0.0583563520480205 0.11795257236529182 0.10044055078934344 0.03688756752748322 0.08558396720950782 0.053807656567678455 0.008357424551184404 0.011408957936322567 0.11213232035603492 0.00035124583890260876 0.05467257011641473 0.044048108739903176 0.05516833114426176 0.06813425528716825 0.015091903527647199
54 0.07128881692856674 0.09233372576455293 0.07469430092833308 0.08860150634446352 0.0033851455410835864 0.09821151217360753 0.06529991983811104 0.022453460951259555 0.004638526200287318 0.0034886038161129522 0.009492547073046448 0.045140832917218744 0.0021590078790721472 0.07707673061838166 0.09480334304563617 0.07683056325707838 0.023420232620827045 0.04178068975442019 0.05561971457013798 0.04928081977780302
55 0.04794213038659436 0.08204571397348684 0.061331419609143824 0.043170708907794286 0.06465756544097057 0.033502990907336 0.04195375097554686 0.060113184311702844 0.05262672264217481 0.07800778311504053 0.05416504617655509 0.08289558886010087 0.03363554887418144 0.02684344039845229 0.003781973776469247 0.003017657672143325 0.08362105641405156 0.05063976586118641 0.015883060674344186 0.08016489102272474
56 0.06990476308074944 0.04431578326478631 0.0031106920874578764 0.06361950482099558 0.04902506859561958 0.08576579931346384 0.09102223114523052 0.012939197031838713 0.007371064107298697 0.09266221511927356 0.0667909555460268 0.020791760991627266 0.05097393451197346 0.07735842273434829 0.005985778853088039 0.04634878488151943 0.05028191038334848 0.0616213920588967 0.04688166062145415 0.05322908085100291
57 0.02683638069767399 0.02951675738998704 0.05453260092826863 0.029412858360495092 0.056480059605754536 0.06976244430284673 0.05798137697022953 0.046289123483988615 0.03023185015598459 0.024621293910714118 0.07688929992852987 0.06956603476918881 0.03289640390493673 0.04610198853414219 0.03840904430796085 0.10699123999746803 0.0005935690927798703 0.08076978620435972 0.10163007677481652 0.020487810679874707
58 0.08833959987905705 0.09376852708080402 0.025725129127142976 0.05208252919679801 0.023163388524417593 0.042847352492022754 0.02871014029322814 0.09979045796121276 0.07899762953760726 0.03434065693954189 0.0034761483236187656 0.03966378335833713 0.09202462956618793 0.03495675906588392 0.08335340708476784 0.0359730715951642 0.009425556952302822 0.05804067986463099 0.012398484990514961 0.06292206816675912
59 0.04146492349821257 0.09814695390957058 0.030014080517405988 0.04247176704385595 0.0910392246929206 0.006669220086153129 0.08476263323655421 0.03381328036637309 0.05002316857630184 0.08622693944953433 0.02783508988360935 0.06392453180588216 0.0551572831514586 0.02347481499099257 0.00800925348162443 0.007042176573260541 0.06780012509259542 0.05093908336594943 0.05998757691021628 0.07119787336752881
60 0.02311238336735996 0.060126934145314614 0.05563726670338272 0.13194836058037027 0.08742833116134882 0.00746448815900402 0.03807751661110152 0.06858792437268484 0.053553506748930016 0.0014102457511466896 0.062161768372164194 0.02312550659873636 0.056315318586607675 0.00025040033867489316 0.06633070974083852 0.018268037995506258 0.02646217419218888 0.12979603921119834 0.020738503190711514 0.06920458417272973
61 0.016233036194998957 0.028937888041776105 0.0283476114033405 0.052877207306133475 0.029199459956913365 0.06006914274685228 0.06627172694132621 0.09110905542375518 0.00447035800456479 0.08446464893768173 0.06487580969071242 0.02036637684250753 0.06015809914715279 0.054875147801437124 0.011578055022960615 0.088580215324543 0.05477472504426605 0.06502251890370127 0.0185623504691554 0.09922656679622113
62 0.05407957791758853 0.02870374568373798 0.08440631411638418 0.09103531005938714 0.06044802304511381 0.013183197187736017 0.048690933848699505 0.04666216725925346 0.06418939273652174 0.07056721930294252 0.022676202712966758 0.07989914132160057 0.07649927632127632 0.04846208378691208 0.03093163162757464 0.04253098979091023 0.04833631934585282 0.007821589240583585 0.06207237285322807 0.018804511841729713
63 0.09713515387594825 0.07259588057251189 0.04289327479086186 0.07867534722112578 0.007326098650872511 0.03100826588249063 0.020516623895957046 0.04469469670812458 0.08737522820187812 0.07453057128227951 0.04501288487348853 0.0468298178054853 0.026164185726910774 0.030713913685960367 0.04485249323229628 0.06604864155339113 0.005759678662823823 0.09668524527183618 0.025882203811307326 0.0552997942944502
64 0.06750580369063652 0.04362959148430651 0.048663758381095344 0.008658161895945038 0.09787881095364623 0.06796291547880176 0.009372013572662074 0.07712633470465924 0.009583474161942064 0.015750580978380415 0.014412198859587676 0.10273589686698795 0.08051150300085338 0.05994262032853487 0.00891495494835834 0.05671290175462472 0.06829298851916546 0.007103240879608352 0.09152855020235161 0.06371369933785233
65 0.06677106273121601 0.02169271259004794 0.05850016652503571 0.005413195121900804 0.03785796694984747 0.05149658377414155 0.08352425751233099 0.05321923850846925 0.024675371926723814 0.060160415922949906 0.012121684703032218 0.021869918389148726 0.04529865534665708 0.043714164228535676 0.08295250702144319 0.06716142946357731 0.08664372971486826 0.06459900660963531 0.06474975840952163 0.04757817455091721
66 0.05120127012420241 0.10701042937079154 0.0631885405371195 0.05323549728773213 0.07697787899723124 0.010669915376899397 0.051169647200422504 0.009495807435481006 0.034852967200738334 0.020762567587693334 0.07424449280832146 0.09773168833023504 0.03547166048288281 0.03331603107134159 0.00983993195113754 0.09997388096393885 0.021462522302679695 0.07941682718419177 0.05101898486312001 0.01895945892383983
67 0.05216028697730505 0.02614952195945645 0.014698225574610606 0.09302476723298889 0.08149949087119432 0.026795448307394946 0.08017719070325054 0.0909597857017724 0.004285804782416838 0.08384439305175954 0.03489404781716472 0.004463785664964704 0.06124606675160424 0.009426334409120043 0.05024217739590664 0.08167871800733284 0.0421250178715237 0.026974181923204027 0.07228478761045422 0.06306996738657532
68 0.053521135519915546 0.09068288751696733 0.102177446877836 0.09000050402850283 0.04425566461321642 0.0717202225370349 0.022434107143296685 0.0020937149709474054 0.024741993040438042 0.03864212497393003 0.059029939740420125 0.08484558083252336 0.06974594937607048 0.047699513087082056 0.022376561343060482 0.003275064964982417 0.09396114168142987 0.004622970077050194 0.047179604482777665 0.02699387319251796
69 0.02289009321560453 0.0746988251531246 0.0734080263896225 0.07219460751285063 0.028936631780758584 0.012743673604961417 0.07605887654199167 0.05484973400254903 0.03659451004024432 0.006544610099383864 0.07285431828061019 0.07466133243221582 0.06447917465579897 0.06755935663293754 0.03467317268647782 0.031041887607900078 0.061292677371213106 0.07051761894478648 0.0631929171996839 0.0008079558472849987
70 0.08124466443356329 0.03426432704426041 0.08513563392772451 0.08163698333280321 0.08906992283119676 0.0626265767449994 0.03322778413382991 0.06361417737602836 0.020777100233780443 0.08808030182190604 0.015498971180296067 0.058451042509356184 0.02502725904520613 0.019941665037584263 0.008067859632766862 0.05279104275131736 0.043446297255422275 0.05854889660207565 0.04671584183177877 0.03183365227410402
71 0.016242885950808236 0.08112216924452102 0.05509143379781499 0.033053366204509466 0.07081176431538692 0.04231024616230372 0.00875956236213723 0.10323168693819458 0.11069426627916677 0.03327196398807114 0.011257447559513781 0.0904258091847888 0.11800445384926261 0.004949063992628934 0.0047378750683817975 0.09542312665931482 0.03619365309030714 0.012853091527247713 0.017887814874421332 0.053678318951219245
72 0.03458669806807246 0.043461865142842906 0.0012802055804493695 0.072529233462608 0.06127821501947884 0.030537486527288483 0.040692646335205786 0.07873686648065396 0.07558197230112206 0.05995969789583923 0.03531825715056148 0.04904447870063972 0.05582169837607488 0.038677924920283796 0.07931302247761136 0.05404002953996675 0.05162665006941317 0.050894486337168046 0.045565759804335366 0.041052805810384535
73 0.07924225652592379 0.029229326509971166 0.09906806444107155 0.08923332754195354 0.07030020082248013 0.06145887612440645 0.07670348115415114 0.05391458142791997 0.040223886750428206 0.023811174531208283 0.0669404704909577 0.024654716626272957 0.012741041330115645 0.01520385878378837 0.00860091887557675 0.0434929744872867 0.03264199640974515 0.03451771941253309 0.034882877402840975 0.10313825035136849
74 0.0690910725588442 0.01878320470840439 0.05235202998591148 0.06383940252590385 0.0019064725963206764 0.055041517821959755 0.048918669388550474 0.06705434985897596 0.04662459205489458 0.06327945591676552 0.004858992113448873 0.0122030545558688 0.10454353804276786 0.08981096612313547 0.04846686768009241 0.018648867387699126 0.06065284496349353 0.08462265746462408 0.06422202705879966 0.02507941719353919
75 0.09009403010471043 0.06217496319024827 0.09240542689744839 0.0428142186934273 0.07655510632031769 0.0355105011260155 0.020379664133211642 0.046002791654371315 0.009270213015506333 0.0694991294851639 0.024841618904308665 0.07260295374149478 0.0383301615308346 0.07055753561612256 0.06299671069010226 0.054248835390033424 0.03998964087336696 0.024319987327759092 0.002737171874317821 0.06466933943123918
76 0.07048335190080812 0.07815219488450455 0.002940868185465802 0.07806399031054931 0.021342482436795533 0.09101938227037586 0.04004160089356495 0.025920795622032956 0.07837914525851067 0.05243579221762448 0.014114102640866502 0.021603458416304552 0.01787667780293953 0.0774335897999049 0.010135415127672333 0.0881313602955348 0.08831479577675928 0.02709986231987989 0.06782496493177505 0.04868616890813074
77 0.052667978559842905 0.003978389648969671 0.085676322271589 0.009160316861503114 0.04818291740988123 0.08006487373126438 0.0617293052478895 0.0920610806978656 0.04776215408322711 0.014192751730295588 0.0987059991699537 0.017120872241830797 0.042869875336675356 0.06485282955641666 0.07351141053623005 0.0910690612194261 0.02728726750909533 0.01596607551582723 0.05834140354680858 0.014799115125408043
78 0.011158041838665003 0.03764339912252167 0.09571582008100947 0.00548460028506503 0.011932951023518705 0.02257114490632629 0.07196527762594171 0.08732868659113231 0.03387953582353163 0.011646322572896998 0.08506667702999295 0.054188596287905545 0.012361722945630123 0.058128317978649945 0.032006521629336086 0.09955433204478338 0.018697900744634836 0.07648819353064241 0.08555882737300025 0.0886231305648155
79 0.07525860420918522 0.0221553663045313 0.004524751777015573 0.08422257828333803 0.015270095329918437 0.048615106349068925 0.042811637688594674 0.06865907363295537 0.08686882471124249 0.05768153450568983 0.06567491011894164 0.017977295957126733 0.04917141385741588 0.055084615340640894 0.08196253276024547 0.039160109671050616 0.0275061623089048 0.07381147322149827 0.006916394866395177 0.07666751910624069
80 0.03110646051078691 0.09456519918221384 0.018613374988461356 0.026435568327516912 0.0932573440183947 0.04582850710977107 0.09006170146665089 0.06793446722706079 0.004120244155755382 0.061325519789298066 0.09954503715727021 0.05265780784646205 0.08583182370527744 0.034509143630450566 0.03812899489816435 0.03778304206089941 0.007261311956941206 0.0072899827623620446 0.032597935748800634 0.07114653345746222
81 0.06944320148320189 0.07516943279872913 0.013666302829235234 0.08218756790309342 0.04822488855099818 0.06934427977551123 0.06766130977650968 0.03484823900633542 0.06052067043886335 0.014113837933984344 0.047685434815556225 0.04888071109747142 0.08695868281353882 0.09904329942482933 0.025332151809024452 0.04454714372283794 0.05044886647639184 0.03735198220978603 0.002693387152415176 0.021878609981686777
82 0.0563173346298129 0.07137607836294056 0.07377220651944721 0.05329928684509691 0.06315351321306413 0.06450774242734396 0.05516887625966632 0.06196329199106783 0.05806638361911151 0.03433420884645037 0.02491922473816124 0.03418544631485622 0.03665102426420938 0.008033255414365685 0.05184724274627561 0.056634250429848265 0.06610038804579917 0.009259741983982765 0.058381185663991426 0.06202931768450845
83 0.005903507001037608 0.05727511821616708 0.01990053398301182 0.0793255556575128 0.03222574838004671 0.07357032402502696 0.014537209115502877 0.06731989335954448 0.022678572783085084 0.06707945448375124 0.08311041773857175 0.04931609060514971 0.1070595061901135 0.00928953805524851 0.1089447215025643 0.06152419905629697 0.026520915893951166 0.03261221708403046 0.060263680359580206 0.021542796509806703
84 0.045281091010055716 0.03849436825896982 0.033630179591070494 0.05518999082343793 0.036152537538056286 0.07480348981343304 0.08678650896842592 0.05099562064805815 0.011264147652420927 0.09299860452221567 0.014926055987915937 0.08382208225604419 0.04722624806012581 0.029892308389699355 0.09159853257670883 0.029717708613117493 0.04812815598431797 0.06886375009119634 0.032291434876830984 0.02793718433789919
85 0.0740684775515342 0.025751288620789858 0.03344099058445773 0.10005654653679918 0.06142315306238809 0.09299038582889967 0.004645444709317146 0.04287555324995377 0.035801265690295375 0.043513168486294024 0.008372321394336024 0.04543375762198046 0.04809051653470069 0.029406408717147416 0.006682220553996416 0.09618297779715723 0.07904663782320431 0.09157572904353739 0.05049902435746986 0.030144131835741165
86 0.06854959832909212 0.03030826235935573 0.07788141500516624 0.07987102129835641 0.057076135404541324 0.05296710981204801 0.04942611671171368 0.014992623232604634 0.057060144269338586 0.05253806624238618 0.011547003898569655 0.03538130109168379 0.08013321334426193 0.05966783105948609 0.04557860826599356 0.024850076475732064 0.037537640619390876 0.036208983766933656 0.06645150357412834 0.06197334523921724
87 0.048112386740579195 0.06387316314163273 0.0677478617493858 0.08033974827902171 0.09155874276398723 0.0854900622037092 0.09597537328331228 0.0246396967072017 0.016328878521335136 0.0435053565353434 0.0011031778043759143 0.016302312096968117 0.007217351983510617 0.021829674127979076 0.08125470208717085 0.06609098933518283 0.06890107648011619 0.010643850312368527 0.026173781993952025 0.08291181385286758
88 0.030659701027267762 0.07233429856341535 0.008576632379494591 0.03591439187064031 0.06941457360782628 0.048896002443696754 0.038933061476543726 0.006723121998654269 0.06387625244106607 0.09878348170284935 0.011586681664987154 0.07758352662337173 0.06492031254486418 0.03213176844667452 0.03939841653736964 0.076287867533376 0.01568061929234365 0.05899081153638857 0.05986707346421338 0.08944140484495666
89 0.09103754437218163 0.0012811092453341418 0.027206705706416902 0.020112428662671652 0.0999239776907704 0.058477559209902545 0.045820562419989205 0.08159047413206677 0.01944890538930493 0.0026767501315510425 0.07542281184651736 0.061663231862491764 0.06901264592761568 0.04972409466257063 0.08658194634234857 0.09106136469265103 0.003289768417228606 0.038745977131458074 0.01679654297345048 0.0601255991834787
90 0.09536206634538774 0.023567580742827044 0.002247012519449501 0.10078618369429777 0.04841091896742333 0.02283828776912385 0.0853022439110274 0.0648251463530723 0.043657462124919555 0.004863049731526351 0.05157447101891375 0.049308421624643696 0.020232480435227514 0.0888771788723094 0.023960247517195353 0.05399906049655832 0.10380141486471853 0.011654736253603287 0.04658160966126801 0.0581504270965074
91 0.06638480351156201 0.10792959246156576 0.03867389025594155 0.09194565146626021 0.10746793137934782 0.010304456365672773 0.07154440854784645 0.005201952658176394 0.0442084485210725 0.0038125286040749853 0.062349861522645704 0.07267138047973362 0.011030122456298435 0.07186965049345495 0.0707261617897528 0.026707051613013167 0.008197218276623475 0.06829619398024919 0.025009916846470734 0.03566877877023751
92 0.03688721718099428 0.08844529087613738 0.023586480659303598 0.0667071346140334 0.05899715147742074 0.09049631004007255 0.08737788533591619 0.02675782689004692 0.07405053906059578 0.08948421457753689 0.056940030176712744 0.01693810243741637 0.045324241053416085 0.07787533064325827 0.014807459571768771 0.026848529158762374 0.013765853584623058 0.046335497642409566 0.011322053309107695 0.047052851710467275
93 0.04409682046683327 0.0795217599447175 0.06813671695610814 0.01217171831256981 0.07066061206151027 0.030639972140962306 0.05644231869869166 0.046440715379383234 0.06115170188528341 0.024724605351576952 0.0829218386484494 0.06681192731298297 0.01589805241048057 0.011696744364152929 0.0549092233943523 0.0703764846061996 0.06591966067595517 0.007502467325108177 0.05882158590943876 0.07115507415524376
94 0.08604637879375647 0.017771625143537327 0.07790874542723346 0.09164992251557369 0.05547518710078834 0.04387642250095835 0.09913171020411306 0.021536807467911083 0.009114925402441838 0.0026753378699447025 0.08032032190067119 0.07741370006881847 0.09653381971948885 0.03413784090007575 0.07354184742647904 0.009383204221045483 0.006240067976058936 0.022616389458797313 0.04881415004788663 0.04581159585441992
95 0.07825887425741815 0.03871010853175258 0.0512647817361896 0.07237900348323906 0.010849207277911815 0.09083564741585896 0.04036788693903225 0.053094194640073825 0.10187888465628603 0.042199485867436715 0.06693457884669171 0.010511172452550656 0.07057046774581059 0.05439366966171977 0.00021566649683684976 0.0113757884018985 0.018226524227677385 0.03341726677467263 0.0995629896929683 0.054953800893974815
96 0.046279885683953144 0.0632577926105595 0.07445650574292155 0.06742193217306967 0.04866027277899047 0.00774502719473037 0.0953559878977486 0.057748662686793184 0.05865871283573341 0.07588626134477308 0.0001445179280951593 0.060947242584938555 0.08568535241795285 0.022489052587928347 0.053022692638391766 0.029557659777242316 0.031610316022319285 0.02879399916906802 0.046164656610130965 0.0461134693146596
