0 0.08729094044889854 0.0006169127848624835 0.019881181824741637 0.088316784110689 0.08989074235702468 0.05667808222404456 0.019471163001046687 0.03720487342576545 0.0331580811965724 0.07361248734708552 0.08617232522841824 0.087239062155494 0.09736024923885424 0.06924986252909547 0.04551465544476021 0.01236771883932954 0.009520009628136497 0.027906985347957637 0.02557110714868224 0.03297677571854108
1 0.053770081973012446 0.0729658329509137 0.03773518084492482 0.03352796706622981 0.06778017202322631 0.05700734036088085 0.028329384677920677 0.09493127158977652 0.08291800677592553 0.03712013904993753 0.020870601488275464 0.03928754280912396 0.013023636818923958 0.049633296916923315 0.045669382821647314 0.08627577500139985 0.043891353055430155 0.03096282448719966 0.08122033201834207 0.023079877269986195
2 0.011519849832931113 0.007704826730946082 0.09220726024778614 0.0826334583378968 0.028594364675254988 0.06420598845766533 0.04817611018889957 0.0799813003245925 0.07467505150731499 0.008400956164577983 0.10189244154587233 0.06649135446996327 0.06031937933695609 0.04004625375111576 0.08190881716988213 0.026814210802077968 0.07313388594941121 0.04866236482358492 0.00044947470616888075 0.0021826509771018018
3 0.019838077705813414 0.006802703943251785 0.07555762808687091 0.04194994389321942 0.04975362971820387 0.03340313597751537 0.03892213467552719 0.05520389084436435 0.07860308613857879 0.10865057516157821 0.06800557531249307 0.04477516888462641 0.02680015908582416 0.0858528068519188 0.1024553473105706 0.03151568087890652 0.00037530990795692795 0.10394241201773771 0.006707853412623687 0.020884880192419006
4 0.045024670478329726 0.08588458314155209 0.10278957430267337 0.01730197854191902 0.07861086211255719 0.03229891754146646 0.0803047161367207 0.030617869256532985 0.024839660852182435 0.04448017985391312 0.025058925661131805 0.06849090275354126 0.03228694583289888 0.07634464176426377 0.011263969494869337 0.03984923617465604 0.03383735205353877 0.06709413108170079 0.03254550746282956 0.07107537550272243
5 0.01839374282464282 0.010832156627464349 0.040152952400010225 0.05704049817112702 0.0521461145207951 0.08743070841469125 0.007154976441861261 0.03664937490027556 0.042624804864066744 0.05706952299653759 0.1113365449038377 0.11218414143678636 0.10363125583783779 0.0777284062570203 0.05808854321165219 0.005776062829728168 0.026110630539770585 0.0011393563285881582 0.05790036826488094 0.03660983822842576
6 0.08454243563556248 0.044150227544942085 0.004716309482107301 0.05591273380968086 0.003029119819909435 0.09386202730665061 0.018415999649265286 0.04206533147741372 0.058210257187103986 0.07894077634950905 0.04794979994692712 0.02036545849598239 0.07559679543753703 0.08485924433882142 0.0592254009331094 0.08937746717865286 0.031059613063432124 0.028300488473810392 0.035568741538102314 0.04385177233148001
7 0.005130122912226884 0.024261969028903433 0.0441024406105901 0.051980571367653244 0.04499769815994259 0.05700930270639149 0.0702940439276954 0.08912339044980341 0.008495131686094974 0.0649915535630093 0.04834241840865088 0.07569854743740277 0.04763308345802638 0.04393373739395021 0.08424025168725968 0.04223956397717612 0.04082973713581476 0.06377075798192468 0.010244383220106599 0.08268129488737695
8 0.01024574813536285 0.04709349288590814 0.011445126324241252 0.03277484748111013 0.03352651400545313 0.04498890119124906 0.07529147826846913 0.08496982112028044 0.09769637557590587 0.09057318338383806 0.03651432523404048 0.05070238432331844 0.04954702479690024 0.04249795177727952 0.07196677563745799 0.014957171999797871 0.06986475558861743 0.051951890597524815 0.04006692075054108 0.043325310922704134
9 0.08893496405115452 0.030107761385622968 0.02909057574717869 0.01429057505900111 0.06056231438466789 0.013936729847079768 0.031649356318044206 0.008151549028421403 0.0018699771958029248 0.04658812941444297 0.11058224987872803 0.03721452036630987 0.12280237570799112 0.1087949688081764 0.09793897944663148 0.04664495263347644 0.010396058526876594 0.08596974129613726 0.017420727173505925 0.037053493730750224
10 0.08231780170382284 0.06079166533417718 0.05567317407174534 0.00865956453755595 0.01616301306799666 0.04379712098157192 0.03973479590725711 0.024735554575012888 0.04750530684043736 0.05894014102329735 0.09726686239308512 0.04464415952827657 0.04355387251828868 0.09635218458099473 0.023191648333458714 0.05599584623136356 0.0732234999532457 0.04372275016589048 0.00016108919746719727 0.08356994905505452
11 0.039229873403729534 0.0074631306691553346 0.07461859142216166 0.06255774838969462 0.044102987912671233 0.05744840088745774 0.08592651618600862 0.01712708301820102 0.07158898910605513 0.035042738446060484 0.057536327781156076 0.03550720981794334 0.0751036612863345 0.04056069282776774 0.0453606953992782 0.03184822476250071 0.07781409878670721 0.07143653796543364 0.037755013444319155 0.03197147848736421
12 0.04687922724174133 0.0681007532327886 0.0796685770882012 0.02053142435510116 0.06669946767792986 0.07021316774489068 0.035701945778593945 0.074895733891322 0.035792789292806854 0.004711416010881595 0.051522986299183275 0.07117841918171845 0.08328348831557184 0.014301789000769788 0.05025925993492949 0.004685310329119981 0.015927425992922257 0.07940625185863584 0.044077563211078384 0.08216300356181358
13 0.06053167492119104 0.07640905065786564 0.0034319536515898365 0.09511728793216408 0.05888863195057293 0.00772450816515959 0.02072582633843037 0.04950390366234021 0.03933011747457224 0.11115870301698688 0.038826404131342 0.005244423762558233 0.003524505092339813 0.005540685982324055 0.08167260320719368 0.09714537571047743 0.045930894454588256 0.054679560412338096 0.09024793210231856 0.05436595737364703
14 0.00830821778173885 0.048670037854123195 0.09574353639991702 0.0008170694956177359 0.034670423590962486 0.05284785499935666 0.0946258646100105 0.04304523796254375 0.024701685712058188 0.0655549274615974 0.06495949209533336 0.04855588738240339 0.0031522569016981914 0.07598701950703389 0.02765828202797793 0.10212505250503749 0.041200553204449174 0.0673906288508639 0.024798445492258733 0.07518752616501809
15 0.09420288277254785 0.07776201205678208 0.01674406002034957 0.067746473737436 0.04461802425142635 0.06771015238117 0.08996014201057183 0.02562262018692332 0.07395603231285633 0.022394703948555562 0.02038460089087899 0.0679936756470612 0.02088970839711431 0.06359365308283692 0.03132089310249796 0.003864345733929441 0.05465749085637565 0.06938459588369893 0.01844576065449754 0.06874817207249014
16 0.010249797077201908 0.00912444433147139 0.02777907958381318 0.04388917479250117 0.054880210053045865 0.09174269512564585 0.051260890672325816 0.08603669928523525 0.0708823256576617 0.035487541511727234 0.04495859277031159 0.0046079937488067435 0.01631326744753258 0.09685588731476621 0.04796666449164939 0.09990281795282474 0.07948637407798848 0.005851417608360402 0.04535897747153582 0.07736514902559448
17 0.05717044144347286 0.06408749186603975 0.03134959743363681 0.06570032520549164 0.05165231899131613 0.027634423601695948 0.039673540597930324 0.08879634966374343 0.003712823268450528 0.003509987124491449 0.07197255020026502 0.0849263168675464 0.014443442193157532 0.011233006236090403 0.094683070957152 0.07966205087644246 0.05506441851034906 0.02769041134726672 0.08269660112276023 0.044340832492701376
18 0.04627809456394465 0.04549847124962941 0.04181826605774715 0.06849792638740153 0.03407129220350765 0.03813203781101054 0.07577252082967484 0.029654200249830866 0.0011345236972790443 0.055160242741579525 0.08574196720325732 0.056308316029132305 0.046084689420733675 0.0318358167495969 0.07150195816538901 0.07859348252097545 0.06933719173495542 0.07860862043569795 0.03092852743383402 0.015041854514822657
19 0.025759626418457086 0.07669156026306025 0.10202481390400439 0.08697305379751347 0.042219118031801964 0.022863275314613823 0.09376411262761856 0.09596471834093029 0.021649746400868773 0.005929288044778876 0.033851514549215485 0.011014348189520561 0.07206600299977237 0.014724654816754003 0.030428375231296635 0.06821692438491414 0.09530362673908849 0.016423659111282303 0.07143809998051619 0.012693480853992472
20 0.05571571685635795 0.07571678057969677 0.044219990808035424 0.021405513426142553 0.06754407598765905 0.0024573936031910947 0.05526293785751485 0.027645711679225488 0.08808356364123499 0.02506053349984165 0.05894362155191407 0.03661027323162566 0.06633684141914195 0.027940941603386775 0.07481800555861277 0.07191191427649078 0.038789966634166555 0.06736845304993945 0.038174979193391516 0.055992785542430805
21 0.015265321915562347 0.0789429355017055 0.05386753106697669 0.0009754198553938902 0.008544444328411411 0.04734931557654257 0.04780982976133698 0.054610417138224704 0.02098292922141689 0.017514630896477444 0.052980311714630954 0.09409641264388624 0.08413730218509075 0.019662807500346723 0.09311265617768903 0.09786885516603255 0.0015836751747954265 0.08409432156968673 0.04405288156119503 0.08254800104459792
22 0.05699798384753699 0.009901965429138022 0.09276909017682218 0.05528306659336422 0.016795957946051262 0.011423375396912622 0.06020305283636676 0.05069952562974247 0.07308128943650465 0.067159875849032 0.050969623841520754 0.06099630772375243 0.05418370029157166 0.060212844089119505 0.05086423363328751 0.024420772074274042 0.08278404218936458 0.022204683713009994 0.0863832692698364 0.012665340032791864
23 0.08528349414536344 0.0021466073402167498 0.044080286513833854 0.003104875662958707 0.08015579790409555 0.06172902278978045 0.026185094316282062 0.034199386952461684 0.08615457119584034 0.008003199094673273 0.04300918771406339 0.06335548281378098 0.05605318684874406 0.0012396056478225586 0.05550981780180117 0.05640575042981037 0.07950252070394115 0.08237520918874168 0.04704648426199211 0.0844604186737964
24 0.03641379982234857 0.0753685598671494 0.05714030573297529 0.0528373773570381 0.04952161863732243 0.08076722923784946 0.05752787037025463 0.093888343312846 0.05683715555824615 0.01902096192965658 0.008807255250191425 0.05326050613199804 0.041680785418457815 0.06734811224612866 0.07888259519160505 0.0902220265660774 0.009796973626938148 0.043674994586868854 0.0071337260197933084 0.019869803136254645
25 0.0015300004138431313 0.04914730389541845 0.06658033735026858 0.08375765369504433 0.05369420599141526 0.0654706818984045 0.059201739966847564 0.002554645430215849 0.027711284648322485 0.0856499728710477 0.0561451305984318 0.08474784836121854 0.04168696742613742 0.07267427405863547 0.04021101985123654 0.005165313091666955 0.07916354087710967 0.03891381861903518 0.040940166319555125 0.04505409463614536
26 0.0007696492290189095 0.0616301525950207 0.06804245869485955 0.0601172956187833 0.06803787066074767 0.062917947781713 0.015054590661617616 0.08583353582781157 0.07273506381469255 0.08099874275661681 0.0670475818169459 0.01684429362937475 0.05113243085152259 0.01731762841400394 0.04843449927386018 0.05884220276908334 0.012680597614275457 0.03473972648958227 0.04517404192557958 0.07164968957489055
27 0.08167641867727876 0.08945267894672336 0.06702122782070138 0.06864407262473558 0.0865979542015839 0.025587509075647084 0.030910712050736013 0.047447755685720024 0.0207616710423892 0.0012845392471915267 0.0509638282906496 0.013062798975538107 0.04718172977868858 0.01205483605120346 0.057587692236041176 0.06751157348455815 0.09173445092102944 0.08624488295531964 0.027652221917280836 0.02662144601698422
28 0.020111815234669143 0.011855960984674412 0.06555216240094841 0.03335586557385902 0.055030209562776024 0.0268815463083044 0.07572740253783285 0.08540494831544428 0.035000761021108495 0.035446446423030305 0.014685547162459104 0.07878840653535066 0.019724901407710646 0.07924796975300742 0.028149366355468573 0.04690979795913309 0.05662204545168614 0.086519730382914 0.09666565404367478 0.04831946258594825
29 0.060157016576011996 0.02702721798507567 0.03038979196388717 0.030086805081844244 0.0811430474447849 0.06746442607660823 0.06185744403744504 0.04757600859536087 0.02232604333997435 0.016194558897544994 0.03186891876688573 0.01244244148756413 0.08427884330798888 0.1215622403039493 0.03984772854927411 0.09224703807376601 0.04410475015497111 0.008139399308902296 0.10826338195797906 0.013022898090181784
30 0.003260114948336539 0.015774765311295416 0.0920914199173604 0.03928202135342882 0.06835543245631594 0.04958097736667841 0.05126512029669524 0.01519442478987162 0.009576514786823415 0.02015043967308171 0.055661819666806056 0.055480550753056114 0.09362573076424525 0.034101609016712636 0.024611686791116298 0.05644764068937528 0.09400949184629614 0.05471961830840044 0.0743325289598771 0.09247809230422704
31 0.0514040129082596 0.09601820096997504 0.04930835468019652 0.0785586364226535 0.05738966144451264 0.006042399130172944 0.011172114977804282 0.07357671359419456 0.030286326697586335 0.019556180116306554 0.08073164188392373 0.0990740805570765 0.02875204805914252 0.09669676615920648 0.039296103857044413 0.09984506796795067 0.006884421549998662 0.01771657820260984 0.040258863374609016 0.017431827446776176
32 0.09244202178047826 0.010725654558519142 0.05943219851428408 0.08897846180640773 0.008626251023260013 0.02872847514619251 0.01694506107034346 0.03505108356463114 0.04595682342362695 0.09511095546900843 0.029695170976660478 0.0011610145166550262 0.0733047106373047 0.05741313690370311 0.08140673988685014 0.07924216232646612 0.09507118415614393 0.04141135897614971 0.02432583102517499 0.034971704238140215
33 0.05338476458249563 0.05827537467433263 0.09744261175902177 0.01652810885554399 0.003567085827196012 0.0395331457896275 0.09853716619422416 0.03393156863724307 0.10455243575785597 0.07869942607051664 0.027559213205378838 0.04468875569516726 0.033100177335451404 0.04557400738902784 0.11060411947225203 0.015204401097238375 0.024579316010929924 0.031917089177383895 0.04816704540528344 0.03415418706382966
34 0.051133872944732955 0.07701662376826918 0.06437687811451381 0.013707479590323313 0.07554998890904628 0.024118444334634916 0.043838347611236256 0.028399320779351728 0.04946802944300667 0.05525404437503088 0.060822977222336136 0.06791215334707795 0.07320410686780318 0.0058993491744257 0.06990118339318796 0.043786059323737414 0.076919276205007 0.06087403066925911 0.010396507616161859 0.047421326310857805
35 0.021106574517758266 0.000151283487036572 0.046347754558756275 0.005175470912464728 0.0077037637326902095 0.016603580923482984 0.05833830034526194 0.08618831764494735 0.08926214796988993 0.03420189866975676 0.02901365131337231 0.07742003754538902 0.09646263926453202 0.08530814459972316 0.0446861292718878 0.07561605400870054 0.09962753444739635 0.03125861362368681 0.03438514134830047 0.061142961814966534
36 0.06307676089427044 0.07546357622298866 0.07709383291569424 0.04604644466694697 0.03225434763847498 0.07304932947376992 0.0747350907640464 0.012685273056173401 0.06004837290784613 0.023690964230873378 0.06194517973840869 0.05301449934750974 0.034228882179616976 0.07393071872359153 0.02576655587623932 0.03882093085843621 0.027898760035782233 0.07646161288883538 0.05942159684641173 0.01036727073408361
37 0.07945799385930732 0.055627469675660735 0.013145133126213711 0.06560816077000599 0.044093184650483896 0.07077796849951612 0.06464523843422336 0.007794606491856481 0.04526201350310828 0.02791763008695694 0.06780512481193511 0.08324557736819946 0.08582319901481314 0.09545977048984967 0.0002451200915530292 0.06698505599606487 0.04301886126016908 0.0367411365165032 0.0057828433412160036 0.040563912012363826
38 0.06070123060074582 0.03982245000036121 0.019250216531239126 0.018945144005821098 0.06149324905781629 0.03084729172726835 0.08780029887920317 0.08550217158585188 0.08907386373150018 0.006913178254217864 0.03254333486886118 0.04755416084385641 0.0578372269492492 0.003161434795048673 0.08367752278678883 0.06428235510931024 0.03929685300820229 0.0054179491263908015 0.08413620320873196 0.0817438649295355
39 0.07301972767767739 0.00956361226378602 0.015723171374501667 0.08434233957538488 0.016368623576323432 0.04513731409742546 0.06869998712761746 0.03290340240125005 0.08699558104262455 0.01115831979125578 0.09863622721065925 0.0471384751000986 0.005415545226313886 0.047624381866494495 0.06634192762841219 0.019337338282904022 0.09585205541979001 0.04913725945851508 0.06888979851826821 0.05771491236069744
40 0.08951040988518603 0.06827893063779804 0.01065580167497661 0.0766010136021455 0.008050884216520586 0.013759069173289158 0.08793472935285991 0.07196122996811706 0.06697880597150457 0.012412977785791939 0.020849167760671118 0.05181666258214929 0.022201381871485817 0.01021000947217426 0.08867735882747092 0.07852108219952461 0.08902839336242142 0.056361482594200596 0.01163340839994999 0.06455720066176247
41 0.061918942090089975 0.02586958911586176 0.09052132278881506 0.07097033968548361 0.060695947461111656 0.008981399092624551 0.03758068273397176 0.08008445081195557 0.05031702171850157 0.0627529457976157 0.016629151735367553 0.016292867145152854 0.06440093018482972 0.033786138549454635 0.06079939898549097 0.06206560544710935 0.03998501560587321 0.04764001134144976 0.025591176926045508 0.08311706278319513
42 0.0645309356144632 0.06318361698277662 0.08202932555349472 0.027206871686837813 0.016352520542637944 0.0030396600022651837 0.03651444123318313 0.07537987846337146 0.035725252118684846 0.07341222378237985 0.029074270470284075 0.045552485449083295 0.07587050797352253 0.07820885927355309 0.03671341160155964 0.06029941523794237 0.0673029237925826 0.007845954381817791 0.0824768513641388 0.039280594475421
43 0.03220346086712729 0.04771868627314991 0.02210604042819056 0.08000890035858807 0.014276913897825204 0.006142219425246222 0.01166722723155147 0.08197906549063771 0.050972994699032034 0.01917941278318224 0.06894686577072799 0.08108081637364332 0.06373346012393949 0.04019670877766557 0.052543110140333124 0.07282325539426805 0.08342612537646085 0.049285478428251914 0.0828390024047885 0.03887025575539037
44 0.06260423707415617 0.0875708657805619 0.04083779224631908 0.008298067049688254 0.0784475859947064 0.004018176837847161 0.07258519910473288 0.0446514291257803 0.04295190503783757 0.08227442320083532 0.05879999159714304 0.07066981148144147 0.07375374268082277 0.0023276230283221875 0.06980220625065328 0.013221658632861021 0.027164450220020342 0.0451738263005009 0.049655086837328034 0.0651919215184419
45 0.0881573044531697 0.08416528752486896 0.028218265697206892 0.08665866767238185 0.038421169375570184 0.05594577025088447 0.072633366978476 0.015616246790404067 0.08347908940173056 0.044524507357593314 0.02995901205263818 0.017499956552189964 0.04301978350672286 0.06379731436284179 0.0466199450303635 0.0812288748855433 0.0032734087352753985 0.05988198551568425 0.0397987890974891 0.017101254758965755
46 0.013263580586317745 0.025518916257002786 0.07735169140817906 0.07343085177184745 0.05233631877757631 0.07942526877263048 0.07534338387590883 0.043153425930539606 0.020616865277433435 0.060071234292289895 0.05307375722158398 0.05372453055701149 0.006879849004277803 0.06372076197414693 0.06706225976014078 0.05182568827907843 0.021762891980179205 0.0659591381154245 0.01904979199295577 0.07642979416547553
47 0.09012845897004432 0.07023632909986455 0.034645342596232816 0.016943739051425127 0.012677378389430826 0.010005575977838382 0.09169502968793901 0.03525439117221291 0.05135506589463565 0.06843190083244767 0.08495925923691931 0.023065396644997512 0.08011626843860353 0.05166919894109077 0.045397917815152775 0.00899581377328122 0.04441225469252511 0.05173900887548586 0.08659888640838871 0.041672783501483825
48 0.05188919046551168 0.011199490757464979 0.038325580507449386 0.07508232830380743 0.011814409680208224 0.09432279004038653 0.048768721605640705 0.022407533817216455 0.06064593978718519 0.059506491575314076 0.05416851215016063 0.07312788439519609 0.03468368767174947 0.08624866194160655 0.006494250514247846 0.04089646165404821 0.095737394487979 0.022038793821721338 0.06611782697790064 0.046524049845205445
49 0.06285338301832946 0.05985555417615079 0.0074682213751148556 0.03997726734817948 0.09558586277431846 0.013946268775556728 0.08979593220356695 0.051121849323689836 0.07594452323504908 0.056905469508365183 0.0024561689830951104 0.012832115515218512 0.061926766648613074 0.03831090209862993 0.022990806458448074 0.07914378911415315 0.045090359313690306 0.0943198921574448 0.013713208444092344 0.07576165952829385
50 0.07536804156321639 0.028438839601005815 0.03671576558839894 0.02553589732088972 0.056941217350466054 0.025880615502251198 0.08020555001474002 0.05585587372903549 0.0712178073181397 0.0332456154040319 0.0784752507155462 0.012064286545861107 0.022513009838651933 0.07009160257326336 0.07891133422740135 0.06496616400508629 0.05805436966905082 0.0006209788687676827 0.05748714248733552 0.06741063767686062
51 0.03403434498620881 0.09394808284919297 0.0029865927106737674 0.07929825039010738 0.01664822713701791 0.017270584167333607 0.003388439542011849 0.046827402972993065 0.10839041144823008 0.06088088754057765 0.015781804543547228 0.07916847758491122 0.07992086123433334 0.0035047600812224693 0.04104069979772471 0.07456904444804344 0.0909847640304948 0.05412887197353355 0.018807440851275933 0.07842005171056629
52 0.02329882718660751 0.07576985960068201 0.06267085594013341 0.034067079133808416 0.04074851033665285 0.017876610017061402 0.0966791864734542 0.02019464040978598 0.07662218663518444 0.08227068235634562 0.08395964826868728 0.08204131186522932 0.005849384177043846 0.02233519492950428 0.07934656804879726 0.024925624907206966 0.0951316622812015 0.005161453422083429 0.052360753190462454 0.018689960820067714
53 0.08312179605883206 0.11970875876244028 0.06629212257868759 0.0592841208274065 0.04059987912203902 0.12269035073862103 0.07591163733043645 0.004222229326207889 0.04044482887197516 0.0646566129473812 0.025541692964545924 0.004309222581624676 0.1112580891069748 0.012405100652776379 0.028901431934801027 0.015482613323585198 0.06816731305920505 0.04829783245050336 0.003039835186938239 0.005664532175017981
54 0.02420909941381341 0.04720140418629978 0.028614340066664957 0.03743155790511259 0.03576145684363046 0.026952863446979457 0.09213387204971535 0.0640146467882179 0.05313785013272557 0.054311782132829965 0.08916119343837837 0.09039465939670895 0.03894317047961982 0.05453207563360111 0.07878678718809837 0.04056851189195668 0.009471068335768275 0.06393461355765405 0.061842242389757336 0.008596804722467637
55 0.0775497128051391 0.047042397809500265 0.060543458280546275 0.029846430888947353 0.024866452094759864 0.02168029733102206 0.08461396046918071 0.07051144351263593 0.06322990243713403 0.025769448722553732 0.0011971938826433432 0.08193112250969474 0.0298730772874814 0.07033214347943348 0.08946807682531056 0.03322577057437149 0.047348221743604736 0.08537609205161475 0.030523163478958254 0.02507163381546797
56 0.009836245560536293 0.07805404944791808 0.0007678137740433834 0.06833613330781493 0.06855694364232022 0.03837774738053373 0.058074763280657096 0.09736943585917819 0.03579414449412792 0.030248981477713363 0.08133853081684332 0.07837628461142987 0.04872652986647044 0.0019849330991066434 0.011465465183977739 0.08246894090485704 0.07579414488469292 0.04532929339853897 0.03246929401174262 0.0566303249974974
57 0.05013987905895874 0.010085726643084854 0.05798384214198337 0.010949373249145137 0.038124762211408834 0.0793471220771283 0.03178975055034509 0.06665904970710201 0.04892220655893664 0.06984230947305335 0.015925861097645638 0.038565253354378 0.04291544638379541 0.032056741416569064 0.05586748403827703 0.07494313210712333 0.08209925196213455 0.07538929201741837 0.06904843165821353 0.049345084293298626
58 0.07675005570026869 0.04440797561376204 0.09820118518353058 0.04605172658450355 0.01846547835604697 0.0005810501997089927 0.010990367300128678 0.06569152136558305 0.039309127264642786 0.0032763628659852276 0.0999783812066701 0.04486974180029211 0.055460600450442064 0.060661250612764235 0.06150838839025149 0.10405247322117747 0.055681113728893214 0.02302896503687062 0.07148885781319816 0.019545377305280023
59 0.055202572259397856 0.0716585264282607 0.02721373951368761 0.009909786760451914 0.07666279044688268 0.06422418725753103 0.0654236189413139 0.03685649224479417 0.06903457987373149 0.002591034863923765 0.051579567353128 0.06783756878299142 0.0006011133590932119 0.07566433466425812 0.047861942595069165 0.06855703275784553 0.016386266301780472 0.05632736181426167 0.0809482902827504 0.055459193498846926
60 0.0024815730070432236 0.07661299839928228 0.1132115186180125 0.008037409936994736 0.05002382990583121 0.03615731408385016 0.015432619112071302 0.060484824031432384 0.10625923921428315 0.050344326529484555 0.031557596215830125 0.09851115092590661 0.009222736857275572 0.036971489042648444 0.041396884555404696 0.12103363091773955 0.041362441944673145 0.0234184593103099 5.3700131929925376e-05 0.07742625725999648
61 0.08934477320548925 0.05757323806393529 0.09962498654550363 0.04454509875982476 0.04663639859170174 0.011751138836034061 0.004178247336079547 0.09932511446089767 0.04341909189226809 0.04810359087591058 0.004315233280715997 0.05678443074527625 0.03967589696937602 0.010785566788369092 0.09355854931078834 0.07316558374497742 0.09426736551389976 0.0020439607589200527 0.0712879263573646 0.009613807962667854
62 0.08679578561056354 0.03383979228413248 0.08340908080510434 0.0735894483504038 0.007253253389798015 0.023739849564929787 0.06228683724693179 0.09042051364128982 0.001489213538240841 0.03487329857186398 0.07545557396730135 0.038244601568150634 0.06651328538343254 0.08464700884647297 0.02064646192117653 0.019528188910363977 0.0715005359055659 0.035504517251238404 0.04524816555218178 0.04501458769085733
63 0.013235428206699281 0.06770502910765801 0.07975058367298787 0.0719609257736129 0.07046546570191199 0.058702855280125754 0.010121039497467666 0.06256056061493716 0.044956210451463176 0.07833053656663207 0.052675897024553935 0.008519530075054998 0.05934972922540644 0.03347780410585383 0.06052613686303328 0.04965952490395468 0.03301895873305981 0.033299281835185254 0.04452678091394603 0.06715772144645572
64 0.040462684831566884 0.09335749191683877 0.05602651914039254 0.022058717293943278 0.0777293251474058 0.047211294849520295 0.08315521045430546 0.10253802953003131 0.05937059067450393 0.02359321210954247 0.08019092474037995 0.034177622524808354 0.015417222657469188 0.04818134516730253 0.004873060495218631 0.007629300763794134 0.025298842894153187 0.09197203973856591 0.009539477296554806 0.07721708777370273
65 0.06669738569532406 0.01947408382370569 0.040443617640919305 0.12708110056113653 0.007891155973403364 0.0027615330452909776 0.05218819229521556 0.012779970309301147 0.08606140531983549 0.09445669980136281 0.00824122269626339 0.009408621407790006 0.024469835086962093 0.1077909766602919 0.01145861794315814 0.13241315944755008 0.02284996510493427 0.054519882378899924 0.04211653262848357 0.07689604218017178
66 0.0890029370233821 0.08898680034585837 0.0024767604962666226 0.03998288141680053 0.03554895985177534 0.0755374638602132 0.009668857448879483 0.04243606228724097 0.024791302623024827 0.03679101180200268 0.05570684276481171 0.06896722157928119 0.0011318109015413724 0.09105479010912865 0.061455185447434835 0.08558768379261296 0.030618178798319257 0.08353789975037804 0.05757626715820964 0.019141082542838275
67 0.051776714250115666 0.05397934027875277 0.08629899141848904 0.05970047598604892 0.007969028826451917 0.09329065328050351 0.0652532515744907 0.0010249156530359712 0.07028396130007127 0.028208400018898964 0.04381465203185068 0.054880697058592755 0.05795585429691434 0.09221846784547084 0.03731877365576945 0.031312741066166425 0.04752431145463718 0.05680598948547948 0.03279289745551485 0.027589883062745204
68 0.07478326681041067 0.0023496251725916156 0.032121207527121026 0.055419968841444664 0.056124067193701034 0.03807303905755037 0.04830988426916945 0.03239034542916715 0.06383980444002338 0.09137099453462337 0.05913674339436593 0.003937689191475159 0.055525974436136584 0.07966265838463253 0.05276617085846451 0.02421452683311876 0.07146417499407608 0.025334951254812187 0.04631037013728922 0.0868645372398263
69 0.07731043867153373 0.07637816569420557 0.004811460046029732 0.047224663864416615 0.001830447368228651 0.0849913937120854 0.03938374165645445 0.005975474020067632 0.08525440375517317 0.08520768773912389 0.007015713732713415 0.06681061421000348 0.005269743802914393 0.0114383459043642 0.09238945896530348 0.0555466885355207 0.09057430084309519 0.08447274528932916 0.05236968772781419 0.025744824461622864
70 0.08727909130282882 0.04321267607372613 0.053844695052686936 0.07751230598549001 0.003169470404892779 0.0038875314227932445 0.04389728703319973 0.032794883866952014 0.03951430247493774 0.05095045899633656 0.08285483929817254 0.0894414188982438 0.06950399467551889 0.05140747171753288 0.005374582214621614 0.07922342103007382 0.024189448021315074 0.03264857564029975 0.06572763071041016 0.0635659151799675
71 0.03317058198319732 0.07631194542136857 0.04971055607333278 0.07421180166774312 0.04519239964378549 0.02182788082881249 0.07396858825818833 0.056801475534552885 0.06814271714792576 0.06171814458904656 0.01520585231005537 0.03182376592784203 0.005011595885979806 0.040842908837270826 0.056647851273342244 0.0392780041528318 0.08123167084644824 0.06582819214183706 0.02700804218978343 0.07606602528665594
72 0.0005712673026026911 0.031418470228320394 0.08333519020172599 0.06492778009951652 0.0743147740850287 0.06014080397499858 0.014168969113508255 0.0261118293118606 0.020682108329709587 0.014319929761272252 0.07708839504946599 0.03569465830117774 0.055590170679620285 0.07859202348095189 0.07070240793617763 0.0818210984498354 0.0818520057716396 0.07006817558346204 0.03253314616641145 0.02606679617271458
73 0.07051559230661848 0.06526686970911287 0.030577298806067674 0.056992830842987924 0.028846144179905397 0.08708821429295278 0.04704808010881384 0.033372011233655734 0.06129848306570154 0.06317128085349241 0.018930695065963402 0.07227935452634704 0.012284225869615974 0.016484360441079923 0.005898561853742729 0.08736532430489362 0.08365852847221736 0.07344581961264078 0.06605435172386356 0.01942197273032708
74 0.009105444561327048 0.09816717381129325 0.03249011888783824 0.0883235215189938 0.04871700853902172 0.006119909395653607 0.05478286074821465 0.007501329941879192 0.098084519684774 0.010737687545895365 0.07229383417290915 0.04813181018585213 0.03461980798094956 0.030418130861900053 0.09258307525562456 0.03823628936251719 0.09843306368878137 0.025749218096060216 0.024035262566733752 0.08146993319378112
75 0.048622049052739376 0.06175678498953577 0.023536527654237076 0.06801413418020096 0.03317358663045315 0.036748399857779834 0.06561687545155011 0.012413549689504533 0.04088208482464249 0.023650362004326755 0.04132066236873915 0.08711904845806709 0.07921272869249331 0.04024995102735229 0.054537140456994884 0.08577364256470649 0.01205520596472902 0.03977067566509804 0.06836010442503651 0.07718648604181323
76 0.08248336559272469 0.09235929471842572 0.0017289726921998704 0.041719036422124774 0.09508476675595165 0.000970342479435809 0.0884622781754907 0.0037953460164174215 0.01176603456794008 0.04036028425896312 0.05072214447115734 0.05830369924000559 0.04522311453945404 0.020375605451547367 0.03308785422954828 0.06003488381403635 0.07975606807436876 0.08175818500672358 0.013322285018015991 0.09868643847546914
77 0.07480520664682491 0.005640209048833137 0.079156059398157 0.01606693497126652 0.0959725667806267 0.09155042392271728 0.0030470674493640955 0.02054975317337989 0.03290431468142042 0.022284904450181824 0.08212844295715387 0.026765468568335976 0.005903078830539307 0.03125052324415191 0.014688921821648535 0.11975913478729745 0.021373659326904902 0.10264255640074664 0.11469290842766808 0.038817865112781506
78 0.058459941223168964 0.08154749950764421 0.04212967213044777 0.005804364862853792 0.05903475731279664 0.049756365465934024 0.07108967072874935 0.08335091669086453 0.03662944800554385 0.03183510679425661 0.02128868997097846 0.016172925120354936 0.08832768686157029 0.07886959231494663 0.060284564318622266 0.08951970670267016 0.02156137417573723 0.018415361533810567 0.08202369666917124 0.0038986596098785765
79 0.0032337923759324233 0.031130110069902857 0.025670920454153374 0.0847488594507692 0.038743813882802375 0.03784629503356902 0.05542383615306135 0.014833612261368208 0.006843175544184674 0.04056945714055071 0.04614897586626454 0.11879595832586218 0.08537377943189092 0.09001892526647692 0.09113215245065202 0.0744319309172181 0.03957658067214805 0.020502218162911208 0.022750503822600392 0.07222510271768151
80 0.019698794206146092 0.049184184280177644 0.03602793096726285 0.08102560452725208 0.05231753630159075 0.06570720445490912 0.07314619525727029 0.023111453889183578 0.048654042461017726 0.05390978883472557 0.02555628706843513 0.037861529131227596 0.07336374450650911 0.06941649689660906 0.03898119672726713 0.06370093230717737 0.029054727662868436 0.04974120595864816 0.08124198630735528 0.028299158254367143
81 0.05258534389042738 0.015276631353839477 0.0602334803175643 0.04141755835032486 0.013194283128230705 0.01774315166543738 0.04325788834436581 0.034600040979141176 0.03786887959217289 0.03866573293443921 0.09268685717678847 0.03738790111686536 0.016910264403907214 0.07623873611155739 0.04599484364588175 0.09772741364370305 0.08070683409165534 0.08239446681971349 0.06012565010931639 0.05498404232466827
82 0.03258432641618813 0.05400535415731996 0.03703145072217285 0.06951737833350796 0.04706261618896465 0.01653295779828955 0.10811209004606653 0.009450823148956483 0.09245546002657201 0.05274984789759127 0.06770346630357085 0.09176174045456993 0.03378536074651991 0.03989804173335358 0.02129557918713035 0.05556264089066387 0.03887665347626296 0.021195134489759307 0.029003557236616923 0.0814155207459229
83 0.028347310083316278 0.028331191636782976 0.07966342082474127 0.025429358228027228 0.08433346276148673 0.021005254028733603 0.05589260086060431 0.0012854199853194889 0.08386701785394081 0.06159331169017191 0.07453059134514968 0.06880098790277428 0.04258692622722697 0.0196048185251018 0.044512272204254584 0.08363630681479292 0.08102403170432641 0.02440670101231286 0.08732523192646126 0.003823784384474923
84 0.015369577994615415 0.05987149287864775 0.030975964407652812 0.08259075944856398 0.05369901498917154 0.030427972601791642 0.023512167243669613 0.07473963019412555 0.04230889480825993 0.08162822330227748 0.07787471727025164 0.066515155796523 0.05203903802960931 0.017027328863733635 0.022327423257227502 0.08381633551737715 0.08420912332607673 0.042641602868287706 0.03730328754169086 0.021122289660446915
85 0.0003022958393739408 0.07315881829733763 0.03542790415578887 0.026483012917233564 0.06905524568978885 0.038344174270862695 0.0037670775195644437 0.02419358124589544 0.08328413161819125 0.05990660487071525 0.05886926979846996 0.10413050464204497 0.05715113052262855 0.06984023936903737 0.05201943578480967 0.007609115055754292 0.11026400226947601 0.009042143552163434 0.0988162971991827 0.018335015381681082
86 0.10299330052576133 0.026349508278985415 0.049572681993064874 0.06444463847103356 3.6628971085838134e-05 0.0483447567061885 0.05307651188277444 0.06697912993839508 0.10196431991842697 0.0035541886196370272 0.030937134454735834 0.010637224602604155 0.0773571317780675 0.05452003639614987 0.018652290874411743 0.03250542356173313 0.09989024939937756 0.06129966302550534 0.03037740308719141 0.06650777751487062
87 0.0028347509748242157 0.08459403461246216 0.003149596137123352 0.014232387850996302 0.018977699721647784 0.09187645778811941 0.01217903532910006 0.0768151198650304 0.08027257747639856 0.03397168190906541 0.0921382226191973 0.010924125589056682 0.09196985648313312 0.03017507407107464 0.07565183270748256 0.08256434317740773 0.07615849827205558 0.003498279305140758 0.02869225723906139 0.08932416887162274
88 0.031801947841818064 0.0695885943192398 0.07799209279991791 0.02067303266207638 0.02247613452484049 0.07264580822626732 0.052306418065704394 0.08833897086791286 0.07247968619641755 0.02912203347528267 0.0026229806508239503 0.08336097369592854 0.07128537576851168 0.039286632519379756 0.013579884915454388 0.1135123099948686 0.0030787260776072504 0.031151147900925935 0.09615492410720711 0.008542325389815511
89 0.06643376475243314 0.030340129936744478 0.033418953623610984 0.05772860611362356 0.02934836357171929 0.07930760157467236 0.051422680871518196 0.02342452922710102 0.03729686684496301 0.03879196384851786 0.08928579541154825 0.052214479516157986 0.0317434454911538 0.016246643117696736 0.09259764936893271 0.07130501997778943 0.1002619557918898 0.026737108711170306 0.0528822677860087 0.019212174462748664
90 0.06416671786220136 0.05666702750615735 0.08387438114249136 0.018007334404268438 0.08776505742499623 0.06169785267410403 0.06303016150252103 0.031259684738484936 0.10152921517223984 0.07391259125729832 0.06774761914544178 0.06827715660987058 0.059992101191717766 0.04360142264941358 0.0057640409912750245 0.008168423548413257 0.017400603836111354 0.047780563020658695 0.027759346911483015 0.01159869841085191
91 0.09012472006876408 0.08930225028096368 0.09249282279484919 0.047748618417297266 0.04659509961015526 0.056548127792998566 0.054533209973182416 0.08929916992930949 0.020039736716296948 0.041390720359835 0.022960913665871035 0.028469815860248524 0.008098936981103422 0.04222717397135375 0.008623365824683708 0.022067086005015127 0.06527904128992243 0.07478090267808642 0.0720395840152586 0.02737870376480479
92 0.027477630710403975 0.05748932730601762 0.0273249931445616 0.06485137080178907 0.1077734390054262 0.01806355626723756 0.0899298676993682 0.0005353013896993674 0.01757420682492523 0.020771379393894784 0.09724709050274156 0.08885534947805494 0.07495328145499298 0.040916684696027224 0.023517015897726628 0.04351888403366088 0.04857700157420953 0.08350779203726 0.019415359512492517 0.047700468269510014
93 0.08493419568423698 0.018546254104355616 0.05016326889889347 0.08518115999813199 0.02103977290884837 0.06449952791284781 0.041870958413328566 0.023123595060364148 0.07495468800389153 0.008130319694847976 0.07777137271712373 0.05358006759325294 0.04800701758717324 0.07440695439135059 0.07699164706200252 0.0819694016919583 0.02538787874020331 0.03320680938220583 0.017646242031748572 0.038588868123234525
94 0.023086283304893235 0.017233387591159895 0.03532018014836547 0.05150421920295609 0.09124895818621111 0.00324005463449803 0.025913689842496375 0.09447319078436674 0.05809120868701993 0.10670033258342791 0.046610755168627 0.021630752893837746 0.01919245668749975 0.09193797170600448 0.003110748612472474 0.07876742745507995 0.0420212575035736 0.05084443496861501 0.06510313090915903 0.07396955912973613
95 0.0378537850104587 0.014940943654410543 0.003320356375330618 0.11361791998426184 0.05891799876842919 0.0032286830255081563 0.07157930951845398 0.017531410538968454 0.10123091441182372 0.0336025755442993 0.125819735641142 0.02622957211367169 0.018490781964520735 0.08661666308618242 0.054920542367647505 0.0037311773820280112 0.0634534714306747 0.09270803583951868 0.06419889535910316 0.008007227983566529
96 0.058846540985701336 0.03680445580942797 0.026366339523809755 0.07161273267758873 0.044775649756988604 0.04624429063992843 0.0776430697731457 0.03599719155601771 0.06776380400791919 0.012366342264870359 0.06393923832191513 0.05955605376723893 0.047841976194911824 0.030443459636813462 0.05828124245198514 0.05290488098307405 0.03350946308401127 0.053474172369701305 0.053026297485987854 0.06860279870896316
