0 0.04793372970535273 0.0868200511471387 0.004552360877900584 0.0939462181612944 0.02985883869533984 0.001840556269038923 0.07701648930909082 0.024884701312985133 0.032457768886611074 0.06055209700776539 0.03812802441002568 0.027665895920356686 0.0934737729314371 0.035382959092243114 0.0915440753799468 0.07924897239992632 0.0216266807792268 0.0442496376787511 0.018541812156386388 0.09027535787918257
1 0.02720735665916645 0.06733784065069064 0.09297211938511235 0.09158012428952114 0.023492745514148084 0.01495483847846028 0.08538024260356838 0.012167070543355026 0.028603883218216594 0.08754142809382488 0.008442922662085376 0.021410361622333493 0.00864655943766059 0.09169592902043505 0.018383400569052598 0.05968228962715893 0.04375671863837673 0.057583741566512935 0.06675877745970539 0.09240164996061512
2 0.0362362165601158 0.09591523921449194 7.14136869062628e-05 0.04667292543734686 0.03069605251598358 0.11589132939709243 0.14899755864693678 0.03097976677270426 0.0048187721340265085 0.0872338563657459 0.02168022758972473 0.07343617467331406 0.0329110810847038 0.06107109162719151 0.05651751310336637 0.04614211338501686 0.005939707972635812 0.005294663484708108 0.07461692246710132 0.02487737388088713
3 0.046729208765562746 0.012660299368703616 0.10661572022678127 0.016579234293929854 0.03984241140572925 0.006084720345332886 0.08204627718833073 0.0015266184649300571 0.038418612444181315 0.003072096511748321 0.04794827349881957 0.0869179845882279 0.08625168311201496 0.10132427415896753 0.10527115570846744 0.06317012012117885 0.0070082094558748505 0.08314070835068073 0.04656020110753907 0.018832190882998933
4 0.0871439616746791 0.08132346831354287 0.08415076850920276 0.05575915638470609 0.003052387861830466 0.022717078371235357 0.07385663247859435 0.05058523512224564 0.02681624048561488 0.01813973642621108 0.03518719393014109 0.08236035704064627 0.04571318689928481 0.04765313673433072 0.0927583880370486 0.08138675407502045 0.017041410811733635 0.02957127346259961 0.015753332061192934 0.04903030132013928
5 0.043659879896055374 0.07029207837741831 0.05043186483727952 0.007968294469063771 0.07236915604020146 0.04213815937034949 0.07164110533666804 0.022446810963256614 0.07445895574012323 0.0438872658016042 0.020613918164516732 0.035634732721642214 0.059237617787701174 0.07010520255742754 0.08006712084172347 0.03250497055890752 0.07720969869763787 0.06014366395967561 0.052315970199213496 0.012873533679534312
6 0.018122945512414987 0.024704802982553217 0.06495445860836065 0.09723918473807633 0.025413066631281327 0.056383913326891175 0.06326464313593921 0.037343768936222224 0.05200433530174371 0.033581836508299164 0.06154928120738318 0.10832295774277463 0.05878616447804342 0.06743462583352645 0.023814544367535526 0.09697177880737326 0.03685488668677783 0.0694034405821996 0.0016807197392047528 0.002168644873399195
7 0.041339571189195 0.08918956487982549 0.09477930169914163 0.03497898547363592 0.04075019556742019 0.0833056853958651 0.09688981446500383 0.046474249016519836 0.05193352443500011 0.0484938501709922 0.04786471163533035 0.027226707554853968 0.0158295023094817 0.031019697525884304 0.024813426335906212 0.07539773224758536 0.07220188594278636 0.02408642929674306 0.00924438384677942 0.044180781012050016
8 0.07060774358421441 0.053383420715357253 0.03730631258674466 0.010024649878282992 0.08147550660163647 0.06288273508561824 0.05484424962093678 0.050178248341981056 0.053273756215016385 0.02144911759830501 0.09319022889648775 0.0810849982451475 0.06597628577100527 0.02031494792270302 0.03099730820296901 0.0453515772438908 0.057695500812789756 0.037515599132908056 0.06672657036192686 0.005721243182078463
9 0.06735516461751376 0.07414242441602988 0.03464303600051732 0.0801182736715411 0.0771406206606506 0.04573938845983563 0.050399760005207524 0.06866984291676123 0.08220170086162167 0.057420602621547336 0.0644667596599921 0.0052568784354889335 0.06739662097452052 0.08734088175324548 0.04280307946822306 0.009375668910152178 0.03290202926898257 0.00791445176517593 0.03816619048242951 0.00654662505056353
10 0.07973355605473673 0.013717884783693122 0.08699481080036221 0.08212456479273458 0.002482812076927592 0.09083909834480927 0.023954964539111077 0.023538819958602047 0.05142064694079053 0.0806117490357436 0.09000621745235676 0.021072772217882018 0.020073481585750466 0.09419297691667028 0.06586898557605836 0.010188537382128365 0.04313519378080098 0.048072461222122706 0.057671349939586586 0.014299116599132673
11 0.07366775251194357 0.07699263327143599 0.01967175546421094 0.01928496397149735 0.0728717346159001 0.0026489210286017757 0.090364508986787 0.08429571839395888 0.061894871746885564 0.04466706533745181 0.030959421574144278 0.05012674618350048 0.06348430119505741 0.005218723975432532 0.012318588051764275 0.07085095101148323 0.08141741102611494 0.036765575128984665 0.020942351947676456 0.08155600457716866
12 0.048069660526516636 0.015035851800467456 0.05679840880588 0.007134352512061871 0.04865963277093407 0.06584118312322419 0.07166373193944882 0.030060815440045803 0.07673176970068878 0.1103159987867014 0.0932299282854582 0.10176644160937125 0.006996226295690362 0.05607921227423321 0.02225286466224778 0.027029195012260157 0.02536925262002068 0.04110545108180644 0.023089091707325385 0.07277093104561762
13 0.06445242540133446 0.056270668174133134 0.05406078940905362 0.003959676442056416 0.03841961771442453 0.0850806110983614 0.05423913931628334 0.03725613689377586 0.08021239994546069 0.06680623385342284 0.032308015539365166 0.05014809559694921 0.012845197428595268 0.0492769702750936 0.009365901834089847 0.08243010857098154 0.07989723822963828 0.05634445476512372 0.014421407325390656 0.07220491218646641
14 0.09438113171092441 0.0185374759660131 0.07407772627710284 0.0893386018168554 0.019011105176635693 0.06806821140788823 0.0016518649718298241 0.09693988482153029 0.04453993983722483 0.030641599507372393 0.04229727282208277 0.06436885030198668 0.03190627528541787 0.07866050638669658 0.05294951587979645 0.0270570440845525 0.004835137028415701 0.04391997678007099 0.012071024502155886 0.10474685543544753
15 0.0008509811204338469 0.1253678644449776 0.019321827535820374 0.02077108483158053 0.08724145456237836 0.03798573787722984 0.058355481272312715 0.013062721312027976 0.08084903125322335 0.047180103894530485 0.013877851214735806 0.009452030049126193 0.11359855903434815 0.01600116365116243 0.044331262315694495 0.07654156795591814 0.020557995450724828 0.0743577607465495 0.03357644616072048 0.10671907531650479
16 0.060992171589873696 0.062360603091141144 0.05980197290644568 0.001603521121125624 0.019532580196041798 0.04728452427931128 0.051110912427976295 0.0055370869674786155 0.061876650671417385 0.036956263672637435 0.002408876022776003 0.06462211698679907 0.0712825152157502 0.07377282620824359 0.06568027070163344 0.06904879713472041 0.07450579681695388 0.07135647408440444 0.0399753371344435 0.06029070277082643
17 0.0498182354694964 0.061453986754734166 0.05701373705967213 0.059629518222911626 0.002692430637335977 0.04669879049717694 0.08692071327281292 0.0036942016186316687 0.014722915379241936 0.03532682035229962 0.07825810189167826 0.05904142999070899 0.06671585674550903 0.04793107593311511 0.08705213334021045 0.06508391032514704 0.06217867134778931 0.04115672634620647 0.04354853632772152 0.031062208487600454
18 0.058903884444607965 0.09831521370242974 0.026691680692018376 0.02280385102890187 0.039133539211661204 0.09094418436378271 0.015202724837820952 0.00619962941681639 0.04115602447556552 0.037619857449996436 0.045652564502244135 0.014278037504954896 0.007436757326775319 0.03155819943783169 0.10268394449632309 0.07956817341297526 0.08902795394923109 0.04741123546408798 0.05172043138939764 0.09369211289257773
19 0.04943518480380058 0.0031507880700692254 0.033863635594832804 0.04025259281326904 0.04811663203302684 0.08512299763773414 0.016047498418236245 0.09608952699733843 0.06549383330328652 0.05851057940426676 0.09559199438009343 0.01181779766261846 0.06891949800107015 0.04793076549662257 0.08626576568778141 0.0474638190577957 0.045277965471355375 0.02862344547264492 0.04777043085644001 0.0242552488377172
20 0.10155773042382227 0.03232348961698812 0.03923806421160892 0.0502119074582975 0.006193473281781026 0.050851165694456565 0.06470553769066323 0.019980693443354552 0.08364029379411328 0.07112837058925936 0.006672318933359375 0.09698795665782392 0.09629207538731678 0.029603262593604067 0.01701863897322633 0.0015630336072112797 0.08650239828973438 0.02575494276985316 0.08891281945061935 0.03086182713290643
21 0.10678146315268731 0.01024918218430374 0.068752401726277 0.10878254887556453 0.019401503421710282 0.030851297618879333 0.049515021153597315 0.028230154780473544 0.08030163212776163 0.06210208725265385 0.06568482914130772 0.051788308610491315 0.016387421006529432 0.027977683423561904 0.11390377871708271 0.025972110660509484 0.04306733271147805 0.05719220862742325 0.017318994520581766 0.015740040287125667
22 0.07093414108659979 0.045846384672312696 0.052439934636316424 0.09309102735952238 0.03396262177186364 0.01751883077231018 0.03777259698985075 0.09140335371493188 0.044132471200559846 0.03358985369949743 0.05697748064308388 0.0022004124980739485 0.04884749627739957 0.029956513362066933 0.018025582229455918 0.1032552461885618 0.12238151223806265 0.01976947958905108 0.011717418331293543 0.06617764273918585
23 0.04254855841122262 0.042343625745501864 0.05750238765181713 0.03374075742291351 0.05148339304325621 0.07474323130405483 0.06558790746754163 0.07307975490299214 0.020654582021450287 0.028142391708697975 0.025918902765007443 0.06897370974805465 0.025509183752852847 0.060114202234542 0.045286159380198 0.06383887696632974 0.060849437178301574 0.044677271501371324 0.04440901356310059 0.07059665323079334
24 0.016278434576883168 0.001431222539228063 0.10059811731545024 0.002021980765010736 0.0631891394237419 0.05902218896991791 0.10575028644944617 0.056315479448613266 0.115952546647684 0.032198270200271516 0.03774192168503189 0.03560425729217401 0.0231476152578543 0.029323446454904818 0.05783812089795392 0.08616808622628855 0.061583171876672047 0.04947807580915555 0.005689785152278929 0.060667853011439045
25 0.023762734022286444 0.02223888022673498 0.03259705967826379 0.05837967484875517 0.01710372782379975 0.034090431333833514 0.04592726686241245 0.09164359300607818 0.05905262986180285 0.02024614225004771 0.06895252713852855 0.09186225052680357 0.09406563455432483 0.08167361925737444 0.04381942125531262 0.08491098366827463 0.027912916424290612 0.0034052302761220523 0.032419098777433895 0.06593617820752003
26 0.0007754940420958022 0.06415002918913926 0.11519756891167056 0.0418885387766946 0.025491925410196563 0.04393190757344636 0.023611740156078174 0.008130723484685706 0.08371285653211111 0.08559638257223527 0.06637510998211248 0.0614939920319127 0.06802389939170861 0.026919090093319564 0.09309498142049709 0.004966538041520061 0.05816417686973112 0.03923177286372488 0.06464565997215178 0.024597612684968333
27 0.11247687882418601 0.07166081616461063 0.008998766355885422 0.04722566991221722 0.09595153991605726 0.05871503775454329 0.045581097479153766 0.0534881468821812 0.03562090297778388 0.0014994346029635537 0.07163896280396301 0.02403819517221718 0.041354045843518934 0.015256328186126485 0.060330136067945274 0.10471461772123943 0.015547053407928654 0.01767467599794623 0.006971866649274603 0.11125582728025794
28 0.003731395419131077 0.05566774754006409 0.04045093343323997 0.039237891834620356 0.08515747748674095 0.002257759379529562 0.03798806769825143 0.0895231493189577 0.034347114967586245 0.05139810722832827 0.08319087347212456 0.0021177738046594483 0.07664791038542026 0.04536087318015451 0.06117970727036168 0.05044884895573668 0.03599915335313286 0.0823992403025279 0.068155464475406 0.05474051049402624
29 0.01741297290889259 0.07287691343592866 0.01975691598856921 0.04104073133516168 0.05064441674080116 0.07598633181310402 0.046240001785343626 0.036400954161908264 0.024769573366797817 0.04777489821895204 0.08056066915243029 0.0581597273504784 0.015509348042433656 0.08487270866474107 0.010740460013129647 0.04259031930371827 0.06280754350246202 0.10362036440039907 0.057158530580277075 0.0510766192344712
30 0.051721871416935475 0.06990299667311005 0.055028249349947524 0.0645355521686758 0.08937811945001148 0.06114253581907714 0.08652152505800026 0.011473841843278345 0.023924073307236556 0.07796578075302908 0.04184040715281473 0.021122117733508076 0.022446483569441126 0.05757331571809578 0.013904368038368243 0.05243559204309969 0.02554224003341078 0.05490328390125599 0.05525622957896191 0.06338141639174195
31 0.04669629647840577 0.08288714593402216 0.0850961492251622 0.025408986394274868 0.009928242666762668 0.08018478073481539 0.06796326965899142 0.049790239237338725 0.05774210316612942 0.03922520683164817 0.08214253161614105 0.03685801827777838 0.023880490602676087 0.04316363185931052 0.07083594771126862 0.03675650711502192 0.08785272275342255 0.04812654949563878 0.004097755303302069 0.021363424937888956
32 0.04118873744249489 0.06391830389013359 0.0050236677499159305 0.12195142549670683 0.03773744679365201 0.08184943930993906 0.01566907724718306 0.06696768717563528 0.058472472357462356 0.0006370939262705039 0.0644027185235301 0.010650606024460468 0.07112093672631997 0.045386380338873246 0.07229637752816245 0.05653746033227889 0.03820077431530465 0.07383344086733341 0.0415569386583677 0.032599015295975614
33 0.07876480858098654 0.0022175579669551685 0.08541154976142594 0.08901130576912503 0.0871980047054679 0.038401153855612026 0.0072493173907622905 0.06685751685958516 0.02303072239985269 0.09129927146561918 0.016294139946140204 0.08584445276270654 0.07723055828769491 0.0915546939901301 0.03572682381787148 0.06055325254707254 0.007667358374206942 0.028580334940058315 0.008858381394034881 0.018248795184692492
34 0.08933460716696283 0.09041797688663455 0.010357311643946621 0.032458715410970645 0.00015210275848805696 0.05159568002288356 0.0013969344296416877 0.06576619560296346 0.06942652155176285 0.06765802554467555 0.03586723004745594 0.007753749170435015 0.07744333500099128 0.05102324870008766 0.06390945351744343 0.09197072961169685 0.0640897079070596 0.007878373957486062 0.08581943954824399 0.03568066152017047
35 0.07848394801187229 0.08318509193449104 0.04442307567906395 0.0804133800427703 0.0029723001391022555 0.0819437447623247 0.08109562851935846 0.05414708240356704 0.05444418580333989 0.0010753164257805718 0.03340441065745823 0.06316851968486283 0.05646713699329163 0.02493681309392202 0.013042156969882122 0.022544587704516384 0.07683784808464124 0.0529893454798417 0.028369268307224065 0.06605615930268961
36 0.030546687744498136 0.01457107056300844 0.06046718834941624 0.008922237009115281 0.04370055926090149 0.03923058572394238 0.04783698713968394 0.03820892191263714 0.01013650272776014 0.09474473541798457 0.011284517821756422 0.08960397822935434 0.02172202140755809 0.1009830450464971 0.0441447763915701 0.06686251915118792 0.06801328626340031 0.08089825820205453 0.06299863296764 0.06512348867003341
37 0.018475150865323454 0.06916053343483793 0.03785900918001489 0.07365650387395488 0.050201197239150605 0.05339894328767148 0.04974192674124386 0.022753852971190598 0.06238281001544064 0.027712496604271927 0.07062491499863086 0.06620533216882438 0.06433022741810121 0.01686055423453813 0.0474823403343699 0.0578358658653945 0.06579020757037647 0.03292912810122976 0.06905673329566464 0.043542271799769744
38 0.04536335557586026 0.014380126082028034 0.04291833325305282 0.04244011062531901 0.09458254057156944 0.01737080408175347 0.060475315768589555 0.04824081916071177 0.08681734906486845 0.0867167085744101 0.025879926131188388 0.08915875949391103 0.043157809765250306 0.05554374125710236 0.07177418477028563 0.0187677895099178 0.0163547603028126 0.02306108947774586 0.06700121806326663 0.04999525847035657
39 0.05314372031343194 0.07859064587219121 0.043436997630235355 0.05354460743951424 0.0566064217748022 0.05086254520724387 0.051907731647750685 0.08190371200362909 0.059270999221358055 0.07748919970730658 0.02453566365772487 0.04888571167888105 0.01528435326406231 0.038715494192378824 0.041279055781595096 0.03436988865691413 0.061793432469927266 0.002270616988137461 0.077421868529773 0.0486873339631427
40 0.0789559804627818 0.11586524263404145 0.03390064077609304 0.06739234610244482 0.018659190691320517 0.0008424593861581511 0.09482693928755886 0.02312410447744317 0.019157553249992274 0.06015335965991038 0.0638488733496588 0.0877334364566153 0.09183534613413925 0.004933771905858868 0.06099487598809758 0.05211085291906104 0.007298634850216618 0.07110884593485331 0.039694225155820266 0.007563320577934617
41 0.00688295527143246 0.10119720688167218 0.004331997964941471 0.06372465154783685 0.012403723835923076 0.08116528279365386 0.024875526438991807 0.034529905315123004 0.01818515089320968 0.08680262669561122 0.07133815796104723 0.07448759829464421 0.014189403434991171 0.03264727128982329 0.10315215076737552 0.04978586485208865 0.00519973738126798 0.049472035590477255 0.07219958672278176 0.09342916606710747
42 0.07789320159524052 0.011051399767805689 0.05046409111644735 0.062307142605123184 0.07115894051646691 0.06594425547395369 0.0027856040883736943 0.04386083673339516 0.050472508300167265 0.06271874038899217 0.0011173902533384331 0.08246908622170915 0.07589077343317513 0.08320099942230358 0.056905760569286326 0.0582611800008592 0.0022305191188103156 0.04109132749803547 0.029436147923479233 0.07074009497303772
43 0.07522418219733962 0.05030434730295728 0.044091955509789046 0.023707486484392255 0.06245355065057464 0.013253881229177401 0.06468918440307515 0.03463930813578957 0.05931005160988318 0.07274510742031401 0.004241144671513751 0.044163056930183256 0.039384821530394576 0.0810091319618547 0.04309844374070855 0.018591676675127525 0.03115815607471984 0.0814376039100411 0.07824679966215486 0.07825010990000959
44 0.05344172859605177 0.05261607254649179 0.008056274625506957 0.00509528397926603 0.07788571507014411 0.04119781405041681 0.02783622741195774 0.030874272113268986 0.09867198996448771 0.0015673259887745618 0.03583866780118189 0.08213595857805354 0.02961871971984873 0.10370813697939724 0.0340833124531483 0.08212579520000117 0.03297870218853523 0.09589336451213003 0.054319545460536384 0.05205509276080104
45 0.10538708392906015 0.02290560083785774 0.020417780607982796 0.10428491302613463 0.02608350882460301 0.020925056876251198 0.03482933998282915 0.00209630005784442 0.07542487755565477 0.045064437278595444 0.06861531710083496 0.008380854855881456 0.06548899396164917 0.08057094612541099 0.05761619970072898 0.09436594141897758 0.05590494426761859 0.0022932155938426473 0.06405593726875129 0.04528875072949104
46 0.04393826536995425 0.039328687527337904 0.06498618158938817 0.03935531930512437 0.05042801962656624 0.026821286063367367 0.07312217683727266 0.008113564365556306 0.07441616355421439 0.05540941189444489 0.025972931918713072 0.06297525442771407 0.050991395001674725 0.06901279693662868 0.04985684705130781 0.05351721182563358 0.04766400705680793 0.07734489867911419 0.03765201937598624 0.04909356159319318
47 0.01580173865776593 0.0017567386173613971 0.03442950251909265 0.08603772600765401 0.03672384571519613 0.0860518235913729 0.01689570251448479 0.04899840536656524 0.05440504405517256 0.07396014456086869 0.05521648201438083 0.022624224609904098 0.040952387927183316 0.07713294716949744 0.05930721318095414 0.08383545189157855 0.07274128097562757 0.07025521736578932 0.027111100503447404 0.03576302275610323
48 0.04799466448336165 0.07924375699176917 0.026661657542087745 0.07458731122010896 0.06267027001000493 0.06251759038460018 0.06378917442761577 0.06231871695227282 0.08321094867477934 0.036080319604590606 0.0026756007776614207 0.018678783539461424 0.054793313817105976 0.07091473918861524 0.08111139929376968 0.012806014959643734 0.07899262498271034 0.05400070322979987 0.025840648462073398 0.0011117614579676189
49 0.09066378314379447 0.08065948987286357 0.07777156762022708 0.061755097266030755 0.07520998430636208 0.014013167352791804 0.02217648999754845 0.003174373859581325 0.0075300930963720265 0.027295067889804712 0.046775174577998596 0.05755514381696415 0.015308823790821779 0.01817258695638915 0.04477049513246876 0.08254863770008894 0.0032348923958912474 0.10096478440835062 0.07843330927749723 0.09198703753815318
50 0.047416820056022206 0.07211017381481635 0.04406460109222061 0.0725893331157148 0.001882508167912641 0.05928556202125241 0.07142917514095427 0.06154354372434622 0.05653797932595005 0.012152657110057119 0.03055236911453778 0.05377462163596472 0.042247420833345095 0.0727325432585423 0.06554953477351562 0.03787627789814328 0.05702330148969886 0.06851610915427388 0.017721769257312794 0.054993699015418944
51 0.015132140129813721 0.05715349549461183 0.05905956503405187 0.06111037911188045 0.06523532693706495 0.04761395359912356 0.04544798284110585 0.0152436035788347 0.0785244310984844 0.023315320437064108 0.07696514045805584 0.03240257129777673 0.0667947134752444 0.03587195651342316 0.08176244106431262 0.02234110495098603 0.058019252455195826 0.0020799549600951537 0.06880135051544935 0.08712531604742538
52 0.08681245237952474 0.08788467401252584 0.06551742055327972 0.060229853352427205 0.042723139821368515 0.03519159468041058 0.019387820533712113 0.0019157139395290306 0.05077805345250498 0.054188192339819724 0.07387447798988396 0.026015577017952717 0.04569574439764191 0.033269236850916595 0.04750636476415145 0.062020346550778975 0.04633973440813236 0.04581385802359428 0.030040556467929268 0.0847951884639159
53 0.05030932111136245 0.01439427299571517 0.015567954737025791 0.08568488850928464 0.006345353272973328 0.08450230853334548 0.03657853837422167 0.08411619129250507 0.08734031435301731 0.02239990748806538 0.043016741373695384 0.08081396336082278 0.03214318937191758 0.04554899731010315 0.07732804064368619 0.05038646564392076 0.027736845353862647 0.05967980913306245 0.07528704430956012 0.020819852831852646
54 0.0727715556613769 0.062699741479755 0.013359162156885242 0.04385404644014901 0.019768994912650724 0.04249508239003565 0.012637535321377857 0.09664808741890042 0.0803453343196079 0.0286886691700472 0.08963495863279608 0.026543650003653305 0.09465087843258349 0.0998103759051204 0.060676867048135415 0.06354594820239252 0.04589162110813838 0.01907996738989886 0.0022328182628136763 0.02466470574368201
55 0.020350752375864364 0.0804334155943237 0.05352817792168985 0.03240278531777628 0.09041381482291784 0.05400694023317764 0.07354510593380222 0.06030353317952207 0.014729803705051127 0.08015713826999678 0.06521619314937849 0.013974941363492905 0.005766943549704112 0.06090333268664659 0.07515527587762168 0.013046786074515987 0.09170750112616867 0.06451010219733604 0.03650362157049195 0.013343835050521943
56 0.09122122239986358 0.014459847950035845 0.03392001670076696 0.057513235012208924 0.024721362788493035 0.042151585087166196 0.07803021440786964 0.07421752829296398 0.0015751638856953618 0.06922778021021683 0.06295690417104122 0.06445476312393185 0.05935334406587477 0.04626484615497427 0.0804157401383718 0.07281697539065132 0.002441353244522829 0.08790122802659628 0.02483039606831984 0.011526492880435345
57 0.02036245239432719 0.09063670593809722 0.010212274102834418 0.012627128321419585 0.02523235970992827 0.0934696894008623 0.09392758798967242 0.027025387604617597 0.06145453538326777 0.0618801364813795 0.017733194011203608 0.010024086237985888 0.042182758458379856 0.036261964269860864 0.07812077197487048 0.0008588525404451498 0.02055122214288118 0.09112586643666039 0.10863701995658238 0.09767600664472399
58 0.06354835096352375 0.05000991907597949 0.020338270615660032 0.017598794486749485 0.08739040650047407 0.03817986622474745 0.0911450407569228 0.07047286806237348 0.06022065177490919 0.0818856769443909 0.047427383768293856 0.04081054519323675 0.04602923381533904 0.046542223622592103 0.004501435422069869 0.0635531674509819 0.02717322623666712 0.03730144950844854 0.07033053462828091 0.03554095494835921
59 0.042309602434485456 0.030363398278335302 0.027874057020041757 0.030445584960365826 0.08257978008946326 0.06972692601281062 0.0700543087114616 0.00830926122860819 0.05869058982737056 0.04509991215194584 0.03514306525502007 0.04009075189254915 0.06094306824945105 0.03868683004560891 0.04186740030125721 0.06650687249647212 0.04540335311660334 0.052658819257333775 0.08366948363064597 0.06957693504017004
60 0.10479260322641713 0.034190061281681984 0.06453025643509 0.006472300933584135 0.06697443332572157 0.05043032123549463 0.08465163470007324 0.0144836996297979 0.011534095839941541 0.09099995243390775 0.03371071398695572 0.07852060771004225 0.0891967124131159 0.06191968087111626 0.04592996745719398 0.049041417627565594 0.012171318099837042 0.07667642510655623 0.010166229355175683 0.013607568330731738
61 0.03605123503699333 0.1023322339318296 0.02323586005134973 0.07639513467477554 0.006198499077388754 0.07804551262659139 0.002345851231711168 0.05951217050235475 0.04379588813030447 0.07240732403500111 0.02836443086009706 0.05340611013539258 0.08819140475463254 0.07991158657726091 0.09470610430496097 0.047421343685243596 0.06828352374526715 0.011243487064176615 0.002626800651094498 0.025525498923574183
62 0.020749397850548197 0.005746484905096004 0.014280318828342877 0.031185627703142444 0.029918539654114423 0.09824447762314846 0.0043979474936707225 0.06485937757852352 0.05246140204940359 0.10620246712673873 0.050121899411977346 0.07458089410115577 0.006427510426284425 0.038243387460797675 0.05983077538539148 0.05643194822224668 0.11486004088685348 0.08821017278260251 0.07823696688619268 0.005010363623768989
63 0.07977192960897357 0.03288618012331374 0.037489566028682975 0.04742055126235681 0.028066905011147815 0.060986646740637925 0.08718942355064091 0.03257116156001568 0.024954193435960344 0.04374224462804297 0.03369399612431619 0.09103633084591249 0.030503359220621418 0.1049603381169309 0.06328178528135106 0.07836777870402789 0.08482019525715957 0.028332912219459896 0.0005343338734769018 0.00939016840697099
64 0.051949191171133724 0.09294246996942471 0.001660986532059931 0.011477064729549182 0.09136817703000591 0.06677428748248071 0.07889174740529044 0.0405159387259102 0.0721631071817509 0.0662186226295636 0.017158981849400925 0.09248192797963731 0.024654771253329367 0.03046982908071439 0.010729195454833241 0.09471122759300167 0.08031120392948697 0.020733961568718224 0.01469171613875129 0.040095592294957405
65 0.05088453530118212 0.09347260349444934 0.04684409626660583 0.06645664953352791 0.03936106929243194 0.11052956447112892 0.05500508189748801 0.006065073409664231 0.09920660431399922 0.008786603597362233 0.09400736625088989 0.017381603149165096 0.06516160454883033 0.033439050865335204 0.0227163303134304 0.10453977557597081 0.011457267093422221 0.016940557177990846 0.03450209559295865 0.023242467854167025
66 0.07051431031576567 0.04066571760560954 0.02904782507714406 0.03956447106770009 0.055020444122272964 0.09472329364081533 0.06484632990979358 0.056504172203199615 0.03375586752222313 0.0030956745352825584 0.00855060389336167 0.07145612507168668 0.05618201583025072 0.04511828976608876 0.07922631186293193 0.025669260803592463 0.08186723246027332 0.02396760254556128 0.06479309094550874 0.05543136082093798
67 0.011257665071338937 0.03788306354429712 0.08115247405494556 0.057985096336703686 0.06698891421394 0.04615194571371481 0.07343773354107429 0.04456656798344043 0.06082845800929387 0.06005510216814168 0.05002283700058024 0.07817320956371918 0.06717588586420861 0.02847895109442544 0.0007815805084871118 0.03516957220773253 0.04138107743801422 0.0780799707313097 0.05142694433891501 0.029002950615717674
68 0.05710374115791252 0.04112041355426772 0.06165004953463388 0.06439852993673713 0.05504766546708333 0.05474075654892363 0.07477334318557621 0.06299599271018241 0.03201226537627904 0.022750814761898015 0.056767543973249075 0.023983520944146658 0.030713406951372826 0.05260169024564494 0.015306624479885369 0.035225472445527595 0.07241807919504142 0.050004368051395874 0.07298203277420423 0.06340368870603783
69 0.0594765373894148 0.04226489423380443 0.08103593045292602 0.06044150805407011 0.07103416735029028 0.07085981861226336 0.024416988447455115 0.06835231725840148 0.02171135621909911 0.0007421552435626647 0.03382356666174732 0.013538342750560836 0.014706806047876407 0.028260770856683454 0.08962691897031175 0.04241156727345563 0.08121973596216553 0.09476965276614754 0.014839535100389635 0.08646743034937446
70 0.006002716241943894 0.014152188513918706 0.09831939710946253 0.01576119726036816 0.0753014410200366 0.06202888255994799 0.037461855962402084 0.0010904313191173014 0.011682145281625745 0.04625444416956898 0.032462760777235915 0.11038431056092947 0.00027657563648298794 0.11407039354026041 0.1146297551221152 0.005693441748745482 0.10853166999260712 0.015372608257147572 0.043446851558792715 0.08707693336729115
71 0.00818056573960881 0.07957469416044974 0.033682665886917935 0.0743129128145596 0.03516785683205749 0.03159686749494257 0.07352069132887037 0.01745431542695902 0.08006777044316331 0.08258996325190038 0.05506150113750935 0.062142995554277346 0.01052349931449386 0.04172093485483772 0.0417171760759032 0.08161540475597376 0.009864494545965798 0.055689457570871626 0.045614667299618133 0.07990156551111999
72 0.06443330917308202 0.03574004210310022 0.08346502314961406 0.020863789464964484 0.09581157683919843 0.07598048179076361 0.06602221148756308 0.06445835467403305 0.007304027770562721 0.021363362832980713 0.07909304911615084 0.046524164790567306 0.09355276146002478 0.08682356838015057 0.022514920518959813 0.023495042286738228 0.045780930325869086 0.021384561513847395 0.044497047725194194 0.0008917745966351996
73 0.0933162297678283 0.0283354262873819 0.026990924196798032 0.07397475340389831 0.03573753031360875 0.08817945956881551 0.018077076837698797 0.011339031353823203 0.08630338120524143 0.04939190765213168 0.052378383419417335 0.0007956349354684569 0.024513629920881762 0.08820290907385843 0.0677822959286451 0.05526951678903805 0.04646934173688607 0.06960818755157586 0.07555705899407318 0.007777321062930154
74 0.06386393131207052 0.08342543615449682 0.022438334075382163 0.05366003048570357 0.024621793920138687 0.057710708655369806 0.03709072539358711 0.06696947998858302 0.05908750331870734 0.07639385452246855 0.08073382357943946 0.033536243311043344 0.02992663244706883 0.019746765715064604 0.003794541874630772 0.03756610973587529 0.08757338799380246 0.06603566921850568 0.04859746483147412 0.04722756346658785
75 0.07060559982819034 0.0065254141703432866 0.07321124310925828 0.04180778230679664 0.004806291883308584 0.04674978556269761 0.011374226202343409 0.0008165570943150976 0.09213545515861585 0.06316757024900946 0.043729635363489186 0.011846671319193041 0.06027976731000608 0.1180332524803881 0.11323827989708331 0.06785972080809206 0.020621372542140394 0.04742570200640595 0.09636408535597106 0.009401587352352055
76 0.03388461051494586 0.059602667997847567 0.029086851379590547 0.07851999755256935 0.0006477874448143187 0.071526090297705 0.041306976847332304 0.08225515139619327 0.049277540986193684 0.07866257495004458 0.035423903957078666 0.048661739549084065 0.08051943079919176 0.06147540518280826 0.06003267537669183 0.03527685839215724 0.010731197242934407 0.04788587228538967 0.04874541857042695 0.046477249277000685
77 0.026244286073887887 0.05208007639377408 0.03329186649482521 0.016184261755431032 0.09031425312874566 0.10238918752677027 0.05335468179606084 0.03446904280953344 0.06402729528275025 0.029864794411171805 0.041503940310317095 0.0793888273801362 0.06663736407551014 0.0003076198692792402 0.004450924907427014 0.07071176368280406 0.06740606547415827 0.052748297416347914 0.027315921617261377 0.08730952959380828
78 0.08099784520371128 0.11816470295263075 0.012420465824293962 0.048815048499828574 0.03797804253649414 0.09044417210290927 0.011812265537141322 0.024952561136805964 0.018879116254788494 0.13336005827555852 0.047314142924740385 0.01865023537097435 0.08819612628044349 0.026798367140498484 0.0070468823761029205 0.05198119958895742 0.01706113277605064 0.041370108973413346 0.0013101708496311476 0.12244735539502563
79 0.07373264756617351 0.05987547700930784 0.0725256904825527 0.030964804820792245 0.0775416204662188 0.06250812542082075 0.031879136361111726 0.026588562978947856 0.05942477460919553 0.09486786323542452 0.07093506107060754 0.015286480636475535 0.07638128541219714 0.048717979461305135 0.02276963029652135 0.0070391250386049814 0.07341153467755714 0.009604034083287557 0.07840824440515176 0.007537921967746367
80 0.008405167184569262 0.04111822905055013 0.0936801788867326 0.09368191827527032 0.0929160777296861 0.003859783880955014 0.10523148306145866 0.07222757317945988 0.06402280888863335 0.051261159629281954 0.014859939656138474 0.04969017958392308 0.03318810810757037 0.0336183860200527 0.01294778021749057 0.05225887396095835 0.026903936676094024 0.11804682653041536 0.0007676960207137147 0.031313893460046364
81 0.024031902293423855 0.09640179022917267 0.05055499339416086 0.025246334701516448 0.07913262769098174 0.07626581561459074 0.035949236957731716 0.005496411620384736 0.017369324889402248 0.05886828098982287 0.07659478865678572 0.06762063547560582 0.0336282732966643 0.10225478818138628 0.09510452372219187 0.04942218575978848 0.002602010914563755 0.07673878967190496 0.015058264239133933 0.01165902170078705
82 0.08226910161595986 0.07955369167361029 0.05057037919572019 0.04487093678418974 0.0988439156762522 0.06251194591444655 0.06971894348403343 0.00638197379923146 0.06110851581797058 0.027747263649937785 0.020557839969151472 0.020667322360991457 0.08031908011011982 0.006374818047603007 0.062426406996923305 0.048043544156222744 0.04593911438787738 0.04993985883431698 0.07965201518931023 0.0025033323361315593
83 0.10150369862509914 0.07734679434235096 0.07138312230822366 0.001923605028920931 0.05916588667255977 0.0031737838052068213 0.07067991451567562 0.01826343487032786 0.056259025274705644 0.015441475854745815 0.004220038382867424 0.08738163435024254 0.03442756432577513 0.09603925041989009 0.06277559301472821 0.04217662799688251 0.0033606117263842695 0.027225875567554857 0.07005461973581217 0.09719744318204632
84 0.08064124808490923 0.07089843430899877 0.0007818587085924098 0.002367434986834785 0.028111295007939296 0.06871307277880313 0.08310223763402749 0.047108974740235746 0.0480602575111231 0.047581996721323606 0.04408021280927993 0.009630766346914054 0.0385231218131472 0.05242621007157415 0.08507213768751538 0.02296337343669864 0.04176549583054896 0.07413247060983538 0.05486917006053576 0.09917023085116283
85 0.019081000766923893 0.04391206032293061 0.030679354159151757 0.08864770130843833 0.06201224565393512 0.08263004977204046 0.04528403746444214 0.03245232183024042 0.008212110257714778 0.09497262869337122 0.07110682601839363 0.01897558527012176 0.004481143186649047 0.03632261804399914 0.06744429624906134 0.04281311519295614 0.09386176160471593 0.05849557441351402 0.08924890222764117 0.009366667563758976
86 0.036186639966973244 0.09692195421990549 0.043251548458293355 0.008278401350248328 0.012712935967428986 0.012452185072056069 0.09694794195243829 0.09501217762008372 0.0657183381987195 0.0009790885624269185 0.027556480139907424 0.015111641095696925 0.08448532567005698 0.031845730341369616 0.05281242744212933 0.04389061967418749 0.062411827790626914 0.06540630245222404 0.05901706720751493 0.08900136681771231
87 0.09274585748600647 0.04082091696899678 0.04855751349096005 0.004823417335224236 0.061029060927499386 0.07234490453285308 0.038693181050135944 0.012826529493307216 0.044296852760607616 0.02177860952552082 0.060083023114564496 0.0533510088769316 0.05822511842039342 0.08089727838946505 0.014859251551408766 0.022964445758715223 0.052214321294153036 0.09625027464134382 0.03384305608884575 0.08939537829306701
88 0.04779293937311782 0.012495307771133462 0.07002722725367388 0.04547901235465484 0.04331355403763591 0.08418732688098027 0.06928614113241921 0.05374171005879188 0.07795270292914444 0.04910865348468716 0.07660763056930542 0.01361407314231129 0.012632218029119955 0.05607283209500698 0.0035963600589091387 0.08302146725947177 0.08345679393409955 0.0761617809967973 0.025992247493865517 0.015460021144874226
89 0.04125207501540471 0.0017364560041801909 0.06273702051171634 0.09266504571526102 0.036216572115438384 0.024717114658858997 0.07479432818687272 0.027600136153774473 0.09278262100917278 0.05620007426212234 0.07833466275859094 0.003923888565668536 0.08592128975614317 0.08240651561086891 0.06172914558999665 0.04676399702129036 0.025715055389277385 0.007166232369434063 0.01265069996451543 0.08468706934141258
90 0.00244853059910021 0.025918902760870263 0.07019675560024106 0.08053338702928405 0.0291314118033109 0.08720208004612892 0.006725528188205396 0.08067458539698984 0.04589934842059052 0.07291490967289484 0.07345137033551948 0.06507974629814416 0.09281876709417107 0.018495670038257073 0.0685430088436471 0.08858523393753685 0.024978576643236203 0.04570839196416533 0.013022334733349223 0.007671460594357382
91 0.02086647922981517 0.07911087578860859 0.08632196834304015 0.04349391791893697 0.03180762357515366 0.0022967738466984685 0.010829005049461568 0.06874890318234679 0.033440195527027636 0.09382102494867134 0.01642345328029477 0.05914974895024354 0.04404416634957066 0.09147052038465879 0.006616100915300691 0.06454575633263132 0.01862457702110766 0.08411455394325389 0.07135103544299834 0.07292331997017973
92 0.027324562226687537 0.0856547314620422 0.036857856219150685 0.04480389988832932 0.0709397916655775 0.04302113198476915 0.055448539122091994 0.05574061811113602 0.07724096955985094 0.034874418125251765 0.017215134827914116 0.04287320260931638 0.023402568462041234 0.07123063422271217 0.0322874388870895 0.005185881100258003 0.06736941218307625 0.057999164117530554 0.08693690588432104 0.06359313934085369
93 0.032967883360729124 0.025674230489644356 0.11570569410710851 0.009716490458456777 0.09213493885936304 0.001988755017310383 9.012811533782116e-05 0.021236173188460123 0.07231924613825824 0.10482756098917488 0.005628006221990292 0.011654871600032762 0.026339010771005103 0.02973758154339787 0.1140021587620854 0.03740977417763268 0.043558421192503714 0.06322208952574472 0.11077652508791744 0.08101046039384674
94 0.09635779239405769 0.03076342664972201 0.11124070671624152 0.025905931669726136 0.05391324795065999 0.004691579755736566 0.05016394828134853 0.05644397101998104 0.019064618372663013 0.030633862971730007 0.06597063569370076 0.028517842279154423 0.06513044840661565 0.003942452699297311 0.09808967575760506 0.06600574933520767 0.09421763838323394 0.012379450886463313 0.009673491087847527 0.0768935296890077
95 0.030294774639169447 0.013455284331190519 0.07359679599332139 0.04445820486878698 0.06691412553028046 0.008730736869925237 0.051861626301355754 0.06526701928894083 0.055899006541266415 0.028053534879950798 0.07702474694034715 0.07189805522829976 0.06028056020118436 0.00859672141986594 0.060227823031470264 0.059026470061863914 0.07045912559057617 0.02022760199725432 0.0576641518432236 0.07606363444172674
96 0.04936823621126252 0.09882423510664956 0.044190085175027566 0.07800370051436721 0.009239811158452307 0.023148573954319438 0.059130025705888066 0.027357739841227528 0.09912414608943088 0.04634671503460909 0.08061270257132744 0.05776164450718474 0.08407130563526687 0.021012219189602215 0.012052358993879577 0.022936773389441646 0.08954222042247657 0.08004598976955213 0.0020552258366387604 0.015176290893395937
