0 0.0026103839216090473 0.040876861130265105 0.05146725139278928 0.04889222862286462 0.004790482869313955 0.029936190432849164 0.04688181299929166 0.030649181896907508 0.08310477232371363 0.05368075631558794 0.10888454111015912 0.05252048446115964 0.03811476049663821 0.07774530567587223 0.1296847976214315 0.0427868406192295 0.06667754112084288 0.0023772587888368124 0.08231455304510887 0.00600399515552946
1 0.06845279510161327 0.016725508829414683 0.04631515015058252 0.057068244499801156 0.06475235291893795 0.0031682155698492206 0.06967495506392218 0.08036783249082197 0.048529253170918336 0.0929020918565649 0.05226111757055988 0.003933672902102238 0.07879834809073742 0.032922634073821455 0.004554493883704496 0.05029137070992223 0.0422042644914065 0.07425097785961365 0.08399627923005167 0.028830441535654245
2 0.08008423749906117 0.06126141947340073 0.026657453673731592 0.06687487750873225 0.06599714539097025 0.07472591199537812 0.015194630758010627 0.03372975558041557 0.03309352634560364 0.054000336202868565 0.07888761898888234 0.018331964097738337 0.035299074697700966 0.0607519313019495 0.038153335890904694 0.06592830918723765 0.04145119859171853 0.07115004107466609 0.0769334223383961 0.0014938094026331835
3 0.058411887276321836 0.07378939555868441 0.039946144391526314 0.04434780523326749 0.05245660694675281 0.07497923623116032 0.017578150991193676 0.06442141173593624 0.0315598830236774 0.04672666349095891 0.004834211165263746 0.026641786154221754 0.03567201179720313 0.06552893008697905 0.009472401373489646 0.0847163059642469 0.05592434557959001 0.07446561266821132 0.061770879324909975 0.07675633100640525
4 0.0594004037575054 0.06136866268243927 0.047930575801106524 0.04847401739814215 0.004347037549214068 0.020701213024165346 0.04294503947480437 0.03587578601003451 0.06043886904618368 0.05130043489014119 0.07814028720841044 0.05651758661803388 0.04040050891941402 0.026206666578952358 0.08086522160969203 0.07585422293700543 0.027883956763021377 0.09011094425569159 0.015580519866486462 0.07565804560955587
5 0.08925017573487552 0.06403471189806793 0.06580630862916859 0.05232370355574499 0.06573140882840911 0.017369538634017617 0.07352056108532526 0.04473994716680918 0.014652548759187265 0.0035744735487395437 0.004890813824825544 0.04231193877557832 0.0457706448050533 0.08469034138614512 0.05519581400225404 0.059979996168822915 0.07894333421815172 0.07775353490008391 0.05370935774320007 0.00575084633553979
6 0.051092431200338975 0.08237823965198574 0.07384949975839127 0.0878874606325377 0.09240855608982732 0.035333169094607056 0.04309760989738336 0.037931782886545716 0.08810144511655445 0.016368760318555 0.02856649214735633 0.027280123820804615 0.0005446713793101539 0.017249770598395428 0.0588094442825649 0.09299386772191806 0.02153827725984824 0.016959771733213315 0.06322117034366188 0.06438745606620039
7 0.008796172724127286 0.031314896449647245 0.06788683703639553 0.10781184009749326 0.018410445812395582 0.047660184877883406 0.11515170128145193 0.037879072576521296 0.05763798199285007 0.05969580392244684 0.02474486327044646 0.05153130796853621 0.03725082060406792 0.023796212257956015 0.024420349052037025 0.03294747289530603 0.03647956405740528 0.10837813723709676 0.10314854469730209 0.005057791188633932
8 0.04660615572097757 0.06194583216873703 0.0638423982241 0.05096613269741817 0.018330313979691364 0.03196494420335293 0.09512826076400703 0.05815607133526944 0.01610761571082952 0.027791621086706922 0.10460212636366573 0.024464329578961212 0.03581557378038232 0.06108816592623133 0.05466161415804328 0.07815519131262381 0.00669798774012196 0.08879402263879912 0.07034969828907878 0.004531944321002524
9 0.020852212654110837 0.07283076376582802 0.020449215665064965 0.09000792612390104 0.03068061797942581 0.0871515955691046 0.007134826267608345 0.08548007861693235 0.03726663427479624 0.06869713599878974 0.029694330964606615 0.04853687859913801 0.07973551653960402 0.0239677164410626 0.06288428055044153 0.07134988231860334 0.037932565273808 0.02254713867535549 0.0016286155216554707 0.10117206820016311
10 0.08206526821996427 0.0792765569279001 0.053741040633746934 0.06700802827578553 0.05579916544851277 0.07562511975459632 0.0064491676397505455 0.04191631119335199 0.023718722261802074 0.03921431229990583 0.03463426167209374 0.029447985314876586 0.051467909067041046 0.06009830619323873 0.08450960832723398 0.041492509442221735 0.0765913425609399 0.05592638184399108 0.004371619982295708 0.03664638294075095
11 0.0024334849311311653 0.02694886116970123 0.02440976433416704 0.001113738957244313 0.07350734678019326 0.10502040787575079 0.10282131121831974 0.05898017230242326 0.09678450972260379 0.10641552541835474 0.049673056396705065 0.01292171776944469 0.004675300448409318 0.048892919731819015 0.04272410198387181 0.07167142955812854 0.00073104728139663 0.012915043932863513 0.09026015503353067 0.06710010515394128
12 0.07929861350229322 0.022904073010963782 0.09699315200120194 0.012204108818265445 0.0002759179416914209 0.09918631249901162 0.05198599814787548 0.004738963695308758 0.1044869936171653 0.06783104626608556 0.018926306884931892 0.022168273401799235 0.023674866416402787 0.09722719386078608 0.03171315697281168 0.03637730354032471 0.035931752235520115 0.10049412434089014 0.008038730888495237 0.08554311195817563
13 0.09298393280073333 0.009485252379777674 0.022803693987090395 0.09448102331280311 0.05309419214305932 0.03666183658353609 0.02830896644368133 0.06559932765724102 0.08959934149063417 0.05047801570628393 0.02357333909246731 0.0781664765922093 0.07982446869296252 0.011581360086536504 0.012059431244643053 0.09544124952539017 0.024650105505432094 0.06400865813609917 0.06569952717167278 0.001499801447746864
14 0.02731424402404294 0.04330109092401189 0.01994962577103191 0.05472924092397606 0.014589662231524737 0.023351268797951134 0.05768977601522479 0.08271700358024554 0.07324254229049723 0.042647557933115574 0.015345191444096764 0.04219390161956861 0.06950059239062531 0.09264761336959348 0.0817298766982635 0.02495659597331765 0.03320990869811019 0.06140575264795116 0.08819229844628267 0.05128625622056894
15 0.004461114503312461 0.03152342836515546 0.026948273602847506 0.037655639010238634 0.0019924754105261904 0.0792506191432401 0.003327975604316112 0.04883295049623653 0.00501450253806314 0.04596981432897147 0.03188025168140578 0.11786227263339764 0.025180380018877617 0.12474519459622906 0.0059222458911751255 0.1300400391765723 0.08401973768914196 0.11580035766609013 0.02620850517771711 0.05336422246648559
16 0.087954150600033 0.05332180932512555 0.006093026903039255 0.028658042120913198 0.04554220399128256 0.0033153419208948945 0.06505134160049228 0.009648304596468302 0.004771647668795366 0.08614527416090709 0.07718594055782572 0.08093394915966663 0.03520299968322635 0.09066647799614445 0.03506205841312845 0.017799979441995645 0.08090141095855913 0.08363306882488344 0.08891838496855321 0.0191945871080657
17 0.08891427638115139 0.048538458465474596 0.015451142919027128 0.03989659879424171 0.03269118542376558 0.039639805081515433 0.054656301396033585 0.08360484708291069 0.028303884501605522 0.015384484962063646 0.07692599498531051 0.03590037687717225 0.007119396947626877 0.08467916913185104 0.0831333118493549 0.07543899761313622 0.08062320450855302 0.014809022803883767 0.05138551291390902 0.04290402736141296
18 0.10559363411214638 0.003580668894865005 0.07549304794697041 0.08795186551567709 0.046999137877489834 0.0021006683003836684 0.1071723875475199 0.06859120983555118 0.04070204411340523 0.01463925305257337 0.03580339103795809 0.010124419483271805 0.04362546198792939 0.07014850246910308 0.036461284600575086 0.09719145779079498 0.05614004799371358 0.007888625730160921 0.015319304736486907 0.07447358697342386
19 0.061299831360713576 0.031562053147673824 0.023472925858437722 0.04776903269086716 0.014783513414410972 0.07356566735383226 0.012899837927538087 0.02698781516213873 0.08169312697084798 0.04993001942607494 0.06915366300454454 0.06546409407922046 0.08114747441184485 0.06765366088871906 0.03534010809526161 0.005916976420253773 0.07830677889275767 0.054613688027113236 0.04808499921311279 0.0703547336546368
20 0.012270527633741245 0.06505378898973044 0.08078727196399753 0.07557329395200674 0.03276358157311702 0.01520450860822011 0.017074732763788056 0.07955511524261029 0.07570374575712409 0.03506210678904053 0.04923501384079528 0.015031996176541577 0.06844884564369252 0.0787316619572211 0.007850263169730087 0.066675779394269 0.06768345175877773 0.043941111733994814 0.03708623850666028 0.07626696454494149
21 0.10403661528911885 0.10429402341026037 0.0778278488257333 0.10081033855093313 0.008259301006622881 0.038519564300352915 0.009591022961317038 0.05426666406388809 0.10026421220541344 0.014492894549738953 0.08584481819572287 0.044226849014454304 0.030599718157113077 0.062002627597432 0.0065777440544854985 0.024105465161391663 0.00023696414717477529 0.04428297813405644 0.06344957817163682 0.02631077220315357
22 0.03372171944451348 0.008424713806069987 0.03495398299546788 0.0975711360311974 0.01100422753278499 0.005788729082071773 0.08614973997966997 0.0037016663970747743 0.09904128204737128 0.07372525781787412 0.08569028499997926 0.051028624003951153 0.025897845048175713 0.08582064735327417 0.04869958706299279 0.09560813111368406 0.036562854768938904 0.07264789230085117 0.03736137576126494 0.00660030245279226
23 0.0476489418628979 0.03151744925372102 0.062472650973306926 0.0551817241812508 0.006902582324954258 0.06031127189037134 0.09517850168606207 0.0067051824838506805 0.0206280786001209 0.03430531254730845 0.02908391476461435 0.04912652271673878 0.06908872322472258 0.059455625825961624 0.039706130250622196 0.036692275005851926 0.033117393479253965 0.07179513044687806 0.0952583895745134 0.09582419890699868
24 0.08375387770760426 0.00318046738226274 0.06808816707206514 0.07421655154731109 0.08259806382552465 0.05918177217744544 0.039618743974433504 0.007173595199935773 0.023637011709020498 0.08164113060597619 0.014368963569978738 0.0907441717868164 0.00862667467517451 0.05316598826116788 0.04806956898032164 0.07878511826842305 0.0011392614815942967 0.05423540538096092 0.05185303254593826 0.07592243384804506
25 0.07871996902202821 0.11776149180126931 0.05377610646094522 0.049086452437005025 0.05412740585579995 0.07175283399830232 0.009749755064704595 0.11330150349285902 0.08079888255938698 0.051806857879144436 0.010075942785225691 0.014888604377358164 0.050076166864090194 0.011228628548108808 0.007322362416661803 0.01235273470255721 0.041628239650438284 0.09471540156244934 0.056940128115261335 0.019890532406403923
26 0.05551954137246846 0.04100338908469554 0.027944081543262212 0.012190437918639408 0.06592454104464984 0.04946702462920118 0.05269929361142078 0.015107742310293914 0.08028374612355282 0.05892156701388844 0.06054431896363291 0.0530174827244014 0.07472881522976282 0.017914270483109503 0.04268539617882693 0.008984797263718175 0.08214705781557335 0.05569520944280169 0.06537982649332814 0.07984146075277238
27 0.06338671056141551 0.044254744068637414 0.023365235167883955 0.005163434159650341 0.11054546688655643 0.05892929217830208 0.005454265842626506 0.03359380266417813 0.09230631581313191 0.0893726359541951 0.057200932865779035 0.05721855433696192 0.018593080364871013 0.0053223904152093 0.07959462328206826 0.08041430842097279 0.003128516044498821 0.06448768034694662 0.10291041591790293 0.004757594708211863
28 0.047710198111388505 0.02202620267840315 0.06015239346080264 0.047772412193850027 0.08698899456961012 0.09229383014894652 0.08018403224247932 0.10548637661620597 0.058724374244022874 0.02369252513795484 0.05459466030956501 0.09889401784440865 0.008010658413142697 0.03201743751158517 0.01848389961459687 0.003970691517827547 0.028973727594458012 0.07210914046180227 0.044945165768399915 0.012969261560549917
29 0.07440591238463953 0.0720527273472633 0.003092759361985373 0.0410808394779596 0.023474531510358953 0.04128081048751452 0.08602845908271142 0.08704116802212197 0.06055463119925842 0.022980292471335113 0.0300992073249333 0.028703887454756227 0.06452824507604576 0.058551809631206736 0.042274982050490836 0.06926793299655823 0.04123076744993785 0.04480537139755069 0.03472144157771248 0.07382422369565958
30 0.04761665917379412 0.07855152592564318 0.0761268817036489 0.02827789028608308 0.03839194123925941 0.07150729757104031 0.056698383892818754 0.019939023426319126 0.03812372257537733 0.015466788039219154 0.06491166048434684 0.08367331688833822 0.07741638298735334 0.031323945402680006 0.07878757469203244 0.022646108348757774 0.026304647225112252 0.0026977167875269887 0.06741595679375352 0.07412257655689518
31 0.07444540257961688 0.018713279735370406 0.07977510425896156 0.06584185316777312 0.0319585783707448 0.045504354807940066 0.056400212858352394 0.04700338086350742 0.06058012237614387 0.08569796963665127 0.0010812660403230461 0.0021574281997332606 0.08304013307101693 0.04057457618449621 0.04804955007316083 0.09111725482698525 0.07378068238303113 0.0006559085917689138 0.07572156544056545 0.017901376533857302
32 0.007323664171310272 0.06495835700682798 0.033934433360850225 0.006952044922569318 0.07690820161935258 0.04631852252822912 0.042615335693655734 0.017155892292796772 0.04416094631215812 0.03537166566549567 0.0512632371545932 0.06566618318956098 0.0851577356965787 0.05344693941526984 0.06908795506549997 0.016284915267243412 0.06793839539701806 0.0896424243341734 0.08985437547208319 0.03595877543473333
33 0.10766637832094833 0.059222476907676735 0.023198163153899425 0.05474514785359804 0.013006045790336086 0.027491911912561215 0.09576353894416838 0.026143294781598565 0.03618270384669223 0.0017000906254672076 0.09344023718887638 0.010245884979017088 0.0437740405326935 0.08951002031169143 0.1104902216743499 0.02893627815964932 0.04737001890801014 0.06281599951459908 0.021333094550522336 0.046964452043644536
34 0.026923850641764273 0.023572350726102927 0.07231674264797762 0.054537213009537955 0.024869729021482042 0.03874058284848684 0.05090984575197725 0.04431979985890251 0.03944726168181563 0.0791552197341046 0.07111560016699643 0.03073813359621916 0.0760200909688552 0.0032700287436030827 0.02997570489505702 0.0472558283827919 0.05098082179130191 0.080777079737855 0.07957446077831103 0.07549965501685753
35 0.07429271302010342 0.012821202324112383 0.056522528455375066 0.07910695307891265 0.005451771114160359 0.006845325676215816 0.052122227964237135 0.046814187063276336 0.06263300594263714 0.022909561261651945 0.10637473831100193 0.0706255889193729 0.002411293536007619 0.10081874251355549 0.0907665624085009 0.021776018614929508 0.04083643033870281 0.029160370460209 0.09481742625603787 0.022893352740999583
36 0.08124919829951616 0.09735075951650324 0.0773975077838875 0.04728461353137066 0.09927701548955695 0.09855460972461204 0.021232143565142362 0.033630054553051784 0.04755006921259561 0.021694293962242914 0.009270377823938386 0.003899412990554568 0.09053999916690607 0.03557323950260633 0.0033987177388745834 0.0264132836675823 0.09638365858628752 0.03795775712516465 0.03228685477523836 0.03905643298436808
37 0.010481190438242239 0.06024603740533644 0.06369157815007044 0.007987787385763459 0.04890964807868477 0.0523303934068163 0.07732285251966749 0.06426905754741183 0.09494302595939938 0.06184928071283118 0.09844539400090421 0.06763254207643746 0.0006603463255614283 0.05883405154092508 0.0693204440556646 0.10138107844049157 0.018761773366463442 0.00390269535431535 0.019287424529891146 0.019743398705121963
38 0.0466414467496572 0.04068325789556956 0.04618762793258905 0.026834916995203715 0.07982443788614446 0.059320326837422915 0.04873382038885537 0.0660518453358022 0.03789662537620217 0.042888204036431406 0.0027881374954998404 0.0574474265538779 0.07985220644771006 0.06535144701787315 0.0033369075033350313 0.04475488020078638 0.07392508980978284 0.09307870345151252 0.061233365689908364 0.023169326395835813
39 0.01430627692601226 0.025134833467188922 0.08594840387757287 0.011360239244781897 0.02404286770553676 0.09647282533252922 0.07496770759205755 0.08592910993378461 0.00899849469539033 0.007810362292741954 0.1007818534838073 0.09595037623025142 0.04031659233559423 0.04868920400593886 0.023420358135816773 0.06112673560768141 0.10737098771258956 0.030279553008451424 0.0024055902765870454 0.054687628135685756
40 0.07180211951901547 0.02162237441302162 0.06721019335532988 0.06132276629813615 0.035847916301717436 0.06608734162501922 0.01711037561530373 0.05457280267887855 0.0716286229741357 0.048879085223533666 0.00041310278368264747 0.00040932969412108824 0.01124001917324469 0.04665158970956019 0.04508566439617702 0.08312225132546801 0.06720832204108153 0.07432977419251385 0.06881603177993682 0.08664031690012286
41 0.03702930333184064 0.08914362699169864 0.08183975449440807 0.07464291687343144 0.011721250320906321 0.03916147073441655 0.039962161579296135 0.09234475297958422 0.09431419358345337 0.05102707507098532 0.01271814492274374 0.07110883257144444 0.0491562996414584 0.024725245842956625 0.0250136179201158 0.01178205274717973 0.08966489438934187 0.0525343230342203 0.049468143437797436 0.002641939532720912
42 0.004070084541669733 0.09695901736433388 0.05294671781760847 0.07626360394560325 0.05284302723927285 0.020536441052582306 0.07347126335508956 0.07372862228807184 0.03270153778205962 0.08257980628642626 0.027184745468794434 0.021040725838223553 0.003564759924082627 0.024511862871364656 0.04844319442490495 0.06378021635861232 0.05699569061529351 0.08873978887075756 0.0057691039426730935 0.0938697900125755
43 0.03848308036526508 0.09763237351159379 0.09400038770271181 0.02454508489776778 0.10028821091653292 0.0314514359042866 0.05091557156378955 0.06087002873604445 0.001936189233149871 0.05171367866757986 0.023995430001185425 0.08519684617548147 0.07509322402952075 0.0049199826162608885 0.057000208048169056 0.010366049973381027 0.019805372184134997 0.07264387889331637 0.06736905026020616 0.0317739163196222
44 0.07097593749781031 0.016794575336519117 0.010652295939202343 0.08282752553757955 0.02874576110819628 0.01004969250017223 0.07116259329071016 0.07175543239683276 0.07088173757882986 0.04960030558246402 0.039853904045910105 0.06947916255838914 0.02986458160517778 0.04407891353249341 0.04055666134613765 0.08866890361304164 0.013208843323405045 0.05275458050772167 0.09403602268170738 0.04405257001769974
45 0.10475122170819504 0.0705316286128329 0.04413482183352209 0.04753940032016955 0.002666053883953832 0.00021926826024977258 0.08033715019894061 0.0014466346407042048 0.015166874611933839 0.02170973093241948 0.024625669264573827 0.10665642859777408 0.03399629628454339 0.060007049881249726 0.07097210391770584 0.028360840698141963 0.08345154866672132 0.05958549211729573 0.029324856007679093 0.11451692956139378
46 0.015915348270583024 0.07698337025730162 0.022594880231741412 0.09340578017691444 0.03526558453172743 0.07601914556728151 0.05423518253895914 0.041146443009870165 0.06824704245667422 0.05731026337578098 0.002372767555951712 0.0509003767427735 0.017196500059899505 0.06768612999790545 0.08287758146044809 0.04528618332099373 0.04300943713978792 0.0900793579740526 0.04395436149850686 0.015514263832846494
47 0.023558737099305553 0.08676202459001789 0.01406975999095031 0.09685182837953603 0.04161880438667823 0.08570688592001807 0.058891052790423476 0.005949606511984603 0.03739732816741956 0.08960913843684495 0.04241298465844396 0.014081319317167421 0.04180804395794608 0.0036695762117612955 0.06550379842287982 0.009786157809063285 0.06139799336088882 0.08548786028801654 0.0835730761406305 0.05186402356002343
48 0.018542555392957717 0.018469938674786173 0.02157322696855396 0.11357986608551171 0.04458833870540778 0.039456631634777854 0.06855201492010417 0.020101929846865162 0.07287892814154513 0.05336151601620851 0.0566701017106859 0.1094087856690144 0.1035476757160353 0.0013244262029010467 0.1166436619920463 0.08416316806291328 0.03234738924280381 0.0024711134560308225 0.015434564908101588 0.006884166652749162
49 0.03656037211493442 0.033369003745009784 0.017799438023274248 0.02687370516904616 0.026729139598145907 0.009888681722295801 0.08025092691819659 0.07716777539128956 0.04859030426014082 0.0720815117887444 0.051503179182645825 0.06800072447841471 0.08917338886637724 0.026180482869736597 0.07739032186411167 0.07448904454552005 0.04474913662371378 0.0267153430260455 0.047611925539012716 0.06487559427334429
50 0.07055993975780525 0.07278292529292874 0.07247318914245592 0.06382768642682658 0.0510648689131496 0.0008757004928378422 0.03049353778501041 0.04739707414003923 0.0695426794626193 0.08641279503322712 0.052124413369522296 0.02565875697970885 0.08333181208328493 0.061662173737664375 0.05931344047665037 0.009037504276706906 0.00539268261398083 0.06038334881805891 0.03727604252350895 0.04038942867401371
51 0.0558655293951718 0.0814755755174353 0.05148559499654716 0.09452216142057598 0.08898480974890938 0.029558601686565517 0.04115659804591957 0.052278983278669804 0.014873950539320342 0.09944614836595737 0.03116174700937799 0.018133941101677646 0.041122604799871725 0.0907933167836379 0.015399331713966896 0.017746941083965396 0.031679850214800354 0.10125753474220604 0.011919508797195907 0.031137270758227975
52 0.08104699604056678 0.0652423629049106 0.009984826074143464 0.04004483185751653 0.04244148871647853 0.03236976315149149 0.051908226629853074 0.005850422340072864 0.0022317101744331763 0.016825838820984488 0.11561372714775547 0.04773644678047797 0.043784815100950086 0.08879789074456791 0.043346720494219476 0.09162791939134353 0.011263760972860666 0.06558508688825958 0.03358660577628145 0.11071055999283295
53 0.072400050543474 0.031238721196685266 0.07970551649219805 0.03730305972278849 0.033074656870481486 0.033635671710084365 0.08570324784386521 0.010536429295539253 0.004751776073522349 0.07886171726432921 0.08466224897152404 0.001275130746128755 0.07330759251932313 0.006980162033000535 0.08088412382444239 0.04031243285239111 0.0381542697417828 0.06637842865601203 0.07750775610578747 0.06332700753664032
54 0.09610439785862394 0.02179841037401054 0.014477180427100392 0.031246113360978236 0.04824955434006785 0.06655448892222411 0.06383916066378265 0.06751887445492673 0.03780225302422968 0.004242284042604386 0.0959636628633763 0.08215319581484133 0.09004472680156667 0.002681185182309603 0.09088070262126367 0.0006881946295493081 0.051843339201710054 0.05997267819769931 0.06338274775190213 0.010556849467233315
55 0.01723114084421556 0.047729016998051724 0.07330230676495147 0.08194570326705573 0.10880034447070933 0.03538677491862343 0.06918735063723387 0.0672589894493044 0.10665820055451206 0.02872192619652607 0.04267735564549726 0.06053825711510089 0.08791198551694128 0.03609088439276806 0.026328389534363016 0.020667305248454792 0.014047543806525014 0.01576611076558545 0.026858263566305315 0.03289215030727551
56 0.05698030656310153 0.026844526254848754 0.0674893422087236 0.09879973269766669 0.0576056574471448 0.06409324693304565 0.05763830418867541 0.048040760248286685 0.03602902557855029 0.043720530128925364 0.013186325517272092 0.015190856720825483 0.04758090775300634 0.01754714364226578 0.02188363684524708 0.0760892884803723 0.0010961073663562926 0.08861379821354208 0.08576753315842743 0.0758029700537161
57 0.07891786508859575 0.08387363875014481 0.0804378977604682 0.02593894410210224 0.06665830303368073 0.08422589602842921 0.0815961250097051 0.0965485142187875 0.0018071515299331543 0.07022365056227403 0.01208277544080159 0.028379923829250146 0.08689203698756788 0.034940620777150606 0.07210087661461853 0.004904868273483681 0.02581305484002671 0.0006503639833870482 0.03942347747720409 0.024584015692389008
58 0.009272324608751424 0.07084466219435162 0.06779884311939895 0.06057516967389783 0.010808558365522875 0.024950455908825088 0.026834337750100964 0.07350602859120874 0.03299274176391793 0.030149964738421298 0.06991428863639018 0.05371355755575332 0.013302357005959883 0.10229563761539154 0.07327673246403789 0.030524600094681574 0.08593367330128611 0.08427374662020332 0.05088005226253038 0.028152267729369063
59 0.047504891446845374 0.04976483833669487 0.0379758726964232 0.05520677446377488 0.08864445255870884 0.06725012300968586 0.08340401333570514 0.04542307831579891 0.024060731125168662 0.05369183097228091 0.051824660609307065 0.05817362559474703 0.09716464192396498 0.03068751884767224 0.03676239860225881 0.014004424588041717 0.07332591323445431 0.011466866499068605 0.010388625458616865 0.06327471838078186
60 0.04462799778267444 0.07019454913525967 0.0676876726605406 0.062392884887865194 0.038897405489849254 0.07325955090605449 0.03520810384347888 0.02034854203304345 0.018880541645440577 0.06501685469692368 0.06479607964904725 0.06422117470568534 0.04865873826657943 0.05232842067437973 0.03310207668306739 0.04656092524314795 0.0052666117909110485 0.04958335111454897 0.05983439425936399 0.07913412453213846
61 0.02161119255845802 0.009711142139207684 0.010331018313573975 0.044524879623868065 0.03290053723554079 0.05876018085384615 0.09561691045478442 0.08096159125561096 0.028787587976360596 0.002440283610036823 0.04300669343078371 0.017486039067044074 0.0808932017846105 0.025361814888609918 0.10531143038841533 0.012662179355951543 0.0821045752453187 0.09335717029007344 0.06808368911673052 0.08608788241117489
62 0.052412503065354325 0.030964850582169003 0.06607849864201966 0.05866111928988703 0.022188786691944674 0.02373423672466149 0.005207684025253059 0.07981469104943163 0.08916585518935713 0.0740845286720153 0.08910164310993238 0.017398559554453418 0.09997777642555579 0.03357216621913566 0.03972935477188511 0.02318086606485786 0.08236788775550127 0.028647173224609603 0.03141608213672634 0.05229573680524928
63 0.009153758521179538 0.07876573703180963 0.04762325876532617 0.061982904021240404 0.042205497899376346 0.015589377854069024 0.05962768928300728 0.012982184885720362 0.0840482881355085 0.01688072449457429 0.07625015543012448 0.06269294284086424 0.032178715482461824 0.05033074717131493 0.06631316752989588 0.06459857239002595 0.08668500765208279 0.008475162040628068 0.07787848508606808 0.045737623484722205
64 0.01079448595582115 0.02155441923349166 0.09759859380737503 0.05481725930390385 0.02539610006404075 0.0811684262695704 0.07825182895042676 0.030626665623020972 0.04925934406117653 0.012273441300418287 0.049373332603278725 0.09040627902004955 0.05027603852595539 0.026126777613417952 0.013824004493722073 0.0764466404014572 0.033125642805188454 0.06195076029847383 0.07132109701021666 0.06540886265899458
65 0.00217221497707104 0.06825400695150939 0.0718202401805403 0.021008917821280802 0.05242524913440236 0.04642683559258518 0.10676815451341248 0.10495798938153646 0.10967988250099758 0.0005879362463657841 0.10696355526634488 0.05464070753101777 0.006353581687365823 0.017338081818001932 0.07335875195847794 0.011293718616254538 0.08475110151134928 0.005335491081985512 0.030260215429063764 0.02560336780043728
66 0.031931536152126135 0.05076734334929446 0.05932487539948517 0.07373014711878334 0.08343409969385099 0.021521219092237205 0.08095569558947592 0.03004951052973299 0.0873097831386143 0.08030335362342741 0.03476998198547741 0.04178549041332401 0.022024758170800705 0.029727139781446685 0.022834870999147643 0.04347586481485634 0.062048973902623726 0.030121445364729185 0.08692495328254275 0.02695895759802356
67 0.07961145576198758 0.04132879355525727 0.009405302500876312 0.0503561857781666 0.0586367745638281 0.037030530059748795 0.0675727950931669 0.0593034907880825 0.06426166929870379 0.03259253336172598 0.04310563251809949 0.0483011353471077 0.06824158214476914 0.04986171257459399 0.07310579665116125 0.03640870238525831 0.008943588179778994 0.04501945420687406 0.07148273240891018 0.055430132821903046
68 0.06575600889196281 0.011187074137031098 0.016594493031043794 0.07365010926751103 0.014938656098214141 0.03176206303596095 0.063945650017039 0.02539888452037176 0.015213057163425761 0.07545984415176794 0.04755268085270429 0.004574977657957227 0.0664942021646853 0.09057780024433476 0.06835982519090263 0.0631390972148915 0.0790068829640827 0.0905421864039926 0.048073281613404975 0.047773225378715756
69 0.07362555027616487 0.07686458021644964 0.04284373801520328 0.029542119366608423 0.07133828283250543 0.001078292481957089 0.0696619768573025 0.04682329741908984 0.025313787872648465 0.028172434325158865 0.07678934391781937 0.05216642362662403 0.040873718305246436 0.06918974121751109 0.02625669578899291 0.04899405791734321 0.022376341933293183 0.07295894698798806 0.0765552999244877 0.04857537071760565
70 0.08796912916214587 0.08341759053824245 0.047077144392532425 0.042693199350909414 0.07310195105057767 0.03873534874802872 0.07267778086513804 0.060887955254506874 0.008429091149547194 0.058781201048122934 0.010995064955808348 0.06819760686514661 0.018659476522934888 0.060137194783227564 0.05608498247261372 0.02561894672795291 0.08478606543102396 0.08857659571244739 0.011848314942531081 0.0013253600265619276
71 0.030905850737073488 0.10432943891442006 0.02673509628184488 0.02547293322105445 0.02380575303295525 0.05767917297255659 0.07746153536673615 0.01912039871161224 0.06029994204670292 0.07304936713383667 0.03642365211607925 0.09519567045259203 0.038691873726222126 0.10102712291493296 0.03751135078576443 0.013754344196320364 0.07900111136180679 0.06654302309237378 0.03211064872225859 0.0008817142128570094
72 0.08294098573826976 0.08289364804524102 0.047593017041165656 0.0798264955419767 0.016313956104357496 0.02452261544462614 0.06427731611036744 0.050521986870089755 0.0025762407875347935 0.02381849380600805 0.0805092596128893 0.04861151726541908 0.019042997849417147 0.06386113024457263 0.014100663031840403 0.07188276919139862 0.011001524857855173 0.0650741723976684 0.07746663271703912 0.07316457734226334
73 0.06827022033497751 0.07289075226937435 0.02070187043705839 0.0990239751004829 0.01683209165020471 0.07153716715624361 0.0860832125208353 0.031620106626923654 0.0935612317530504 0.02372921058642619 0.0037341788256619 0.024569319022485374 0.020096843382041922 0.0556147992597092 0.08657991489888202 0.016548007802421928 0.060574685563182004 0.03515564099453773 0.03519834640652683 0.0776784254089738
74 0.007442072076200006 0.0022069837686487462 0.06677878082613152 0.015832317355880934 0.019408200507740444 0.0905832842053099 0.06265904456965703 0.06919625396798296 0.018929373991749914 0.08399168357430867 0.07922838216446063 0.054488211374470165 0.06927481180010488 0.05171939280815758 0.03497826614272286 0.03792561399162056 0.040598854340138275 0.04792224593391636 0.07166743540880166 0.07516879119199688
75 0.09313210699299261 0.019922938789144796 0.07407567090539338 0.050371273001120674 0.09245254795602374 0.05634799590426846 0.035870076612038254 0.0003910428305163257 0.04447382557238604 0.06394522760976949 0.0267623479240898 0.014426589072608253 0.043229847730823466 0.08228593062903854 0.07616208577087831 0.05709294421199301 0.03953832125014479 0.0021621509340588947 0.034567557407283726 0.09278951889542768
76 0.006978393390799163 0.07295888797458155 0.07105145359192183 0.033452365769589924 0.07466910202448357 0.06434213759584902 0.04055524224239523 0.06643132859371892 0.04201541813495566 0.02235476478092673 0.06307517173032517 0.019997875927154532 0.03321166995347921 0.04165874974608675 0.05908828809388278 0.099499294488554 0.0206271044536916 0.04702804466591037 0.04410684833998204 0.07689785850171185
77 0.040207011177929394 0.11999606205680158 0.030164120347212168 0.06283805540300702 0.06457222008443829 0.003972681243153657 0.016398366763999302 0.053208609307566254 0.007749469059774444 0.11876459759683995 0.06521298026858437 0.028589884902784336 0.07277060949593823 0.050951315781748094 0.02199713081698319 0.033286182794907096 0.010949557123356143 0.07113810650714425 0.07441861487386238 0.052814424393969786
78 0.06842992070870083 0.06157920509225695 0.038380601091552724 0.03355677092871066 0.008422202420396641 0.03601097649108371 0.07948578105799381 0.04195968210149076 0.07603858074681065 0.08117271630287062 0.05187988591077417 0.04137052387527131 0.06642116381659395 0.01996903102001215 0.053350095521579335 0.01037390349979095 0.005159656937305649 0.06872350012111161 0.08031708717026359 0.07739871518543008
79 0.0414228264620122 0.07411827864968352 0.03123425723588352 0.06675452936625502 0.08287446771216024 0.05946222275822329 0.07198649210809793 0.05041526599874854 0.020229065088575512 0.007640594528651176 0.052841527608946164 0.0806981982227329 0.025249699323974115 0.06619461210456701 0.02745664700851057 0.0319471981358053 0.028012319033857883 0.08087706428558605 0.019557793285329635 0.08102694108239954
80 0.04477130680412269 0.020453707138903144 0.02112430707227145 0.05203565497285199 0.10737093272193776 0.04055814502702624 0.08698528555000633 0.01676817944812521 0.053237949920197994 0.03467306808965492 0.018432625536016246 0.04747805368730116 0.08428290064294237 0.030685417871249544 0.053297030599538414 0.09812975528177495 0.05103465235448775 0.07246929834779099 0.04956322843029152 0.01664850050350937
81 0.039230371270695716 0.06494794436640552 0.05313794550978665 0.011396542999809883 0.02422609711742226 0.05943670321296409 0.004105440890948348 0.07468374590696171 0.07544649623028159 0.02321487095997808 0.05281794345692806 0.010482582078720134 0.08062323217056189 0.02332222560797819 0.07941332865869828 0.07459507317745026 0.04912286797189202 0.06348361797541716 0.05299641129948079 0.08331655913761903
82 0.030432884002891143 0.030762369208377213 0.05494696370329635 0.03127802471368387 0.07218046994103276 0.02481385457979111 0.02017223981354215 0.04068600275366313 0.011879276587974354 0.02760003165916643 0.08375595690307638 0.0962066586093604 0.023041628266361025 0.09856328655846557 0.061818525664329056 0.0004644321561480237 0.06738146357353025 0.05802405403311972 0.10026820118308946 0.06572367608910173
83 0.08740363665990478 0.05461402579196875 0.05533037619720499 0.012482620563309248 0.003712098110105094 0.08429309763381887 0.03042505077427178 0.08163943796619501 0.07376351920689046 0.01780269435776136 0.030933652456828862 0.023530341576707657 0.018930937156652144 0.07966096262440117 0.0008535051900360881 0.0613189424119975 0.07541247568693453 0.07248921821191764 0.05287578759525549 0.0825276198278386
84 0.06566031426448073 0.042553243081829714 0.053667907193856335 0.047783964554085644 0.07709725705828643 0.02186355791234291 0.05556008419110186 0.04776848487256544 0.04293949532824706 0.07264816864691924 0.028488700432671564 0.015172703516458571 0.05445379201327229 0.03503939305348603 0.026418672862491617 0.07753055631200757 0.0696186740330971 0.037357471205073975 0.059610507321529484 0.06876705214619636
85 0.03651960708828905 0.003386443873145483 0.057180920263446275 0.03789384185410332 0.05853813499210658 0.022356735959268334 0.08896575400182218 0.038660805977015954 0.052783232344798876 0.07908666903667672 0.03032188848933117 0.013187330110108092 0.0905549963797519 0.09460375269928518 0.0245712825757947 0.09976335028089311 0.0592086080453124 0.09893453131392994 0.003884854324272732 0.009597260390648246
86 0.045274201214998235 0.07483468870869431 0.08707931495378549 0.08808953267025248 0.03438773576671622 0.06296980505309335 0.07467230054237546 0.07466012553319928 0.007196590431750783 0.061023560487435305 0.026804069610113775 0.05003021372604607 0.0436905033565866 0.019516434143613245 0.06440145480812527 0.025918400333729465 0.08823776113871595 0.0053746238470512115 0.02967389038131552 0.03616479329240239
87 0.08647601099710218 0.05009379767366496 0.0878311883388915 0.021095036430998026 0.013454084428545178 0.08973640203249222 0.06824964439628586 0.005136103786619221 0.04881513343419563 0.05994967476702522 0.007898373073274194 0.05634754543661368 0.07379220615885018 0.06571053622852081 0.03359106136171136 0.07256066728981682 0.008044075313838588 0.054005505537050635 0.020933808060191936 0.07627914525431202
88 0.07058680521856854 0.0719979617868664 0.0709136070488007 0.05428507010499941 0.054069209868201684 0.04808605644838219 0.04726065442108572 0.05816385037627983 0.0706841463696823 0.04873732457357867 0.05335432045715764 0.047962516921860765 0.06921843307410933 0.05343613394450743 0.013886419913043423 0.04144463528507934 0.044149371438064584 0.03264846974147581 0.04699179348928398 0.002123219518972314
89 0.04775471376838547 0.07948524199949426 0.031522191771435434 0.10599764261656194 0.015690278210955585 0.09580737117653236 0.08580043940913747 0.027069328373588518 0.021336376800244243 0.016794561390128488 0.054152452513034244 0.0938896403329014 0.0309032323850857 0.005276386607187453 0.01813652103226155 0.07652276540662027 0.05186812435663805 0.08811115733880248 0.025427717497209176 0.028453857013796043
90 0.09429618591772027 0.01592316809421334 0.010554237038299503 0.05884679101126637 0.008528544669188736 0.015487562515328146 0.08276147937148828 0.03885384091129341 0.04430061675940576 0.013071002092177764 0.053073950422525655 0.01449663120789448 0.05901404156715734 0.093646156691922 0.08733814480456238 0.05915144980137636 0.09668091647947465 0.07515498493562767 0.024203759926007342 0.05461653578307051
91 0.03597058496003786 0.003058152458140453 0.08728201755427721 0.07278459730146919 0.04138462682004255 0.00760289481878618 0.038939397272672954 0.03864882590312343 0.05885532341317602 0.09251946883701759 0.0413036138758195 0.013895184763656749 0.06896129770102935 4.139814246042486e-05 0.05175519753499186 0.01469221671635235 0.06363400491076042 0.07012112882545322 0.09876241206598359 0.09978765612474894
92 0.053368662747526156 0.08126218738304855 0.07919260596769062 0.04886242048428066 0.07299134844806558 0.039273433931987484 0.01929508477469422 0.05581507242950125 0.013508137712655471 0.082535121312307 0.09513492830156632 0.044142894528360434 0.031429977285323485 0.0037690403640968768 0.04225096439097153 0.0485942354236353 0.06849812518881782 0.025877253700009182 0.037336256819143536 0.05686224880631858
93 0.05435358744342061 0.03908790545037879 0.04526266319957161 0.04240312637360906 0.06994537944986916 0.09593142523675278 0.08429404321145516 0.007531197636815647 0.01914060514269988 0.005522473203722683 0.08572322380743148 0.09757592900546806 0.06282208882187479 0.003358707435517304 0.006588328694100753 0.08223310790677087 0.015419237664876496 0.0009647392366996751 0.08250906149058612 0.09933316958837896
94 0.07585114734280543 0.07990871301218477 0.059346095815522644 0.0672374687802736 0.012300386981614403 0.04506021337112268 0.043240550130763264 0.0669571977754762 0.06536345605768261 0.018043491910035396 0.08028578365836492 0.06962335648794729 0.004671453267136746 0.07691426358369198 0.04399273954243249 0.03823674241587692 0.026420923637207307 0.03837343940776606 0.0728699567632944 0.015302620058800896
95 0.04837693517582888 0.02101461804516832 0.061167394282624146 0.058298072776096346 0.06690305880152543 0.08457497942033307 0.0382873404215501 0.059105159704776804 0.037701151122487314 0.08533057968621545 0.08441023072325551 0.05386141071296032 0.0380849516389409 0.017366650332424818 0.03310118246155249 0.004442983684305183 0.05457057327920646 0.007498467954564059 0.07314913809568464 0.07275512168049972
96 0.022466503171159054 0.02321797073464258 0.032990993529754126 0.023237652360344318 0.09420653601731414 0.06436282352712382 0.05918538677756276 0.09262700683485016 0.08293495040880154 0.09092387947822919 0.0511865284710254 0.006188840376945832 0.06940445394143657 0.044068763315634654 0.0499600766440145 0.021093164849745057 0.04178236447667909 0.009139196911108255 0.0636538474773424 0.05736906069628661
