0 0.09313510251827514 0.029060721499250926 0.06211905764347692 0.04100199409772372 0.07218371797022004 0.06889585995310334 0.0299504839455351 0.029218571086552056 0.09596583458266157 0.0257182222077286 0.07374773367207471 0.08540152191560524 0.007488640669612554 0.06140246326337991 0.042177350499848276 0.07502624642576736 0.003460852610794404 0.015707693488450233 0.04083972456408324 0.04749820738585647
1 0.007441376889795508 0.05458388459126799 0.01189282591520961 0.05030070388654521 0.07929261550849298 0.08903266629938542 0.07748047389491504 0.01823566907735106 0.019168404465216025 0.03941085787546138 0.07382644298377719 0.0243268484418471 0.03628630404409971 0.07990008917763743 0.09431367105022163 0.03184092107751375 0.015498367827509726 0.020477054277618853 0.09701959319569807 0.07967122952043648
2 0.014309239777247691 0.06352085680873805 0.06265195366108618 0.01871397725437523 0.033925665779053635 0.08606432367401916 0.07638955449061294 0.02657521454489299 0.07380733845408086 0.0889428582692429 0.08357751839966433 0.008385296190533994 0.0017226554406262352 0.05811997580971305 0.08873741475047364 0.02435558169929305 0.08823184656393518 0.05909993782172845 0.01673289109306057 0.026135899517621942
3 0.007578570674814463 0.07441427996559784 0.08661063549162773 0.0011597222547060112 0.08399902862891233 0.07056479735113382 0.051662218448003006 0.010332971209503394 0.08443563289696153 0.0036076525666838134 0.03386013426656844 0.03667678717825509 0.07448621518649375 0.08617487067258135 0.03256141036192519 0.003388772160967621 0.05473660985378874 0.03329709756282908 0.0790270812597899 0.0914255120088567
4 0.0252593644365465 0.05258064165648627 0.05197389869336548 0.058032963309446975 0.05756799007667643 0.05545247575549366 0.054418710659800376 0.01850138898393852 0.05125601599300578 0.014929105417261153 0.043292533902230076 0.07280600771813106 0.06458332836024619 0.06493328601763762 0.061013712507265935 0.014452793286859016 0.03405163108101644 0.046541623102264944 0.07947404602560931 0.0788784830167183
5 0.011628054663397048 0.11557932667696244 0.07147630159760482 0.016912890087343656 0.07445586979050024 0.012146606504702534 0.06516639524232724 0.0752268861847492 0.010415200602622254 0.034771733610286765 0.009226425781267 0.013449651405467689 0.1170418242666922 0.1115960529222963 0.08142486294862172 0.1029745016182766 0.01100574433561183 0.03463614615679553 0.018808198358822793 0.01205732724565241
6 0.001552629574971558 0.056794602025093156 0.07762098310398813 0.022212945198293435 0.07492359785764743 0.026471714232064195 0.020666345289125705 0.04302438693422516 0.06519224018655789 0.08538352878712398 0.06988667089634562 0.08732837747718376 0.05181402048716082 0.030053090885546082 0.09549519305627702 0.002765062579234923 0.04429698976519519 0.02673169210226762 0.08324645752423657 0.034539472037461834
7 0.02496607997709555 0.04645385659521847 0.0016271385891743568 0.05112060645926176 0.028360254021243578 0.06839845249797782 0.08338557317807209 0.029734584274899147 0.04101079931682169 0.0816625823267087 0.0567760561799651 0.08005710737822892 0.017259687038763846 0.07293727970408252 0.05718644072092357 0.06220447893290632 0.049123373881595614 0.05439383707361073 0.035738871583349804 0.05760294027010032
8 0.011729658304486378 0.0009289181644512831 0.04653070125055326 0.09195630631011473 0.08152263496541058 0.02320567981085679 0.04116120244855446 0.020493320819696514 0.08385068911962842 0.09044730296345833 0.020636324862440904 0.045030054672178445 0.019871055064490842 0.053579765333298314 0.07760541664185999 0.042123450082853 0.02168224244819929 0.09917820298061086 0.057667474487944584 0.07079959926891304
9 0.07079608418829424 0.07028407490891772 0.03142738804453733 0.015996284641786464 0.07430689729682592 0.0687918654338424 0.04786878644712076 0.05056076936827491 0.004528789451087268 0.031429542913292 0.011000942572030737 0.04082155280854966 0.09267787844481558 0.04686333761557742 0.04786821319649805 0.07034984364506766 0.07579718070105518 0.05671027162369546 0.001283373772485672 0.09063692292624537
10 0.011517341034884106 0.07531950017618744 0.031032993385473703 0.0320630148828576 0.03412691822146447 0.027630718636797905 0.11078773197381549 0.021616092429572683 0.021398892026666453 0.10787547246800157 0.009147030113667076 0.0497099248119138 0.03640896337578983 0.08066752992966476 0.11358663729982843 0.06191271947033241 0.07701918504503802 0.012150613571375563 0.07523992257060834 0.010788798576060315
11 0.06461704907414792 0.024751127514536193 0.04212768266866369 0.08118420858068195 0.021870281187490265 0.044824748838967726 0.06779597950352147 0.05485687956188619 0.025458175978890534 0.06686879203676205 0.04364624053423757 0.03674942609488736 0.017490102798499576 0.07310856918308953 0.07377398064278218 0.06276575533340016 0.012495644249535798 0.07563668047038716 0.057007468557801484 0.05297120718983107
12 0.03685120725018396 0.07303566733506073 0.09315471573901853 0.022989374641330326 0.007736268710343711 0.08307251586073021 0.07170299404102659 0.06764977865546581 0.0744327730645521 0.062357196863975395 0.04158780082781991 0.036930809321234284 0.05196338346525968 0.01658051707297476 0.045126376946487114 0.037558497359560114 0.06760361698641067 0.034917330076428034 0.0027868092499533973 0.07196236653218455
13 0.0586038749916999 0.05301294631217489 0.011813686528788383 0.02258565791960628 0.0695991726149843 0.07133133357511663 0.09160952091061483 0.014598496529224545 0.07115550513099458 0.05131514054940434 0.043183326652668524 0.03720206273173354 0.042908639009029845 0.037263916602087575 0.07986595371972177 0.056021897826095166 0.038869253187879406 0.09093903112355024 0.03263078393574698 0.02548980014887843
14 0.024924886093636075 0.053016657036965585 0.028736177008131882 0.0613652122196385 0.07189471601293933 0.08107559549105398 0.024010119149538402 0.04790460309915189 0.0628601946432431 0.046431899749493494 0.02451164650290699 0.06599198863296281 0.07582400227865317 0.01070045865113876 0.05591505331479363 0.021763517150393444 0.07214582647486871 0.031347774762119196 0.06475034367287213 0.07482932805549915
15 0.007208989824327094 0.03293011370546149 0.08410610849902468 0.06179178514873577 0.04472966225784361 0.005551913243941138 0.06145095952294614 0.04919713282515233 0.012240020272956089 0.0518093058019421 0.016921296198272238 0.03455070475178858 0.08117987549776062 0.07945272424601477 0.027298672910225752 0.0851530986529992 0.04854061529797818 0.07986551074887308 0.056865197798845045 0.07915631279491206
16 0.07306762155283854 0.06322842737098373 0.01018247241907007 0.041271408178102334 0.06567260961151315 0.020241659019431917 0.024516651157471484 0.056300770902309706 0.07627304470005467 0.03318526185569213 0.0863210608511343 0.07418920052210064 0.03632779205310804 0.04419199490065268 0.007000269383980031 0.019954593181643818 0.026268477843543955 0.0951948462432307 0.07565451138986835 0.07095732686326983
17 0.0752272296913059 0.07258609798127577 0.010030075990029542 0.007380799074213693 0.021022389173215698 0.09242044276951226 0.05853491893815335 0.059311258793775815 0.020689931100052652 0.012417001208044127 0.03035469270366367 0.022443780774407264 0.07986404246769947 0.1071533297558747 0.009097553998481571 0.06934394741720458 0.08422878744481495 0.053336425137298464 0.10406600839411217 0.01049128718686437
18 0.032723008910074625 0.08989128754093852 0.09437016389447969 0.013351368375682104 0.07829572913491817 0.08153935078950912 0.005853440385068942 0.06077854380692228 0.03373501167512162 0.06873667765440596 0.05648476973696169 0.049764727956143895 0.07379227413847206 0.04269364136853895 0.0023927821453381963 0.039851931237893774 0.06606849264224073 0.036942940735914614 0.017101617299457448 0.05563224057191759
19 0.061813418969963264 0.07584977076736808 0.08956917586219232 0.06624106194108197 0.0442476844174839 0.01910361696197638 0.011941792874645973 0.07333883558445661 0.039514980451065634 0.09776153584188703 0.05743345683171581 0.030951377732510634 0.00854747489475171 0.04512103740841093 0.017095477909951994 0.06624743922005878 0.08100352298842672 0.09248071474588893 0.020922742874669737 0.0008148817214932916
20 0.03705837950790263 0.0944068228621098 0.031126152508021983 0.045722209695224156 0.06265028932669123 0.00258907198856896 0.04461116464318608 0.10623455028187462 0.0619058636183015 0.1101754355842304 0.029170834175903305 0.06799310731576244 0.025236856391651585 0.020554584602737378 0.10405681626702872 0.014968454498012521 0.049590772787170265 0.021140272736008103 0.06282595480441075 0.007982406405203568
21 0.027179211252876968 0.08286022318746927 0.04452158476045369 0.06032282700250056 0.07164985774187178 0.05750702884292073 0.03889052930519037 0.09673971705112798 0.018214560504625048 0.026814845142713414 0.0032236565080047256 0.08613750136691321 0.020955788301927767 0.023353001407969615 0.055135297069777385 0.02935958123384915 0.09861433608595724 0.046654759764892285 0.04103797216545063 0.0708277213035082
22 0.10619679519992987 0.012110228827157293 0.04036061583982657 0.1263457107463269 0.04574811679639245 0.0280270605789508 0.04864853298815815 0.10046137831003135 0.07782319868788223 0.037895932916086235 0.04688091102763063 0.030211295483356517 0.07676400765793322 0.006252856033904149 0.05260501088048389 0.02735957667311751 0.017631648609086174 0.10004599690419332 0.0006949928138922916 0.01793613302566062
23 0.06713226293219196 0.08002386034665485 0.07231464099637747 0.04455667088093235 0.03450947018616953 0.07315696365108883 0.04112327784131651 0.057410221677841274 0.021462692812836623 0.06994415050042015 0.021372456081986187 0.08011795656374261 0.04223514839123626 0.008565641807127171 0.04296142851692242 0.07961446362868962 0.0659576241117482 0.07044265823201383 0.0010753220009636502 0.02602308883974051
24 0.002337347824332645 0.13481542935181082 0.05834381092493787 0.0771045360222709 0.037698693765462546 0.09322621227125573 0.06607556054690246 0.09955006270912821 0.04790010429589178 0.029478119761172473 4.4200699117620265e-06 0.02056720976473321 0.056603397458294215 0.029752840565332155 0.001055510306253828 0.021371834374082795 0.0020298090729079054 0.0243180945896295 0.1423455563517826 0.05542144997390653
25 0.07123180136418152 0.044396013330209004 0.07721811177939752 0.10207709443526178 0.08041061947534629 0.007969911599007473 0.09733173582639776 0.010702433325614432 0.021231131431750032 0.02777233378539353 0.044268749188282004 0.03353605075730168 0.01949491291695409 0.05816051594049007 0.015450883719309522 0.03330479997846926 0.09017039768523649 0.0949008372316948 0.03198689281340616 0.03838477341629651
26 0.04410788395626012 0.07637152844836781 0.06044708203255553 0.07339401734983245 0.08175804678561777 0.0637378117024245 0.08653809650458902 0.03753411155830389 0.0676217809168522 0.012500300116952644 0.07503817633869077 0.06153617677369054 0.088033840787965 0.010711214493533596 0.052138988230208044 0.024713265324562406 0.05454709795121918 0.007813792495277383 0.003147340056369317 0.018309448176727604
27 0.005292380459889058 0.01663490837705964 0.0647747506615027 0.08104525225536378 0.07600975554160375 0.045994067412998794 0.08398402152891034 0.061956719766429046 0.029255540707015342 0.05855784803006844 0.08240740407916006 0.007315865932155586 0.06394010010222118 0.0803555390636614 0.020090019555994328 0.04943787344954228 0.00988710399845383 0.061192081566504554 0.02635998177219567 0.07550878573927008
28 0.023656474866402516 0.08537109029642082 0.06415075537826939 0.01887869083285838 0.05551003856068233 0.08258756758774428 0.038589986307953975 0.023319126640279575 0.007656412095779532 0.06683764753493683 0.08527684658847087 0.004623699636995503 0.08135124644182833 0.08159540110136074 0.014999871298946836 0.0004906416087757806 0.09112353138949418 0.07593621274400399 0.04588607476257728 0.052158684326218875
29 0.04800737016265943 0.037995577247093 0.04611100587761188 0.014935378716036406 0.06904394228096954 0.04519425627989159 0.021718608042133974 0.013045413595432959 0.02241057959739008 0.04106029113652524 0.04743057846373397 0.075680861675617 0.03782173859943387 0.08204598860231649 0.0741521951505436 0.06917796456895188 0.05189723170835831 0.05608959962969732 0.0608881651225001 0.08529325354310338
30 0.08728459998514138 0.03778980556811214 0.06373373307319523 0.09681134107802808 0.030904977028608206 0.03300853556850734 0.019815056781751505 0.05353817695401129 0.028988018121744466 0.04997668834160922 0.03498231188339083 0.010742501573045205 0.03332718505782199 0.06885787002882751 0.000916239016799459 0.10465525021437008 0.06890853408733795 0.08398007460029204 0.027582884720998166 0.06419621631640805
31 0.03588904229311034 0.010994642394968675 0.03207404528057593 0.02571378638531621 0.08858668822667753 0.06572923860871695 0.051835669829951025 0.06038070916065216 0.0800734434151085 0.05894670853683497 0.07504911794487384 0.08332086945811483 0.07571969736379036 0.03812321495154793 0.050825203339461514 0.04045699422206021 0.0028598282804702404 0.04293151041540709 0.04744923625131765 0.03304035364104403
32 0.07097347779722937 0.0390780982887475 0.04714295010900172 0.011752296504066633 0.04782982035244932 0.08584039812191505 0.07259765566901318 0.06732953842608475 0.027218652173054934 0.019104252844611008 0.07709674968794132 0.09633908857199187 0.02106675759741152 0.04683135034627694 0.03884231070744806 0.051213897665461194 0.04007581428840309 0.03737335668607013 0.029678085530104203 0.07261544863271842
33 0.08896706132035123 0.035888768892925596 0.014297888552950657 0.013676282582373871 0.0201776101189172 0.07153016202734726 0.03829319411579786 0.032866092012604625 0.05349576702253319 0.03681413622762541 0.0895252973573375 0.050781631797694696 0.0840315406914243 0.0710053037996883 0.05302071127034243 0.10276927703495566 0.004263851488435636 0.02663556268067747 0.09336095971857701 0.018598901287440083
34 0.031709100187968985 0.08060204909500293 0.06966199295203195 0.018056208087140452 0.0799013432460106 0.04958015946463078 0.006096263658393195 0.05731829086272908 0.09241338114450197 0.0792315986025301 0.0724469123907858 0.06580121159873463 0.01907814855995785 0.0775406501893057 0.012424583773850905 0.0446292900788133 0.044400026483056305 0.015283761033046232 0.01961433772259651 0.0642106908689126
35 0.04260413793877504 0.04312095801510922 0.002765486888575628 0.09089002177132947 0.07728482504152717 0.008247985016767854 0.01809262075304354 0.03347059725591902 0.06388208094448533 0.01202099203225258 0.04728987237842183 0.03785240141727443 0.07915171211055722 0.03657087544497744 0.03637958430122047 0.07981508124327866 0.09504345839675618 0.005802363442343842 0.09702463510157211 0.09269031050581283
36 0.03203226071039626 0.045661699783099786 0.06543854710246273 0.04312961742046636 0.04044262445534643 0.06996808433337916 0.042843947300460206 0.0530142449281827 0.07520359699455198 0.06666523000598754 0.04016393384024289 0.03921590537115644 0.0760558726101149 0.018916936439814076 0.04642296873529871 0.07385697816525684 0.07258955392987854 0.08173796579056343 0.01599255863107195 0.0006474734522688549
37 0.048360864931622984 0.026901536436495264 0.07695896460861056 0.05099002481762469 0.05096615447161942 0.05882293573012066 0.029890115457617668 0.05363843082995257 0.08117902523168288 0.02101404474052757 0.03676404770007459 0.05762380387850249 0.004633020845547242 0.07275862003427089 0.045367146976932074 0.03780098169585639 0.07229062561582189 0.039811432481725056 0.06833716403910273 0.0658910594762922
38 0.07547865640392563 0.0996455830597421 0.014256762399246389 0.050606447397935884 0.08150121388282965 0.01557839820606767 0.06889274675130369 0.0687167446438984 0.05262616125330052 0.027265935177100593 0.0750746669989587 0.02079556417726493 0.056870608789260486 0.019614643779073505 0.026125881883235596 0.06924434233235499 0.025482529735495214 0.007073412068736719 0.05756062172124228 0.08758907933902692
39 0.05469795328371853 0.09326727540784559 0.09661655433134297 0.02262972090763867 0.041589833253987255 0.04397924745134703 0.004069410624907957 0.05452181650872319 0.005767879188221549 0.03268013561441341 0.010813411118477266 0.04786615017544959 0.01669895345906729 0.06851724233419607 0.04329021938719587 0.07105062439091694 0.09312695608263355 0.028240032160936058 0.09175925055600749 0.07881733376297377
40 0.03485720744291826 0.057089231822775206 0.0025452454782410885 0.04673110262851469 0.015167452376292866 0.02013592236869537 0.0072838879197125676 0.03847615731712248 0.08267063378386852 0.07694229529994696 0.03784862467046207 0.06598560334883907 0.07477712696856548 0.08260730916628588 0.05286740854717457 0.06797575414575706 0.043563446340253914 0.07065373380521496 0.07445480370456564 0.04736705286479336
41 0.010289600897593306 0.05074160304718479 0.015693679103519733 0.05945255962148278 0.077341735506699 0.0690186662534928 0.08065571582783909 0.0724556124552779 0.037040685842382605 0.05869392087006952 0.04149479230175747 0.04528214641144629 0.051730971438460616 0.08442415620444386 0.04727412119511787 0.07619120105509013 0.04907894933560178 0.01774200115131321 0.02156168226479908 0.03383619921642798
42 0.07106103679237326 0.02291595836477725 0.0241845155462616 0.020714727007432928 0.06923379936658239 0.03433192480171967 0.06961026566149571 0.06154746315938387 0.05132422761997893 0.029740666041306464 0.013385910085690844 0.08960602039895597 0.08893208731975534 0.0593118866946519 0.026761692276056227 0.07881040639151758 0.0029952740451796925 0.05244781016658085 0.06351293064948656 0.06957139761081306
43 0.003426491868964732 0.08091159438996516 0.01679980414697447 0.07747249707397957 0.0818455569406548 0.02082091629332381 0.04862387750839359 0.0421092891729522 0.04019672530003468 0.0801656480916041 0.0745094714556277 0.017397025634903064 0.025496135959890476 0.08388360611978578 0.030755726762863946 0.015964613622211667 0.009760026346685964 0.08028310479656069 0.07608439106930896 0.09349349744531456
44 0.054121867011204014 0.041289549385723184 0.030598886707479202 0.08247850456664839 0.033580054429474766 0.057728316674406484 0.07426444542283575 0.007526646233033119 0.023675030648918766 0.06152283821687622 0.050341514580927726 0.06318720500162106 0.044896078400058125 0.06145435005491234 0.05826453410484835 0.07181804339290446 0.06795374782735109 0.0264910386883144 0.040968193707688144 0.04783915494477423
45 0.03854479183569596 0.03717967410863295 0.01536506346623564 0.07657332798638038 0.038338767511715645 0.10542713978979627 0.021040010849803982 0.013414883651124934 0.095895661788227 0.03478587441063085 0.09385352282167729 0.005096044127561761 0.0500823180148937 0.08702622850984469 0.0668791789002821 0.010005542168228444 0.047279727472411506 0.04981823964562781 0.0064016726262580825 0.10699233031497121
46 0.04057843476461133 0.09605568603461898 0.003822607183020588 0.030710646677232264 0.0620425283444561 0.09325229650883385 0.004775740137226199 0.07106223778266327 0.006330179532252828 0.0648888338619605 0.06866263840434937 0.059369225433992937 0.044201390377015995 0.0820628848607156 0.007186249871722618 0.08081674023569553 0.046755358301264566 0.04036963529256174 0.06514863037682983 0.03190805601897612
47 0.006839039687456259 0.01971768935785302 0.051239990068191375 0.07768073038834597 0.055938768173963746 0.07036047643775387 0.0684960839738574 0.06189369201654009 0.07530993845939589 0.06235344808282203 0.05797563163539112 0.039135534648502446 0.059396696594437554 0.0061814043809198735 0.044568583799830655 0.0466329009901397 0.05051822756973261 0.060780584618494816 0.027660084218304584 0.05732049489806715
48 0.05021064413803527 0.04045627490782759 0.0031558936192034336 0.06589807981143006 0.036347118194157355 0.08576294636196137 0.05214208172153318 0.045449242449718964 0.05093858707530145 0.07687827811361092 0.08865419434468766 0.04460530532327825 0.03531512838854508 0.05924375875871147 0.06983967432327655 0.015142913878655982 0.025259575799981542 0.08192261824158384 0.01274918746380888 0.06002849708469128
49 0.0020483676599567725 0.09503809422530986 0.012987479891792412 0.04030074322159301 0.003299799055532275 0.09874075699684723 0.03397732850199027 0.07094162994188914 0.041800692937839605 0.08560139233605572 0.05147783077551128 0.05478452739065071 0.051913524890598195 0.0556138933114948 0.10550708626253741 0.0023570596291495804 0.03435158887706988 0.03847517423771315 0.06395880347580961 0.05682422638065913
50 0.09746955379488714 0.05204154918103633 0.001576242158693464 0.015422943167164204 0.08956573053983694 0.05894081795335585 0.01701105496540971 0.01772619935071455 0.05525042414347344 0.03469465755468943 0.09398217743992412 0.02525947276805531 0.05102327661497389 0.021209138609557518 0.10227650017785447 0.08451227135946317 0.030813405450922017 0.0625119439052477 0.02309934180145681 0.06561329906328418
51 0.07270527520432997 0.025535557884451894 0.06519681261264341 0.002994997787837953 0.03710009868235767 0.0948362021971228 0.038628405741211534 0.07817605202777443 0.050390771788168365 0.09208290700377034 0.025421852983473794 0.010518361994093743 0.050208007092696384 0.04549866454582659 0.03052603407109566 0.045962438625042214 0.0899151910122851 0.03980182998293039 0.09075831777735162 0.013742220985536152
52 0.023286916373377393 0.05505129814018929 0.07559474520652215 0.05206767615606564 0.01065027999592901 0.05191088499792788 0.07149435574488228 0.004620561567455001 0.06254626837839612 0.08171011686409438 0.0012917196599004379 0.031237484998310704 0.0782703961279084 0.03171678042453125 0.04401279760851497 0.032700381982627306 0.072597110255053 0.08097243681651273 0.07529171250870219 0.06297607619310001
53 0.07905875132711132 0.07458209370879496 0.01640255887139228 0.08762846461136531 0.021087591167736154 0.07058311982515125 0.013502032616651309 0.07963474688550369 0.04610418406671739 0.006479153909302951 0.061663640773201946 0.02149629150431823 0.0767002260158889 0.025883083474810758 0.03674596751439333 0.024381835230735532 0.010421966584960925 0.08276975882296266 0.08475231324963123 0.08012221983936992
54 0.08426229439776686 0.034862852509470105 0.06370395505873885 0.09606614015738778 0.08686288154742887 0.0035860205201031577 0.07085644523996673 0.06653713927710486 0.06207263270123309 0.01613737662679452 0.055638433600364544 0.03752531323182776 0.006363063289913702 0.04795914276357348 0.035275705639418495 0.005889614876696307 0.09116069300090195 0.08685433460052008 0.046195202624326165 0.002190758336462488
55 0.011760060980677719 0.04844854080595398 0.027228081711179256 0.07563123356156988 0.006752576836825349 0.004433281055247295 0.005005482303290645 0.000239347609014617 0.10064008655087155 0.06620318277335338 0.05508225213116955 0.01834723350693356 0.0380750369116652 0.07737922223372248 0.05848654308567503 0.004532837584660162 0.09456661445139074 0.12130881449077188 0.07251503245967085 0.11336453895635688
56 0.14083730077482737 0.14204214861390693 0.012920015692919895 0.025566705651003076 0.13822872625469626 0.025527667798520507 0.03184546120911771 0.029771297679718388 0.0486457056326937 0.00661902247928056 0.0010819756798618226 0.039299622917181705 0.00013965134918588368 0.057489358894719046 0.0030084904146031417 0.004265629580674628 0.1334295320199943 0.010013382436773393 0.03365261535527965 0.11561568956504169
57 0.018442773082449553 0.031042787235803858 0.06098975487664273 0.08454338423055201 0.043054160416289754 0.021788151615275454 0.09153089785152041 0.0273304452962472 0.04878471197910239 0.05704848083431887 0.022122900313090197 0.006484557710631454 0.08578178526457596 0.08621584616255391 0.02685597918142848 0.0787691838983575 0.09271771561613308 0.010263689326360077 0.02180543832530468 0.08442735678336248
58 0.04528619056382108 0.0767681336274486 0.053486470625009726 0.0394400796560117 0.028767171226740572 0.06264680087710388 0.02807768035890177 0.06719957362895417 0.07371251630318766 0.023530580217359248 0.05824553492423639 0.028097666260507585 0.02025553975327473 0.06368937179739971 0.051438355706893035 0.07054886936900932 0.06961533966293455 0.064312800276657 0.0637708675218958 0.011110457642653586
59 0.019647335787032327 0.07738261886033009 0.047464909164335295 0.03869890428858654 0.08264569171808206 0.05626405788019314 0.08453221524009577 0.08545818524291553 0.011255874083002881 0.028598041092861036 0.005033404549540747 0.08367033406696711 0.07416945489165429 0.0031623870839844297 0.04035191082187938 0.028840287086835396 0.03981449519969254 0.07324605828901966 0.034941875673316795 0.08482195897967502
60 0.009376609315266711 0.07293354823475325 0.02742944422332233 0.07698886117408399 0.03379827318233412 0.07114042740294517 0.08298683219845464 0.02708034228711179 0.04994646495821605 0.07925410079740156 0.03676981176789567 0.06731998936930443 0.025590616807600587 0.04992820568642414 0.005837080395884263 0.03696188302923805 0.04945513986621292 0.0909147627047621 0.06394717768630157 0.042340428912486704
61 0.033889287101688856 0.014324982634300093 0.05099489213955587 0.027727685414714043 0.035079194320760794 0.05790193648099433 0.05406431039705283 0.06457326930850035 0.020102630278441114 0.0732662181418308 0.06339177755426256 0.03975218514156011 0.07993225742208479 0.07217347867121575 0.0027465066498679564 0.03980369264882338 0.08096789506575641 0.06759175161113704 0.06810362806561034 0.053612420951842654
62 0.018347112964669027 0.07197513059406521 0.09888197623043382 0.012905014658145347 0.050333178568199514 0.004535552938865876 0.07503602546020326 0.020246806462241085 0.0204009105634502 0.04812683379439823 0.0546359979692528 0.01049472304297326 0.05994410227769085 0.06350829551478067 0.034371323221261026 0.11275661083064097 0.07253310869255154 0.03536736328465021 0.10929751965025777 0.02630241328126968
63 0.07313344131342478 0.080132301898014 0.011031633584242808 0.08493401184430255 0.05964312403494247 0.06781223083663661 0.09007409672721971 0.05256029347689561 0.030395825922315288 0.037141851019485035 0.04830253016810667 0.04415822064730001 0.08873879723667029 0.02208332364993459 0.005601129032308464 0.02896327845765506 0.01864481135074679 0.0691951468284338 0.08591046498450616 0.0015434869868593255
64 0.07486033417167368 0.0569329437762519 0.0018138726073993693 0.0666494559907857 0.0028636391024280472 0.05982014279165611 0.04434287411782946 0.05865362271941207 0.10039757196905331 0.05226998646584503 0.10053290575445142 0.050400413087385715 0.0373342017937174 0.012821786188253371 0.05028258724599126 0.04341077395200191 0.046456265643698307 0.0498270780000386 0.06569948988322309 0.024630054738904037
65 0.08720369439923793 0.023718129002734428 0.0019983368161883806 0.06973251876949565 0.034388156374063096 0.08890991140354804 0.020309546492950508 0.10002942808501118 0.020659300764435593 0.04283124281824715 0.005908150013745128 0.00872889375258681 0.09636738930032213 0.10684630688994728 0.006963984853865983 0.0026557316777855093 0.053579287630595177 0.10540492065370258 0.047333866734866094 0.07643120356667157
66 0.07639662389065277 0.042789397640880425 0.06270909600302269 0.07665304190556203 0.08856032217580055 0.0040141483875220305 0.05325487252750179 0.07609751701078697 0.04059447561856938 0.001093580335474283 0.008862538726452754 0.04296846452219165 0.0298231477988011 0.07551335647335933 0.07848717356117255 0.04888113480685954 0.027054102542344614 0.08074903522101719 0.014842191721625849 0.07065577913040258
67 0.04396713311770067 0.031212949766008934 0.016253843960324615 0.018208483927000235 0.05952602084866132 0.06275287171534352 0.03521206067723275 0.03157608540289607 0.03986120371919681 0.11652014247834468 0.10431425691727282 0.047945929151801986 0.0032164310144289186 0.03807723673401433 0.04363756012693579 0.03270863169728502 0.045610727109605904 0.11339219165380653 0.07249082979053786 0.04351541019160125
68 0.050633868443916076 0.06927517629623954 0.03401042959146765 0.025065767992756758 0.06687731610175887 0.05543525291663655 0.06949050122613001 0.03470358810698261 0.04400466816990001 0.021021213236856205 0.03832023716241598 0.04944619819961184 0.00919826748666054 0.07277866678085698 0.029734850148504806 0.05048978493209848 0.053234030666027006 0.07289641966284369 0.07325841017608098 0.08012535270225553
69 0.06593742289239457 0.011694860190347154 0.04096484494372885 0.09587595562427896 0.012811159334116296 0.08946066326250134 0.007287177337316034 0.02681158366145908 0.07554771860039147 0.06772597831624216 0.09371273434995936 0.09170540331150534 0.033193112026876255 0.022030753147616287 0.017067063855179723 0.008011357705806986 0.04648338271411037 0.029763598743124883 0.08079704132469859 0.08311818865834641
70 0.08587669628903734 0.04635036978018869 0.059855196799748815 0.08058732871129085 0.005121568832800297 0.03852189575573958 0.020576178449058673 0.09392221806725104 0.0344209608936636 0.010273548189961939 0.08324905581114272 0.03639264435274121 0.04869390740254548 0.07590658875311941 0.054185077216557416 0.030251881234037097 1.2858480200251681e-05 0.037733517317433206 0.07959093015116553 0.07847757751231675
71 0.02926430594549194 0.06915973784649032 0.07028914675535561 0.058599625911491864 0.053039840707479684 0.04296007884201152 0.06436668785272204 0.02082464723308135 0.06564891455963082 0.060281599943697875 0.058083281827974426 0.01915638165810626 0.06903355661277161 0.06316055372930776 0.054633969434173375 0.015640817089200162 0.021879194529941966 0.0515680911486649 0.04282216747488146 0.06958740089752523
72 0.026034694835106963 0.007224966393014351 0.08293397240642104 0.04222196143903923 0.02255914513394128 0.034951459097505175 0.046233145061227866 0.09739049907993162 0.020733085676226455 0.053551853190812855 0.09441876071062433 0.026230448653840655 0.04161695572667039 0.07531985512599536 0.04258259213754424 0.022297531287267275 0.07723954776865742 0.05320605188964508 0.05873323198542723 0.07452024240110112
73 0.008479943644437994 0.02471104317114552 0.0427742684818768 0.11607327847121567 0.09438343718518141 0.06129342632894388 0.03425659330393448 0.011370446775646059 0.05345660806440372 0.07205713314051898 0.030224865908365137 0.1183983056078134 0.06344696397457551 0.012245668050938399 0.01905456942005314 0.02368249749813054 0.013208777907476484 0.07144558493220834 0.03479531860239192 0.09464126953074228
74 0.016067379913174296 0.036958531902102756 0.06581916247647582 0.05443185462753141 0.0542356939143555 0.051984098323849426 0.04228214981466339 0.1016838411603823 0.021546577718804426 0.027650909223319885 0.08936685798721028 0.012790877039106658 0.04464576641076132 0.04069871961779711 0.00034698323874633215 0.010089317177589575 0.1016669140926404 0.0548136183442278 0.0665351419447392 0.1063856050725223
75 0.054800687799068847 0.05154816777939915 0.041222193049891095 0.07490298014729353 0.07617546426527279 0.05396530256899342 0.03094650173359929 0.07573638544375944 0.07797217209348407 0.016102063193345294 0.020760584031155223 0.022388673043080037 0.06945543613170183 0.06601811653559891 0.06856882543654255 0.07517214540461539 0.004731442208425098 0.007686546513645356 0.04199160080526427 0.06985471181586442
76 0.0816229091244189 0.0026930668414989973 0.06499960818689848 0.09145595707693929 0.046170546390280565 0.04072204295356374 0.029523178364956795 0.06353149995507794 0.020707743381068622 0.0005228523381596357 0.03823439679845931 0.08825168929552495 0.0008030856972842143 0.04005306128059505 0.07854432047093778 0.08553943007166993 0.07462207784488388 0.08019215232079652 0.058799823398280285 0.01301055820870515
77 0.0030716506193515327 0.07044472843879274 0.022384678269679638 0.07290603941098048 0.08178117613222562 0.06931287362871537 0.027618214850643263 0.04984478861299406 0.008582027890758417 0.012048529388335356 0.020693593483155994 0.08337451823356656 0.06826263886612319 0.05919321883639595 0.0529883900631638 0.03349553601324188 0.08555761409011275 0.06409243070222001 0.055370859211325195 0.05897649325821835
78 0.07487427383986035 0.0031555389265241693 0.05696468880061655 0.009592683039899354 0.056960023563779306 0.08631597700820696 0.061935037966616924 0.035489496102296875 0.029320569246512173 0.0751741223345363 0.05679022599388001 0.01427985808636582 0.0810725945760777 0.03367533548197861 0.03127954771003592 0.07355289813367942 0.06791931129292748 0.03686590861441962 0.036173827385522626 0.07860808189626373
79 0.0773774222067005 0.004489331440099247 0.027787525755719574 0.04849395930764435 0.09173984154794691 0.00358277347328816 0.04221013010423089 0.0033247086087163976 0.030493818544878693 0.053998201041147435 0.09053136987334506 0.03699410638220865 0.09073747025319444 0.09601546622253543 0.09771954818513226 0.07888731188366721 0.021456119033940547 0.02885260721814265 0.03128591552321613 0.04402237339424554
80 0.08094150140365948 0.005113230742626267 0.0037945365842009552 0.08634101683435096 0.08028074011486724 0.03244177077904898 0.05212010432544005 0.014569141773809732 0.040216593109614535 0.03143124226806844 0.06924990522831158 0.018039605973801068 0.01815340959910562 0.10120117389916598 0.06733950743108554 0.04223108866251361 0.06207155015443814 0.07659723642911219 0.10412921654678407 0.013737428139995534
81 0.06948080541158694 0.08894728643911883 0.03221027286187719 0.009112114346303893 0.05168444140302279 0.02558010115602949 0.020396771069007124 0.07128523853879239 0.041027248415404456 0.05174367225071014 0.07557773793337635 0.03780109033574764 0.0561150669426108 0.0021044290661754055 0.03936960482180567 0.0919095494811259 0.029608806539902312 0.0936976972808223 0.10253869494964242 0.009809370756938036
82 0.03027660378709207 0.013902407928219979 0.04581526117525144 0.09556835863375406 0.020015268183599638 0.022274503135267437 0.07603076603225441 0.06699116298794754 0.0316439193550357 0.08926023664376491 0.005018568728753574 0.07510354773469971 0.04020113286390638 0.06427463451189164 0.0011846676939842164 0.05719802713891137 0.0533116220739882 0.06020814130183742 0.08407279915952459 0.06764837093031548
83 0.10409556841817816 0.10807442729157556 0.04696264242159838 0.021359419087250933 0.057927319956724385 0.011512903706543946 0.0981465876984806 0.0246661697413015 0.041946139592720866 0.053973004088177325 0.059600836083952974 0.002137591457369564 0.04389363000497744 0.06964819121209596 0.06663848924576302 0.032206008468900024 0.0334857023768758 0.01905726042584883 0.05259871666116768 0.05206939206049673
84 0.07199073456547993 0.11155037755398028 0.12336456351647598 0.009091624159786886 0.08052645500601219 0.06847655198300084 0.02534008849872683 0.03502800600734476 0.02898327705058612 0.001058065335177297 0.0213512629402519 0.06952074966227413 0.056006274119656425 0.04071824789153456 0.030334546190191422 0.08168087361314903 0.03814908827874545 0.013134800734673286 0.04756365664569203 0.04613075624726062
85 0.08417946868598701 0.09524633847406919 0.009476954808217024 0.07677354108785645 0.04002439139396757 0.10091988562235586 0.04840987779521541 0.05277900016469451 0.010700866629142535 0.10617872023370978 0.013761011357068437 0.04013204753538626 0.10375041080544671 0.01789691463910483 0.030740744582884724 0.05633293352181536 0.051440702152875294 0.009999389886809987 0.006680136985749894 0.044576663637643184
86 0.03611377678544903 0.07852630979430394 0.053614481756456514 0.07179591226998724 0.06153825358861116 0.07600644362198938 0.012049552990119687 0.05782414634129827 0.06850782680145083 0.07189443857706607 0.007506540548970254 0.03080910471586629 0.026792140602608278 0.026248828114306542 0.05597458418991312 0.07964188922148897 0.04331745902855637 0.04399116869724905 0.034906864029318495 0.06294027832499072
87 0.042370376211490896 0.013920086606556886 0.06868332111426964 0.05626083609655729 0.02025589517104519 0.0871556842413717 0.0548363942430362 0.06111923416933861 0.02450315664778599 0.015148174304392019 0.09292707053851121 0.028860615227847653 0.037399279350400653 0.08032667757808172 0.05344780872615939 0.007684990645212565 0.04455363668921847 0.08822485684708563 0.03846255579147944 0.08385934980015887
88 0.02805347038877198 0.025760276446129427 0.032729615331461605 0.06150521239242947 0.06700303302847621 0.07459112988568332 0.08387400447763954 0.051788042292336585 0.04741121963463544 0.04111076649689747 0.06059347855926437 0.05437993802395015 0.04705818958014504 0.06899554501813578 0.02244895327117189 0.0836134303020948 0.05509141996448104 0.018153385343921417 0.02467808971215996 0.05116079985021446
89 0.004340402080968991 0.041728079568849795 0.018325699491164617 0.07889359930903767 0.06070754770643393 0.059893734777399295 0.06729458078997091 0.0478258133542638 0.08198577108115107 0.046098980257199135 0.04193150585109218 0.021030502899576045 0.08099513261075346 0.036861354003111114 0.07963204563002041 0.06643582077836671 0.0506824091306665 0.06974303689801147 0.03841004370232837 0.007183940079634562
90 0.05672082223764476 0.007930106583527744 0.04335768412701456 0.01568863993904219 0.04741900368079465 0.024169659476037015 0.05393194105648336 0.007861364142996125 0.0591747819868416 0.08645791124233541 0.05839182636501171 0.031505904705205375 0.06746483325723597 0.04971418970227793 0.051820072654798495 0.07881038037466426 0.06946050582943715 0.08759754700854275 0.09075135871711683 0.011771466912992065
91 0.0877739173758825 0.08615329565539029 0.05231276949259355 0.056393870038243345 0.07393830065879692 0.0006454940798587869 0.014633851587553273 0.0024491897581706704 0.07023589540201332 0.08999289566418173 0.07973649026387479 0.07249471175286289 0.0467209920941933 0.06504439734572999 0.049682094325244494 0.03279319528338606 0.07335508765113756 0.004607796092577391 0.030982035240383742 0.010053720237925442
92 0.0007698489907874842 0.06902002361656999 0.015020910707993778 0.020820911582605323 0.03469157579593334 0.06211388119944346 0.08639977290006383 0.06817931680426331 0.01672228619673306 0.005770696291170599 0.07102910834324636 0.007573438714875662 0.09138502805877614 0.08926910569147466 0.07694093753190909 0.01373117570383211 0.07190414131618199 0.03867153932708032 0.0791059808914462 0.08088032033561333
93 0.05939097665007117 0.029587236283689294 0.02438818081372587 0.02040586928581486 0.09222153951838934 0.027802142502014265 0.02088993934595701 0.03172665023378617 0.0432156420520337 0.10543447476890437 0.08447543170093748 0.0803732417175511 0.04664091690075071 0.0011021432870627372 0.06580489872959061 0.013019130740360155 0.07413522166463571 0.0575531387068594 0.03286576568013473 0.08896745941773132
94 0.0016791661511402543 0.020101792599464954 0.09002037810969339 0.02331032647180361 0.08553073338592912 0.07416548408610174 0.02507626616220556 0.035013306601158915 0.08682470926077973 0.06429503903730555 0.024429485119592285 0.08730029215318523 0.04147145879321675 0.08903766200935802 0.00486833315339485 0.08730238957921899 0.040127727863057634 0.08416078866417682 0.024113316576182528 0.011171344223034148
95 0.050279991903023825 0.032862111071977215 0.052841090433929566 0.01961679287760776 0.07686188823226461 0.044301016234490925 0.03943127589653504 0.05195522496094847 0.04888790673738765 0.0744516051684608 0.0672092033431488 0.08457052284595838 0.02623722441739915 0.020761993558051677 0.05160176931161261 0.056278060166273076 0.028633008722621808 0.04881559646975104 0.07495653361024188 0.049447184038315876
96 0.044879190125734415 0.0473187524634506 0.002336650003008389 0.07766077562653453 0.07676292194659043 0.035192374992955584 0.042829997684857166 0.09329508273351128 0.04373646354357594 0.0447175856919438 0.023135871881551293 0.06822333084230468 0.05233177755831859 0.06169652294633922 0.02890987758862039 0.0822794283243492 0.08902142581007824 0.03625573141385409 0.018215395125274127 0.031200843697147894
