0 0.004664282231732529 0.0379029093735732 0.06166787659146024 0.06643852944858852 0.07344997327081268 0.036831853774199445 0.05510420501690621 0.02899372735896848 0.07792789959205818 0.04253529785709778 0.08343507173668012 0.08457546052638712 0.045412445155286196 0.035264387243190615 0.09239734122480187 0.010837315190679575 0.030264976587090563 0.016158691502890572 0.08341812407854103 0.03271963223905503
1 0.07607178787942277 0.004352404245646692 0.05909463083581088 0.043826362115653585 0.005356551561893382 0.08925831470822379 0.0690479695736418 0.03402836222220401 0.03974810753388309 0.05566706275257289 0.032338123117675505 0.03503682218570972 0.08923129117127901 0.04822271197787694 0.03545113205679751 0.01771372353561767 0.02778279423909545 0.0894903859449761 0.06855314941077308 0.0797283129312461
2 0.019943307453608724 0.05279668495690886 0.08376924757819591 0.058585884764578 0.06616428333324381 0.04046917735975289 0.0629376381571751 0.007824593450753993 0.014887065125861052 0.06974772083353578 0.01608545442869317 0.03838847093538505 0.02657252572971398 0.0627232835115418 0.07594240396995557 0.011963228036146238 0.06793535413268582 0.09087665966122696 0.09169560969365677 0.04069140688738039
3 0.05082586598630476 0.0815978567998893 0.10138635093244819 0.01620721505616024 0.055793606850482715 0.03948284341618309 0.08930362893333875 0.04054548377508565 0.01009645797708425 0.05078003729918059 0.056683191559398646 0.04367340997909586 0.06669980921195484 0.09697628706913738 0.003663076006675599 0.009501392868420408 0.044187812103037044 0.08804835946366758 0.03218392473808921 0.02236338997436614
4 0.02822358995831318 0.05426881519225458 0.0114260302487966 0.005575322100704619 0.02124520208946739 0.055761250361903485 0.08386986213439024 0.06813406864518111 0.06753067225644642 0.07714614681643632 0.05355373809129462 0.07004854397529091 0.05796409109473368 0.0686774302986735 0.07226558076200612 0.0577068415720146 0.012177914761264978 0.08063977554417553 0.009153949414426828 0.04463117468222548
5 0.014764492246215679 0.04358772751222653 0.025071302826849835 0.07899900044424525 0.0579815372055363 0.05868159168504992 0.09080908465414303 0.04296646727877281 0.0004993969097598396 0.03735589475256355 0.062180742977792 0.011669976262157726 0.05300231227325913 0.10804471459581814 0.003547983386843035 0.0017870345007439553 0.03252188600615203 0.0798207357923924 0.09885871513841375 0.0978494035510651
6 0.04443629405083181 0.07101519135320952 0.06506975344403522 0.04808913907768257 0.07178386367042089 0.009065960365583452 0.015239620630217889 0.05866488778716961 0.05408645631874182 0.08506197311706605 0.05045148333440456 0.03736549495120098 0.025610495001717592 0.08687482228134899 0.05471880864747018 0.08374560447370244 0.021956219691445282 0.09752785819689642 0.019151729508689506 8.434409816508143e-05
7 0.08228301867074955 0.017712278935991473 0.09328806351514388 0.012462462288346127 0.03950712618242265 0.10016900464645212 0.0017628289171359602 0.045589637969445825 0.04916196324684579 0.0785842835485897 0.07967455499151603 0.10280273550931089 0.007377838531291412 0.06676277086856848 0.03721109892170575 0.019898593610716435 0.04796162110158481 0.04233033968535639 0.04966134802573041 0.025798430833096513
8 0.08805236629241216 0.10207029415631175 0.028374547868796018 0.03661835156883673 0.02276096279368682 0.07378423699256173 0.09300427004217934 0.0681589615160164 0.04822238885690717 0.06627788799007596 0.0335887793156991 0.046866556983178036 0.09776155916025132 0.07425199020373628 0.001724168564452007 0.010194186327106291 0.056875603805221345 0.017599852030190086 0.008544958082751937 0.02526807744962947
9 0.06663980432391885 0.08747560655028043 0.08863414725496226 0.0560593617437306 0.04677044165901785 0.07369840963910519 0.004626697177669718 0.08678559345958568 0.03498347697597776 0.030986259282201268 0.0011444195726032361 0.08631517655403728 0.05187657227807311 0.005433293269194785 0.06500574809429732 0.045308862358891915 0.021119300498445313 0.041342662843016534 0.05943992109166831 0.04635424537332257
10 0.10799057177499809 0.011867174563903678 0.11720626525461982 0.024046145801254776 0.04594990227131071 0.06301085976042477 0.1375966185570019 0.007263306212923819 0.004315211469316252 0.03661565153504264 0.08709519515726855 0.03381685435912159 0.06118936846767222 0.003192403721492646 0.015017852577793282 0.11516719359033202 0.032372242813125576 0.0471314337909176 0.0017516204921839205 0.04740412782929614
11 0.04517680471850083 0.10440024850681119 0.010369696396180513 0.0321173805435279 0.05260187480314336 0.05909347488315653 0.011872833712302765 0.04016801807242312 0.07437814846726769 0.06311106479419945 0.05451676770477613 0.01376085868451018 0.09871922970601966 0.11795275165720441 0.007275845644344103 0.016112237411356867 0.06483316744956612 0.08411512167975765 0.03821900437649502 0.011205470788456566
12 0.07447443785894303 0.002574058982323379 0.04265693867018781 0.07405067569228088 0.03548932901551412 0.06900318549902919 0.014747811149150653 0.053956512695144426 0.058930686294317025 0.07149467589320933 0.0717983042401782 0.021431674881309357 0.0621603325239664 0.047960184583321804 0.014143031076325766 0.05243935076807896 0.0664429710989346 0.07346828837344978 0.025397682471476054 0.0673798682328591
13 0.08056507277553453 0.018845535223960614 0.0859372094645453 0.0008714006652377613 0.09568337201176633 0.006775551615596094 0.0044137317679433 0.07482098334795 0.07329263489348609 0.04721279394914166 0.0836846252454187 0.026065795446709287 0.06278186835203459 0.012338891722257649 0.012453699535869467 0.04568376378996165 0.08434093132160805 0.024577414756462652 0.09009921418976584 0.06955550992475022
14 0.043816651945782534 0.013999808373536678 0.00128902808548671 0.07557160377958307 0.03933644200028885 0.03049246703391871 0.007736001027626001 0.08921256306046745 0.08044344387047621 0.06757171432048788 0.04595922953916136 0.06227057127944748 0.014980770753267533 0.08737391765008154 0.00362069039736812 0.08609207047751112 0.09269116163149511 0.07281695524396123 0.03952503984384097 0.04519986968621137
15 0.014553203996081124 0.05961495048112714 0.06493582366468321 0.0006080318887518667 0.053757239824207874 0.03429322200407087 0.06614041708460265 0.08191045707492316 0.04522242748943712 0.07189959492224336 0.05974098593478122 0.08380181966422681 0.056616131538251735 0.022964753904803934 0.04098820843159569 0.0336535546776606 0.04519388040724458 0.06255390076780092 0.04341460297178273 0.058136793271723414
16 0.0037805261255594285 0.0071454423647043675 0.04340120322536242 0.0009762889717502888 0.10497036981139715 0.030551788060912417 0.08268795213431027 0.072317209612321 0.027595948002487027 0.005845644261979912 0.10226870352554451 0.08125657797879794 0.05024008897534637 0.0027060653333372806 0.06638817382460717 0.09235176105613653 0.03186612618234225 0.08048464477322509 0.08007704781070792 0.03308843796917051
17 0.013908840033798874 0.034057751840953616 0.07188068379530815 0.04332554215000423 0.027288476006467045 0.035029116713773824 0.03240845055484192 0.0484495946325803 0.08428473136612755 0.09268236102239853 0.08619773392383392 0.0026938706048272036 0.0785900334318684 0.08545903484109166 0.012312543830426263 0.09279686358869135 0.05885109889489228 0.021277381609162278 0.04058947369204601 0.037916417466906605
18 0.0715237006531652 0.041785031268314995 0.06324300311235831 0.05191142080285073 0.035007199495996476 0.05510342749286891 0.0671622543291835 0.07761055872073466 0.06014217112492039 0.016385322021267353 0.067165212636962 0.02276411837112119 0.06610305198045698 0.04637102054900205 0.055273608063003514 0.05543661382496648 0.022678772389412426 0.0510233561563098 0.017173339345544113 0.05613681766156065
19 0.059663898669054895 0.036927764363426124 0.08106684651238813 0.07812366778368479 0.05514028348237842 0.03106934932326237 0.004387716507260509 0.023747372655022535 0.0021220285813798876 0.04236844403454651 0.09270680645553413 0.04737410476778068 0.07030756759782335 0.0980580745944548 0.060402375550860345 0.009385293211759882 0.0820537403994078 0.003975230446499929 0.08729465862242868 0.033824776441046034
20 0.10161653470186008 0.0014537639887311346 0.07269598836232107 0.029658561346546458 0.07245411674177264 0.06298062466016816 0.07587466260340969 0.07620566222129818 0.07966607754860223 0.03189368436788704 0.01703918223830266 0.09222467845290466 0.004109020805841175 0.027877994793498874 0.06835623608092961 0.020516495482394533 0.018413201684408815 0.05735164412684221 0.012883867390741209 0.07672800240153957
21 0.07630811744097328 0.039588854792677104 0.05762044468713191 0.07281704518948653 0.03046660263787309 0.07979763785321631 0.00872060269588573 0.002220280584993762 0.05761704835504881 0.05898013424606401 0.05138150068134328 0.06454629556685489 0.06664483099345328 0.07921254999946598 0.02423439737801877 0.07128492868753351 0.001862526754075112 0.07408572376527145 0.022627067227147343 0.05998341046348608
22 0.05018727868130218 0.01286853179724701 0.05281491190503263 0.07592840855563016 0.019236310924097774 0.09916321188906181 0.017578735103041077 0.042129617027221906 0.09555195372922425 0.10506220853126667 0.04938528397879739 0.020807022425973144 0.011036774441697421 0.00835872134643009 0.09604917797910521 0.031213792682016787 0.020587950003648794 0.06182522710654972 0.09423533790710274 0.03597954398555341
23 0.10319558902736048 0.06516997631960507 0.06975699990029091 0.0785484082369041 0.043453206987707174 0.008046070649337662 0.04897362662301496 0.022556924634116016 0.020191744708616108 0.09524263188766857 0.028754951771615654 0.08679525597476989 0.006892197910604907 0.06116614715844512 0.02901214756879411 0.07946359055387801 0.0321464808812821 0.013546172155019798 0.05096969034601168 0.05611818670495767
24 0.07250868307261182 0.07627996866802389 0.02398774346106389 0.03684837253934649 0.06331478959893148 0.0790277715673232 0.03357134366752659 0.01569878832870243 0.07835297281764164 0.06295980875807851 0.0683006642270608 0.044423343095349815 0.05522136962124168 0.0019730342386082684 0.05997031377200347 0.07313551276558089 0.058249095893391056 0.06751193591357092 0.008224578292601462 0.020439909701341772
25 0.00422747924654753 0.05900439498259761 0.05764582375115895 0.09477506744463275 0.006653130328565508 0.08048050698539037 0.028503950425949165 0.053366969021460986 0.04600026941895856 0.0004963866674809783 0.008516952475059634 0.06986293818627656 0.03249130873163102 0.04379658380536796 0.07655670550412969 0.09833867060426771 0.005136689351995689 0.0730305390715986 0.06929075023245365 0.09182488376447713
26 0.0001326000160585724 0.06774004458735935 0.08504272885720762 0.06207577263416289 0.08310046487953507 0.09278329480934566 0.03710028296031322 0.09373212156935924 0.027889534556456715 0.025036594812345093 0.018850668689838042 0.058552978706441786 0.0925165481666673 0.006370466088776261 0.0024602619453537463 0.026799013252867546 0.020842782814029553 0.0875284285296807 0.09267417907770303 0.018771233046498526
27 0.001134317065409234 0.03001886461700538 0.03781866474256256 0.09355826702935541 0.05340175768655111 0.017755208807957935 0.0037450438023181286 0.045227699943702106 0.06330111494865777 0.06934380546147068 0.033038086177890856 0.08511858321158314 0.07993130574484106 0.06397228012890989 0.0628736906450674 0.014390512950437365 0.07948464806059462 0.00028808310511164054 0.07378080906990493 0.09181725680066871
28 0.01084040619738058 0.05562659250228553 0.059712348156393126 0.04419167198185712 0.09060779246492306 0.05981017644723818 0.008546880414700938 0.0052633573878959235 0.062166665776963864 0.0517028756870055 0.08206184366467205 0.08339354994560406 0.057988528922369255 0.049131028741212265 0.010091180130591695 0.024609956101619042 0.07696514245167123 0.04606776936406166 0.07818895754546741 0.043033276116087635
29 0.032144801106952434 0.04709312498684122 0.08045928316734562 0.07088989434875619 0.08787567091469871 0.012036869170656836 0.05286278827637799 0.017804224355690974 0.02703493649463516 0.07130083931663102 0.06002394095157689 0.04912755266667925 0.049233161094859174 0.033209868390046915 0.025554199751436867 0.020615785688935 0.07538248705361739 0.03372973131924679 0.07868290797419196 0.0749379329708234
30 0.014795210976971953 0.036549224621097026 0.020352495142837403 0.07422775407067914 0.047460722370590694 0.032472189853251794 0.049612774399823874 0.06967917541411929 0.015781566676744723 0.07076925827945477 0.10049264948823172 0.04759715098282361 0.034708545572228806 0.09971218826475749 0.09060915782319136 0.08962155365848821 0.03760066806598822 0.02731339400147929 0.029770505200374806 0.01087381513686569
31 0.07812601654803018 0.09158163796711208 0.019362449491499765 0.015165275163124362 0.040694364094114324 0.020485102067529095 0.09846900354798882 0.011130880691394169 0.016446293148209633 0.053641575661913236 0.09677388097467164 0.036215497036920036 0.07219804015339437 0.03178966458052085 0.0384238961428165 0.012388177599387328 0.103562296562777 0.059627446876471535 0.017650545177981043 0.08626795651414394
32 0.055509680347158266 0.039188019500927 0.07541855714605682 0.046137264887933994 0.003112348801092789 0.0897326825026772 0.03779000271399303 0.10965527280448306 0.10637443040806856 0.07833112486146053 0.014910501075986328 0.046448897937445624 0.01827291597319836 0.03155517600208136 0.06985003410007164 0.06285103614094079 0.011697832657181195 0.006025248671112614 0.08246260511894574 0.014676368349185303
33 0.0919848927929367 0.026689892111897033 0.08676139128526995 0.04510199165813208 0.07350570489816265 0.01802617073098554 0.11111143431374897 0.10531033883502187 0.003960310270130876 0.08820146374572271 0.004198080520409493 0.07624638189880947 0.03271577083602612 0.03034440031163515 0.08990932848923183 0.019352864504178453 0.013964369273244535 0.02530518770131373 0.04874169090495402 0.00856833491818884
34 0.0796684163272254 0.060387083233325346 0.06949524551252109 0.003534847737994932 0.05052717420795142 0.04410492506050835 0.06557605382433576 0.06621418629144907 0.023458156573159895 0.028873156631838464 0.03707471773126173 0.0651549820879791 0.019835058524985207 0.07457508655888909 0.05805645675185321 0.06093044780895701 0.07075452342172059 0.049767697729115185 0.033360788912386266 0.038650995072542715
35 0.011510862283347183 0.1148288337338466 0.011730607925276944 0.022848246034346594 0.026740910800361554 0.08470888094236852 0.022924563416897192 0.0953535215765572 0.07935206133815942 0.08325204277100007 0.02015306425980506 0.09308212060784556 0.007802436208169292 0.0001395781542742723 0.11856801180513123 0.10086186075222447 0.023036073883276696 0.06937834613091602 0.008429436753322205 0.005298540622873924
36 0.05638020120618159 0.0654790408324883 0.05551986706283355 0.008653550550673645 0.04371834917288725 0.028472795259901162 0.03706366028896223 0.0066679637168932035 0.024800244342114117 0.049536147758115885 0.03874488061034485 0.08783729544677485 0.05943203509503122 0.06976918066802094 0.002756321192638123 0.08928297247947876 0.08455951367959436 0.0679608459218163 0.0412730622358943 0.08209207247935531
37 0.10135284243533559 0.11467355695191835 0.0013668878618688719 0.047312443562315315 0.02066248240055418 0.030162729608617884 0.013113196872007198 0.08016012238977907 0.055200131338461474 0.09040727300922832 0.07882248270993508 0.04134725903980949 0.022380522040432883 0.07108447103572363 0.007038005193015126 0.10306726955393679 0.03127709302292379 0.03773329208057445 0.017861198168634636 0.03497674072492799
38 0.048665415657432654 0.02138245134808697 0.08710402818249618 0.05916529473617919 0.002494328020482653 0.09218428999956334 0.023872565828469066 0.0048084899805324235 0.07624551458079992 0.08399479643443283 0.09341560590466005 0.051256678808287326 0.04171231376404456 0.09040797465254859 0.013358449470987637 0.036821267801685854 0.08380951490344613 0.06209909931187317 0.006443025552487074 0.02075889506150449
39 0.00438460141605738 0.07411370472363579 0.014329868582380334 0.04303908185171523 0.05942269747191287 0.05882903201892596 0.10246174125408634 0.011235743434790103 0.06371805392645608 0.042846015524423416 0.03309134115290947 0.03768794243616145 0.049004022045805035 0.09486911099701015 0.09293205293008812 0.06532680360990012 0.023284968783857985 0.04474424365986143 0.02527316629738226 0.05940580788264046
40 0.024928346678916653 0.02514790961187079 0.08133925670381724 0.06433720667150715 0.0022189031626935625 0.04722665171805164 0.007640338736262322 0.09485927214219703 0.047801263399247396 0.09243580351183074 0.05480165328550469 0.00790376988507155 0.014310216819469153 0.03968459940172657 0.05118842606595734 0.09964383664097227 0.0914127138308546 0.04192920370016482 0.04815271645801071 0.06303791157587368
41 0.09232630504170423 0.06287847848712984 0.0903640613373293 0.06440100942477159 0.05720337659849977 0.03510025081509666 0.05527240394351831 0.019909898494875507 0.06977583719618095 0.02745012618465113 0.0566768154384626 0.040948069903823235 0.031921964189654206 0.005641558980144077 0.02187486036800535 0.060923113657127645 0.030295126683498423 0.07722888181228782 0.07092149566666672 0.02888636577657252
42 0.06334474608249521 0.00895864189753951 0.03625858033799144 0.09896681634541472 0.054733521688816365 0.0059966415024245425 0.09292434930628658 0.016901962020290717 0.029251879631252052 0.07611476739826069 0.061235043255207275 0.027355166756762313 0.1042665971835609 0.08249165027845182 0.020466960758615968 0.012939722886647347 0.02365183007190201 0.08338428579945743 0.021127213426000966 0.07962962337262214
43 0.06915867071114663 0.057581658635593454 0.0751914446918834 0.017811274903784674 0.014468764148597924 0.07757195420607849 0.03197302045277973 0.03129349615999031 0.09102727988457943 0.005622964924050518 0.09347306631091161 0.009663495239983206 0.05283043116389916 0.07619521884747783 0.06335093547532657 0.01261470649483251 0.0824963962117314 0.024963051289403553 0.0675823978619353 0.04512977238601429
44 0.057096600611038495 0.05802205269780944 0.07337850996137044 0.033169949037961194 0.012059806042570745 0.06770051153550943 0.07042759671363666 0.07149038187686979 0.06693971597454346 0.020167300753194804 0.05786153380386752 0.0274724233433438 0.03463971621962052 0.05910368691490722 0.016992881649577105 0.04561407646344466 0.04393698432647182 0.04552647493539718 0.07626984426694709 0.06212995287191868
45 0.010940570981728175 0.001814680173358371 0.037112490660807164 0.009155117147226386 0.051463522485442184 0.07708884221338123 0.0895252171506054 0.019936810110426063 0.06354483567806674 0.05584799498211107 0.07382556317166789 0.07020426982645325 0.021123337064344685 0.0890574674666957 0.07012418138345322 0.09248137822540783 0.036110199504129525 0.06337215145087961 0.05412716875967887 0.013144201564136777
46 0.06597095654736823 0.06547099474039927 0.07371096901950323 0.051937032440300325 0.00946543673935196 0.05174126552096362 0.03681336242610647 0.034587554988836464 0.05246237773305159 0.06480170666552808 0.04700270975171565 0.03787699210673379 0.07249185036514262 0.06685873620860368 0.016414335981162684 0.07772765070263883 0.03127984464426065 0.07478493292203459 0.05216164077800034 0.016439649718297936
47 0.10284474826970576 0.06600797987881629 0.00010280819755503275 0.006080432070229619 0.047555951538958835 0.04053037489445262 0.027929124128444303 0.0006329806063130245 0.05450766975842177 0.0973309327735737 0.014742710882947518 0.016469338848300413 0.06216185410629603 0.004798104346612133 0.09880810520290051 0.05737418086891782 0.08138653749939016 0.0735316858518143 0.05420900150514058 0.09299547877120964
48 0.040726303083618264 0.039753817737384345 0.025243864279135976 0.0480758369301563 0.10132244724607058 0.02831319091273999 0.03814035772889455 0.09933540675906248 0.015184629630378388 0.043774888167529974 0.09494601297260337 0.01641912117622611 0.04292469342701836 0.1008796374593837 0.06469656377819442 0.0737015197429325 0.04454677248869943 0.009321687952024451 0.007003565205484152 0.06568968332246272
49 0.06449833136625624 0.038616366183644564 0.048257152749822396 0.0862806206182825 0.0832602980412007 0.010590774410445454 0.03004881835100808 0.05717772652244687 0.06040161986195879 0.08314910983768628 0.038921682723345535 0.08773215065623731 0.025203351330807366 0.0694151223250916 0.004187557119953799 0.07656446449496586 0.0685515802467822 0.01756154822360263 0.030854818409350195 0.018726906527111613
50 0.04500051562366247 0.03290205990977307 0.02527721616030426 0.06148907821616237 0.081976642585927 0.09141097105032886 0.10834302439156208 0.013303562756521852 0.010968791427967141 0.05662280779269158 0.10185431319517807 0.0038347143312598363 0.007077555493798863 0.010677043130919852 0.10120952453600376 0.05204218251550072 0.07471684890571173 0.0680783138651404 0.009265111754867283 0.043949722356718804
51 0.07907242460737245 0.051353741751444006 0.04931407353474874 0.10054244482373112 0.00983923666260818 0.06391213429216507 0.007152159841186102 0.005592904172967797 0.03954932821055641 0.0809500958904048 0.07749426848737348 0.06690086215386391 0.021468045924348103 0.038084872882483294 0.0005138742368912085 0.09138557576885956 0.08624832656369762 0.015075553016437707 0.012426448077559122 0.10312362910130128
52 0.022327004088181446 0.012920483748459903 0.025345543280770443 0.05660155353963744 0.11606025711571676 0.07873814447878405 0.033397646910049344 0.10296363074463306 0.07080086293946894 0.020851714493673172 0.02576593319623264 0.07272558695910195 0.12505783427821635 0.0056118238228370625 0.008731207035333689 0.012950611395924782 0.04238519166868663 0.009184446492424829 0.04965872651842273 0.10792179729344492
53 0.020610590501461936 0.08059395042613035 0.03094588673449211 0.03558755134536392 0.08540598347150241 0.03386202757763348 0.034559720470363514 0.07577383012635928 0.00635548280783042 0.04386137956773993 0.06137577722716412 0.013968106487223915 0.054710084296546696 0.016409351288706207 0.07061332854365826 0.048787768174412514 0.05511157067971957 0.08206075727248058 0.10040067318192514 0.04900617981928574
54 0.07857236925542763 0.07628909805445579 0.08014045840041875 0.00507657884351455 0.056558211352802985 0.05958544010496655 0.07994256306327212 0.05173343940919761 0.02433014482633707 0.044546661638871214 0.05907107962579497 0.04850889453025099 0.06539182996215386 0.033288579526356256 0.002611143414577818 0.08301368269954508 0.06182213855873803 0.03516212291663023 0.035414672959380805 0.018940890857307734
55 0.011073762599276102 0.07361801409522166 0.02960320221117326 0.03689422216546304 0.07857473334068371 0.07551665377612832 0.04166592515727244 0.013692570968984368 0.10217120624964088 0.066010463187903 0.0030450619968725307 0.09455906745766644 0.0017696856520032199 0.030191141562218325 0.030495657836645047 0.055738849854414456 0.08371674709621375 0.05141802738445632 0.07101953595210393 0.049225471455659316
56 0.052729317208190185 0.04749370281558192 0.07154612604689782 0.05572139089605176 0.05420571954777977 0.04968749291201694 0.0728063998941096 0.04481427879744234 0.01316835568095241 0.08391896834515122 0.03619334643523874 0.00162154828819562 0.022158612266219048 0.08073380996432113 0.05790656733520987 0.049051551862360675 0.04720065538479271 0.017590395303339067 0.07076272512986752 0.0706890358862815
57 0.040382217191321935 0.06811582598072648 0.04160710787333182 0.07169677087536992 0.020594732722887702 0.04563548628632897 0.01728175742504808 0.08042651653107837 0.08166046799326375 0.018982261345178383 0.06926499336530548 0.043405020668745325 0.03835520845841986 0.060178154598171205 0.022946640882468415 0.04623245798981801 0.08365027021267599 0.055750230764287374 0.08428068645046126 0.009553192385111563
58 0.048297391986988326 0.10699832450976374 0.056917889068560414 0.006276609698202006 0.034836341020443244 0.047657595965398654 0.01070702850377403 0.07748170680777484 0.06021005589049071 0.06380663217764476 0.01580332619788157 0.008282129933114848 0.06765954274850566 0.12243267854540259 0.07734026089953124 0.08363343565221056 0.017210009843546585 0.011886769266962452 0.049324088650590396 0.03323818263321325
59 0.09534344229885472 0.0005246136156253228 0.07696265562910819 0.014173299444317208 0.0029035091010731614 0.08088074165791502 0.07775004190926212 0.03404866419361418 0.05605455167788777 0.09504893637901769 0.06450246967045696 0.08873508134280092 0.0011664280808060664 0.09617755583802998 0.07112998706201623 0.014855831569492932 0.09212488100806449 0.023052922025507898 0.0013548643648983952 0.013209523131250782
60 0.021816313286549857 0.12137865121703538 0.0556281833052688 0.0035120030822911076 0.018946561372689286 0.08993800079065671 0.030418837919951643 0.0041345829525466825 0.10450454306311677 0.05110012031189045 0.0756804217840468 0.05549555654213663 0.018718395057935582 0.04900581212384609 0.07339506079146471 0.11795232726171974 0.011432234805095932 0.02274765764285796 0.052857888995688364 0.021336847693211616
61 0.0654091203918176 0.027001857247278452 0.05191842277759759 0.060621141022932305 0.041747483878730826 0.0437647297951266 0.04205209399715866 0.05353957947442753 0.047147741801913806 0.01660012127506506 0.07184427406037908 0.05811384153561015 0.03610941674326162 0.02109477572227213 0.02009515992487337 0.08524755516925864 0.02725253224818158 0.09049423957387072 0.043459584057321796 0.0964863293029226
62 0.008301873045995981 0.07206912786980639 0.0576052796455 0.01778378209202967 0.04936669751999606 0.009142145703990856 0.0002242883710127408 0.02421257712923079 0.0589688959466357 0.08677800370547269 0.04619943473100091 0.08751831260593736 0.09217010062593502 0.06882624046300878 0.07824441497737987 0.06173976486538361 0.06677778726913378 0.022750056197022677 0.00011609423216628884 0.09120512300336081
63 0.0703133887896455 0.013007946886880895 0.07410568722742795 0.02309702618447554 0.013987976719687847 0.02416770826211707 0.07467554309421655 0.03388734091171416 0.03274745317553973 0.029865946589565828 0.07697502986780447 0.06673587655890117 0.036662872135627064 0.05660916593121798 0.09845397394880785 0.011183049077258981 0.06428199718797045 0.09127237936220287 0.06090451196550435 0.047065126123433644
64 0.035507845506720814 0.07799810936286301 0.055619237969027596 0.042726030559109965 0.08085382646473359 0.010553910672790283 0.04067869084003305 0.0388944503168233 0.08899583848419144 0.0707816816472691 0.039637483970149046 0.0411126351215926 0.04674564831142586 0.03950935124918184 0.01037058847866955 0.046893669717937146 0.056694904313937755 0.08047720539031131 0.03989463602347958 0.05605425559975321
65 0.03142179713444291 0.03224056879951512 0.05416570302602688 0.08878898114259895 0.036818343886210594 0.07677195052228997 0.07551864900502257 0.10242551866863046 0.009700886460480887 0.034218718158992904 0.013657143591430275 0.021642446797682353 0.027582767657193995 0.06248429165579355 0.0061259246851808795 0.06572920748044445 0.08565772036327891 0.04695664424155757 0.05308387326644047 0.07500886345678623
66 0.00615174124969384 0.00773765264989471 0.07070171787717437 0.03528667521439584 0.07837437301748451 0.05244852470028494 0.06121862819497784 0.0807595081300986 0.034399052675418144 0.07210810638067229 0.08557662977557373 0.010175119664625634 0.08406472795233111 0.02947981366179349 0.009017539662689941 0.07425713805063919 0.07429925678469754 0.08742464912775023 0.0049820589998435675 0.041537086229960496
67 0.002310885002331757 0.005621846415412536 0.0740641636713412 0.051649984585462376 0.04645420908784285 0.0765712663461723 0.06708792869474899 0.03343761522647635 0.030595222945015692 0.07267417894605914 0.0687092343003335 0.00401724097337251 0.07934663141414289 0.015341754296460982 0.03741592117098838 0.07940975784550405 0.03931353108871722 0.07258058025294765 0.0641572799091143 0.07924076782755532
68 0.0624301685266264 0.014661049860449162 0.010573628772623671 0.04049828093810555 0.031519926514055635 0.05044941353602972 0.06749843932368728 0.0603380576045719 0.0722092579273885 0.056727042185298705 0.07813445149569657 0.019992958734749593 0.047258938115088696 0.05933156726256048 0.04357155785865387 0.08054372800898245 0.08223666712884174 0.053285092523199934 0.03381018720174446 0.034929586481645666
69 0.040787425956863785 0.0723277908791724 0.02961341290120388 0.09589336716981188 0.027783518765893373 0.010423734218487338 0.07554770886473987 0.011544997630793643 0.005633459628204366 0.06752027007746768 0.06180036728324951 0.06560249354071243 0.026184895176807558 0.07656382936183706 0.042960602617750795 0.10447501390280102 0.053120143619526855 0.0687458784437713 0.01674266388735097 0.04672842607355458
70 0.0068382965740637625 0.048981607185985876 0.04771821584219867 0.04714836171575833 0.04018995066424548 0.03180311292818811 0.05505478691173636 0.06365197026409317 0.03823485674820432 0.02323546415983882 0.058508818233203 0.0683390118004474 0.05160948009719098 0.042346897050406826 0.08799284257984658 0.0733381965221955 0.02338338454275487 0.08074078825591302 0.053686058136473806 0.057197899787255035
71 0.05356517320273908 0.09339346734210327 0.07960542867111767 0.0070486116834202 0.05213922082594054 0.04393531050089832 0.048081872631403656 0.04838931754051225 0.09097164727498769 0.006997409528453585 0.0899990593290925 0.039693347057259465 0.08787887427156219 0.02873858064680178 0.0008205886389590814 0.06388036042567788 0.05185633822156842 0.013242300308534358 0.04731381917901063 0.05244927271995748
72 0.025360374913345432 0.000632590788688983 0.08012923791793812 0.029355682639619365 0.013791844604580232 0.08130554327755299 0.031648449823210925 0.03612824263086967 0.020495048982646234 0.04992338786148103 0.015606761972455679 0.09728714056617985 0.020470660440148766 0.12020730718863974 0.02306442018451734 0.03528997205385698 0.08441515251489805 0.10377689975865416 0.07427222206341529 0.05683905981730132
73 0.07670098094017629 0.032787978175692185 0.06233927111795865 0.02660534936324533 0.0458824142451282 0.006004644504234937 0.024193112806604453 0.040362351879115604 0.08687942186172884 0.03671520736093821 0.03922178966407257 0.07680052405852195 0.024912258344573612 0.07806697101370984 0.06220284473300174 0.07196267829135085 0.07874999025869919 0.013095482175827202 0.08521082421173422 0.03130590499368626
74 0.03422136446892403 0.06871139647727585 0.019597944296439306 0.02156641553790884 0.07006524034160101 0.03576145831874373 0.07066418113676581 0.041447853180553364 0.00835670661218693 0.10176554209076971 0.04512053886087438 0.022610680174128733 0.05782370065460538 0.04681397815713568 0.023108494068350763 0.029849950968481892 0.05038037153104156 0.08116888116095816 0.08233236923547037 0.08863293272778454
75 0.06929416678715423 0.025222241958993197 0.015419476931535284 0.025543236963604447 0.06881956258007128 0.007875472496170273 0.07301169376998703 0.05483541046245251 0.06055704489191769 0.013267062322657149 0.05941918810408111 0.07695984095417212 0.04307333676665286 0.08509574401393648 0.08565050958354777 0.03317050569535643 0.06351106056948189 0.033985060897328334 0.029856608494711268 0.07543277575618879
76 0.05309142697052516 0.07102442172039071 0.031924527062292804 0.022855575180710682 0.010763800814818604 0.057164585767944746 0.0078512306136781 0.044852799754795676 0.07690453938660728 0.001291536353942178 0.050800791888434615 0.07721873918282167 0.1033939351550323 0.05534890869519231 0.025514531977237544 0.033809963366305894 0.07395804927414781 0.05630107329369143 0.0904660864926855 0.055463477048745165
77 0.06753857810507714 0.05939186480254982 0.08350040410434803 0.006174567997233222 0.03949956914153058 0.07730474118525765 0.06567153765119786 0.008131007345091297 0.09254490591984237 0.0048680231457517474 0.03040293650426145 0.06354810039860091 0.04056234953245258 0.05710309448008863 0.06555964234049161 0.037189071950746694 0.015872736226374706 0.04431820659117651 0.09962381349524198 0.04119484908268535
78 0.08100421230448374 0.04163984851913133 0.09408862667059571 0.053806331815326416 0.04290427405838829 0.06692916600903147 0.01870521621183855 0.0402646148172001 0.007574017381649619 0.011076321999458618 0.04775477991698591 0.00772500982481955 0.0007190096534510107 0.10085056616813635 0.00932698975181386 0.04474678389771911 0.05862836701506195 0.1102423143980867 0.06210558981125425 0.09990795977556766
79 0.047318744927989646 0.044591618382628394 0.03461823923575523 0.0019525792000855502 0.06375642549804983 0.056628217120884526 0.013596014373963374 0.07508632276182121 0.07854560343719678 0.02658725665773444 0.07541599793166615 0.07406205401490204 0.0786442672709672 0.031514046597603686 0.0010129567681335027 0.07447636548548428 0.05708906398131873 0.07216180615775372 0.014107551329382365 0.07883486886667941
80 0.056456710240079144 0.029403692785438553 0.020722946496636717 0.06504796422695101 0.04388928477396937 0.06607811464668581 0.022220697653174394 0.030800564252512628 0.0454498229507215 0.0843889543889758 0.05323067851128373 0.052315619411644414 0.04448900002722084 0.020751653215039925 0.027907640401339962 0.0736476913972545 0.0773480222966594 0.07507990639415493 0.020601029948992947 0.09017000598126447
81 0.09227975867823517 0.007473439781108252 0.08920045258179421 0.017310954772893176 0.002469232501558617 0.08718946206915268 0.08694280376923245 0.003230367642016118 0.07168424490482371 0.04518168412126822 0.005409205089437964 0.032801836039207215 0.026393154247640244 0.0870448193630515 0.05075661444984701 0.01693375386971648 0.03398972073419294 0.09747444815798591 0.07776022145420455 0.06847382577263345
82 0.0008570575338683585 0.07816473380126193 0.06819258524238873 0.025306744476002594 0.04662672029963584 0.049987982338832476 0.05580050752624182 0.011822097225924167 0.027593129225769647 0.0800843838182096 0.07551400395906134 0.07818595643576134 0.06158340642117148 0.024079896316793196 0.04529197387395601 0.06152103053841158 0.05302431518136566 0.039739947646487195 0.04786291012085514 0.06876061801800182
83 0.03018559745463411 0.024988625142729644 0.06451303048169058 0.009098885351083042 0.025455223014697752 0.0024077508064278006 0.0679263675665458 0.019154487842976117 0.06757938855181946 0.07565506890738957 0.09114406214987464 0.09682375288472762 0.07458647815318065 0.0028732266296903008 0.09583144382432938 0.06404327425966144 0.0334757930646182 0.039487582746603724 0.05277562840036933 0.061994332766950516
84 0.04114956327673518 0.0719230855445221 0.042974760920193304 0.06142647465765935 0.01453394861160559 0.007062400355436384 0.097395779701398 0.059187755252332046 0.0008022498138797697 0.0559173154442795 0.04069086089419891 0.04727507582008338 0.06244785937068825 0.07756475405574484 0.06923527721752738 0.08967796997020457 0.003739145397687574 0.07401492306737704 0.04904030866743442 0.033940491961012426
85 0.07976143273113297 0.08361483430572277 0.0804650822146502 0.07082012829937616 0.08136525716482235 0.06671912095614364 0.03329311181443824 0.04107934175259654 0.007395569287848322 0.06972711305758593 0.0362183925172825 0.037808003241834004 0.05003431292619434 0.018962538393357854 0.04154998953922414 3.0799704582184136e-05 0.03770713177756235 0.07474563408504063 0.028648084803135108 0.06005412142746982
86 0.04151956791974259 0.08494695762019899 0.08403252101842602 0.05218743986107899 0.07737490330540955 0.06889528917433736 0.004371897641686996 0.06917429520452865 0.02261330182734372 0.06790559178303435 0.003927357231710137 0.08762574549682144 0.0009512389639579576 0.0660700149901912 0.020226708862138898 0.0038296438666420257 0.04060610582961989 0.09005754098185788 0.045168159817931604 0.06851571860334155
87 0.046757777626518345 0.07873368279599349 0.03360748381727639 0.04652606124129101 0.0763322527224039 0.007209171181704943 0.01534273746805914 0.02455701270034739 0.03614087426486497 0.06375328063177499 0.04082070976323063 0.0270762167857475 0.07874689512513305 0.04851357146991092 0.06273321819764358 0.0619176776243335 0.0036727406300476246 0.09872514674838277 0.051749170118880264 0.09708431908645558
88 0.08259789796592049 0.06644361586855367 0.024510550689746505 0.0663111265957349 0.03182694653305018 0.033888320912501844 0.04127046081923581 0.06760456117531417 0.03563176515168042 0.05368958189515282 0.11050462895514582 0.07036005260986183 0.060842922407599045 0.032928512310487476 0.09840678204738416 0.015578784188078605 0.015594476542135966 0.042707849246057264 0.04040654683179017 0.008894617254568946
89 0.06866762155762042 0.006520616929684274 0.03179276378130981 0.0307022800022558 0.07041965091352406 0.07073137648155109 0.09231132329292124 0.022215231966054214 0.02040493367666396 0.07224129270046227 0.015301378020340019 0.06478465871160795 0.020851257286575806 0.0063643702727123825 0.016822100659077875 0.05083119163877604 0.08704003475456354 0.08343724620024758 0.07939212724649002 0.08916854390756175
90 0.08843719411181555 0.03232585073269738 0.020584932616175132 0.08311733409497146 0.025750126020051237 0.0583116664819302 0.04427604568509007 0.050007845924339454 0.07448694482635732 0.07089202282883549 0.011959026276181091 0.0796409620090217 0.05626316208977337 0.011162426101812027 0.01787489838882778 0.05284074426612396 0.05011983667888635 0.0745527283747995 0.035565287561123295 0.06183096493118767
91 0.002979814178488898 0.05639492188630492 0.004471628742416279 0.03277904636830064 0.08866497295553574 0.08602345215506038 0.07927207462590717 0.07767336189628922 0.08568110452596295 0.0005592104621062349 0.05470169583192666 0.039335452381674324 0.05569916920278604 0.03639844525856009 0.015808450879655555 0.008585991673018776 0.08667341868364081 0.05948280741511232 0.07591689896368693 0.052898081913566215
92 0.0026413867345716118 0.07746738103027648 0.02479398945552119 0.04239557277726944 0.045543106979982456 0.05681597391531063 0.05871141298100742 0.04561241323365676 0.007194299995795034 0.07537761410809626 0.025751606335720045 0.1006595122654377 0.09001002904356795 0.03483271670292951 0.0485441722132854 0.03890674459826252 0.06349074486351476 0.05018981605035226 0.029310189659526847 0.08175131705591576
93 0.041977551506338084 0.005529371076163588 0.07320450343341503 0.005502018553942624 0.06504976241606014 0.10106806142339773 0.0014990043739209755 0.02389391731876461 0.051865763852067225 0.032722085012793244 0.06551711155729822 0.09506328269997653 0.09932869294622196 0.042991090723835 0.061116214768447925 0.09648782154838705 0.07709449008962763 0.035005863391482483 0.023184264903913045 0.0018991284039469544
94 0.06950246166439432 0.09417057371666394 0.09109912335786609 0.09924513574288173 0.08457130657129366 0.05851037606650024 0.0034068619834659118 0.05895602796230195 0.004601272813710004 0.0026450358527194758 0.013560025730560947 0.05601450432385502 0.07453898273230733 0.08003239972612648 0.013300856530755314 0.011311624298439859 0.09576096246620325 0.03836050969733613 0.044897582381130494 0.0055143763814880144
95 0.01052860473021249 0.06524831310678843 0.08088628163018143 0.06718349943549448 0.04820275494906496 0.02557905056016172 0.08125176885703309 0.04394293593504798 0.03280268295752148 0.07012142418089784 0.003431728762369983 0.06263181022698047 0.04382123331435641 0.08138117825706088 0.017804046152970418 0.0152478196947946 0.04744594054806438 0.06695428517080111 0.07296881389617639 0.06256582763402144
96 0.05383126615389373 0.011888217976667639 0.05067637184411164 0.02550457558713818 0.08130804271395965 0.031654919039394935 0.057375872815959496 0.10139026361906887 0.07115018598352997 0.02802858057172122 0.07501229379623135 0.04631034086424873 0.027698595524692 0.03253618136321145 0.017872125121004872 0.03265251453324022 0.08955120423254252 0.06691328326964267 0.0245159950716568 0.07412916991808415
