0 0.03338340191242027 0.044541073850132624 0.06076235090004171 0.06046414502447412 0.07463657738906783 0.0695444588839577 0.04891892340471906 0.04989858970309189 0.054645414567954013 0.0757362046594276 0.05598286681117354 0.07932429776347093 0.000550373881751381 0.01690700973682119 0.08155935796716335 0.019184005043877236 0.05832406763436503 0.01631128974999468 0.07013756302111272 0.029188028094983116
1 0.06879716720129748 0.024381057962813618 0.020486198477818972 0.007658062942998745 0.08394696890804199 0.06400756390125896 0.07416678221153515 0.07799077133354324 0.038946390146086245 0.05359354189983411 0.05262106475341808 0.04664727041502473 0.07915373847316452 0.020350626121579972 0.05069882236110967 0.00550332424280968 0.0409231121101068 0.064266786102305 0.07895763062119006 0.046903119814063046
2 0.02185956190218633 0.08233598651399036 0.08123811523628661 0.06818807068060366 0.01608938478144405 0.0002087051094217264 0.03489104045763132 0.04874875685568495 0.0006723858090444577 0.05112016841698541 0.04122176312492062 0.08851477518548906 0.045835979572824 0.015499087938514716 0.04213399505013615 0.0932262588305059 0.08653040159243038 0.0608138038429558 0.0462389699212621 0.07463278917768212
3 0.043971173727790504 0.03840780207068655 0.0013392192365262868 0.025814239264505233 0.0320899330657078 0.062249184541968185 0.003959531128200254 0.03893004318305996 0.1378650001559064 0.03825792067183697 0.11576277094287377 0.050244385138634926 0.09786012517399946 0.13833784858587478 0.08682328095488451 0.007899568843833806 0.021129169139565713 0.014460454114580815 0.03428280993613779 0.010315540123426413
4 0.009642953474952426 0.010053326203447302 0.019935195937419038 0.0916393795380823 0.05318165979944713 0.01660979001568346 0.09459129557630708 0.025057344499068785 0.05440210979243607 0.0014931921938894932 0.08665777436523028 0.09862487366506388 0.04768018697438057 0.07442437232825506 0.014310059479182737 0.07891424931048976 0.017250861864430585 0.021210324682676904 0.090665317687132 0.0936557326124253
5 0.09691001221906968 0.05941192214660886 0.0014547824156803705 0.027863657105024312 0.06554086562969841 0.08926027530419851 0.058201888631288175 0.054824825568386665 0.08071507325629096 0.0759992416237606 0.002236964425316231 0.06239458476196323 0.0062038150013772435 0.0032444857211448084 0.04403896991721229 0.023497712329340406 0.016165224978379737 0.09615985380394536 0.10698411723112713 0.028891727930187076
6 0.043480371376970146 0.11705537809553138 0.026380065646709017 0.0062561014129546896 0.0025164251306894507 0.03995474810512442 0.059022939353337106 0.07013122483628983 0.07919113907937317 0.057086583585554115 0.029320888942724208 0.021018850509844783 0.05915310558955991 0.10472110986303175 0.0516498321789984 0.01656108740570234 0.027171263852451992 0.030506036633785073 0.07144881953592945 0.08737402886543892
7 0.025074525991355612 0.05088900144567401 0.0449950737032619 0.06968353447901174 0.027040471740877862 0.049676712131325296 0.025509142294778412 0.06149166555964743 0.03197369707714047 0.07967373791261928 0.0563463858805655 0.070984844010533 0.07214078433468599 0.030378290860082546 0.07906219071595577 0.012489138567194802 0.035594305791365 0.056182708385469245 0.07711084340031239 0.04370294571814376
8 0.07216222396032897 0.10185283997690912 0.044103469888609616 0.02971048907688187 0.05378801437374188 0.055800927668138406 0.031149962235580617 0.03581487285002828 0.08543463977323504 0.0519973817077057 0.017946934298906682 0.07931897999595261 0.06651110266052215 0.03145166433373934 0.005621493030922865 0.023927946356094052 0.020298110630676953 0.06897554999121125 0.0653146498396647 0.058818747351149794
9 0.08826664056201701 0.06897435712123981 0.010661791083001563 0.06655847373408239 0.00961933836717864 0.0732312200898807 0.020582841167807415 0.06341399069480018 0.05969063165805924 0.07803184142078595 0.05040002899102809 0.09017775623099979 0.0006514177086328288 0.0209418124120673 0.06938452383699249 0.012788805174956496 0.07758211596090911 0.07256298565212337 0.0045794653115584115 0.06189996282187896
10 0.08009754520230893 0.043263465630247536 0.0094144646144233 0.07524155234907207 0.05106915904053801 0.04542813721727831 0.02774321169180669 0.07608154484054903 0.0710038190013349 0.06182171649950671 0.013992056627241477 0.06464360258312601 0.05158218041477369 0.026980132904616753 0.015340823411348384 0.04913147917617859 0.06646931312200498 0.043796089755166405 0.04243580903119217 0.08446389688728602
11 0.015695475971766914 0.09753965618510047 0.05945891062257327 0.05247308258254891 0.03093665834029246 0.054439901267408636 0.07519283709078962 0.06880232114869603 0.020234891112136614 0.06613906625226205 0.04298982717953235 0.03210739278803409 0.0904274569764645 0.09244253398484861 0.011736774850539828 0.018455572249012172 0.07141988800009082 0.04373177087389453 0.0003779819845230686 0.05539800053948503
12 0.0895219826918622 0.08958319404108443 0.06562830911517123 0.07324763202879515 0.021598504068135845 0.017565186239876983 0.044164378444174014 0.009821906839238052 0.01447508089707988 0.058607856995690585 0.010669713825955262 0.11054422876760911 0.08331048597197292 0.05781524751732056 0.09066498886318959 0.045687273919925546 0.014643932261075576 0.043779421905023375 0.05710514267195183 0.0015655329348679948
13 0.014138274396504209 0.036299174071254256 0.00722431350930185 0.07970210871181627 0.09410039596546507 0.011050086608245791 0.08319791356176884 0.0507312567683369 0.0005128596267795675 0.021751659988606953 0.04509222114019875 0.036635721954990735 0.03233754374182351 0.09611618922249929 0.05240233144578234 0.05680931552513503 0.08631960687571355 0.07755205682968047 0.09664097427758482 0.02138599577851184
14 0.007767813986343487 0.021464494068826716 0.025235240457747218 0.07136584055981425 0.08767502544165531 0.05463550199531487 0.08223516320938071 0.025890846051961222 0.07023146416956884 0.043121536027413594 0.010363088345511298 0.08095160621730162 0.07278038696812497 0.036370123874329266 0.0594270378687943 0.08441681844306298 0.04618829246693985 0.08166222467573796 0.005326731862166308 0.03289076331000512
15 0.03318004916717141 0.06784747788963562 0.030841969047229984 0.06416758297673196 0.06520737027535221 0.06400969246123911 0.03744594589364688 0.09108951649566588 0.03393712731599289 0.09612412971674157 0.00486245107736536 0.029114810019159415 0.03208395733825104 0.01673514932190482 0.07700670678512275 0.04204239083401172 0.07056796140850992 0.001943877003647079 0.05576987276755309 0.08602196220506764
16 0.06263193779405475 0.006630681220272912 0.06658170442022741 0.04766407527082468 0.07471643436930062 0.0747186414756351 0.04018915065982313 0.07675453715636427 0.04246326870836822 0.037559017707124984 0.08144608671832439 0.06791244996863115 0.06556539123736184 0.05938354209074792 0.006788495957519059 0.0007983462349793194 0.07200013373993877 0.06112321599429189 0.04550325136029167 0.009569637915917924
17 0.004813561941204957 0.033683655316681015 0.056456558281809725 0.05776924152515039 0.05922762793799372 0.041169677601480416 0.03123058306748297 0.07991923499801895 0.07297860055542071 0.036754848686878484 0.033905873035712825 0.05780627445339125 0.07970556995606562 0.029309659190191406 0.05956600472562455 0.05092681314508348 0.056940583578676617 0.04242326353687243 0.07501504650768472 0.04039732195857588
18 0.042117864965833515 0.015024870538878977 0.014407244917181051 0.03000739995025056 0.08127300610687781 0.03916666251803968 0.02969671244587134 0.05074155528537792 0.09410120144777623 0.06863148161189714 0.036259600123805635 0.04713829448133413 0.092409569275358 0.03200857260887935 0.06298049275051004 0.07774739449381185 0.07308630111747697 0.04079201714149251 0.06529262346244605 0.007117134756901186
19 0.05775957620445686 0.030685438604657854 0.046946294092838854 0.07931429611413326 0.06875102918141097 0.059703392382926414 0.03940679928855283 0.08632305318080617 0.022250660280282736 0.045223594336372804 0.01490468294069044 0.06657400198061984 0.055512228293624774 0.032410119942951496 0.07929995242213651 0.05164016109295689 0.006410998608621536 0.04340364161761274 0.027767577835545083 0.08571250159880191
20 0.04798884775320503 0.056742322449312765 0.07643006124595146 0.04586847235626817 0.04915256614636024 0.049221799568631805 0.029411441267662486 0.03000133671360686 0.010205314579801797 0.07772359460602309 0.058473481550794876 0.06358530961274084 0.06092204153235309 0.057765973510994356 0.07734834348493425 0.014598017429885786 0.05880416970594636 0.026060345175068146 0.08243452510690832 0.02726203620355036
21 0.0016512537188684289 0.02333464235280306 0.05963944797311092 0.02818290451673752 0.045598813254041144 0.04169336590699352 0.07479316229046892 0.012579065866939163 0.05891202282054141 0.0671574212912884 0.05894805921719751 0.055528227290732805 0.07460137034309969 0.07177785755676568 0.04738707147947903 0.08406091547497026 0.0563312321761162 0.06212367613190108 0.02633349001139576 0.04936600032654959
22 0.05484172540723125 0.03973147431425908 0.031115014368905722 0.04555837186068532 0.07725617856900174 0.045135426581965454 0.055842103111116405 0.010237511922547265 0.06949723896099848 0.011099140356513135 0.0579601651449994 0.06432394899706423 0.06089735961221065 0.044635639540883294 0.03882835914334844 0.04514907497819643 0.07361750836203702 0.050470580785267824 0.07955634692679864 0.04424683105597019
23 0.03944035717917508 0.08499628049210514 0.048666606480517835 0.057750318605301 0.03047176903979073 0.07279134423316017 0.03877785639650251 0.015901473817274123 0.06587351162577623 0.08130468249309916 0.08488153213950447 0.047474575090423146 0.0591902271101567 0.012797031836197268 0.03794256123501098 0.08807206260140699 0.006578557437618167 0.021601066640397074 0.0892551820708501 0.016233003475733178
24 0.06878386350461006 0.023863891328103487 0.06307583297623826 0.06941210731097229 0.012914865135525814 0.08986812042753321 0.021067000504760257 0.0023177663097390085 0.015104469022258918 0.06600285706491124 0.0025560338355056457 0.07006713090810995 0.07619896489777356 0.019897820084303186 0.009876550108141877 0.10748313573320727 0.09612540929978514 0.05217677585920571 0.1014116096798644 0.03179579600945063
25 0.036719426680360955 0.0487377704731669 0.011607139498968765 0.03552281019309786 0.08217919335593046 0.07169132312199829 0.07794635751421342 0.08666175927298704 0.07301049661257157 0.0036994815306793318 0.08198607132431879 0.07884687093667056 0.03129535328739943 0.06917232915525245 0.001783470805343178 0.029076548013912247 0.05302395459760637 0.03481939812793809 0.06403025792810534 0.02818998756947889
26 0.06674849301838696 0.06099073861475803 0.02151655772039668 0.05724530647624729 0.09097876597976035 0.0447526799803684 0.055073180743882615 0.06253642729873368 0.02915401127528551 0.08417741113540557 0.0009086564230690504 0.0116774723416903 0.021565314123973653 0.08535112203307091 0.03898981544609441 0.07632227570288469 0.005597374548829463 0.03049619906194279 0.07624451678913734 0.07967368128608242
27 0.05949028820067528 0.010830928482807834 0.027113023665297244 0.03528691713810458 0.042993635116056875 0.04239907811232182 0.05034972342776461 0.08538710319770297 0.06192374966746614 0.09177573444936918 0.049829127008918235 0.06064485205818252 0.06373402299473133 0.07751084494134411 0.024987149251472905 0.03827195608442171 0.0476753257361184 0.05307057080649487 0.06805249752749734 0.008673472133252142
28 0.01764871081527693 0.061654353624426804 0.04786293460024471 0.020843436821430274 0.07297123752355758 0.03400743895774615 0.08909666200914498 0.01556049929467002 0.05069501100626123 0.04814722864741456 0.08502439890329784 0.02835177213156015 0.07359281204882348 0.05544510198347267 0.07421728839777991 0.08737901791331286 0.0034442621172967795 0.01603919350708696 0.026903511004349182 0.09111512869284709
29 0.09066363577562034 0.08482821426280765 0.027452839035125805 0.04541192284546421 0.12363228253221359 0.04608288626678263 0.013645351215674211 0.059422299480949826 0.06393335384839088 0.040313718260487394 0.009556183788125705 0.07187743754534995 0.00022560305064384676 0.03263124829247929 0.10188096537590183 0.027098468702847406 0.04826206089703646 0.05004476218298083 0.024462477069494195 0.03857428957162402
30 0.033502579456271046 0.046871428840544294 0.08071864441389064 0.06064142257015144 0.04690391493481647 0.07929731920441878 0.03708763921601031 0.006951488797104678 0.05110138340496103 0.03136998463906235 0.05838779991438423 0.02617445374165938 0.07940664429529495 0.016731410039887373 0.0847504329105499 0.08701683295136584 0.01702381124092795 0.08589873931510805 0.016479392564830622 0.05368467754876071
31 0.05535637425218279 0.011836923363413436 0.025924647636287507 0.0894513618544454 0.07090105436002886 0.01634024227285107 0.0066023823990541295 0.05124831841191091 0.0227726527261076 0.08901452030129961 0.07935098851176468 0.047424134916997276 0.09558191073942193 0.07050912549504233 0.05528666023703278 0.03238929968042101 0.013421954654823124 0.06760789587676944 0.07688924718045614 0.02209030512969026
32 0.04646266990702193 0.012570869195538821 0.08270330207085715 0.067419019768138 0.049214109390642954 0.05078852291619581 0.0462214845604653 0.02465140925647069 0.05511923258600701 0.07599957667673042 0.033562772032064155 0.07106945815876671 0.05220077627727362 0.07665985472047578 0.010901253961101623 0.029787645032957312 0.04264907714099967 0.02528994566567228 0.06405046762077743 0.08267855306184327
33 0.022070411995394317 0.00025132426337628983 0.07611442570493766 0.00632631498482702 0.09579622712752246 0.000881279760187898 0.03324583063442532 0.06878696601311053 0.09200330319976965 0.061539098096759656 0.06885141257063424 0.007886870545745408 0.014181379775616327 0.08733979199975005 0.06421883127733403 0.041497891746883196 0.11151971437955144 0.015497438230137425 0.0640708884769942 0.06792059921704284
34 0.07015195747876798 0.0073074699347588186 0.08698613570448106 0.04333713411233556 0.08484205321043198 0.05852879489538829 0.019634547543759782 0.009491079716926703 0.08519647034421148 0.0666474170772421 0.08928982503092987 0.0014399727296650906 0.009516243923113352 0.016878634732517113 0.015680980194467536 0.015200120827092838 0.05159267592650368 0.09241276139694454 0.09369565059698104 0.08217007462348107
35 0.014586174754307428 0.029678558606987822 0.02575239966238989 0.055882716231577506 0.05261464097287069 0.08357366747342558 0.010289378691767452 0.0730491713830163 0.04542318700902686 0.037797760759559304 0.08931443461467112 0.08865570745013003 0.050823088661582354 0.03935971655246527 0.06853534225668047 0.049857863482166004 0.03544168498837398 0.020865152310366404 0.04301728801386352 0.0854820661247721
36 0.07548519012829381 0.04087414137038573 0.013715372962655382 0.08455052284362517 0.09191303749129168 0.02526510682595998 0.05068595431421081 0.01517650334449173 0.06114659579900496 0.07720369769464988 0.037765791482639754 0.04455015933707122 0.04713507572574151 0.04322825194416957 0.027109963305727403 0.049139070845686944 0.06711315678688913 0.07221290294791231 0.05939117209905519 0.016338332750537837
37 0.015330394780497119 0.03034713887248976 0.06952977113794558 0.005532036530155592 0.06281648671230596 0.08239379047943596 0.03899456525055303 0.06035369586892807 0.04687688110842572 0.07328634701498749 0.08558201900203816 0.04949333971575039 0.0028567432362853083 0.014404114033400816 0.08197201462443005 0.02968940484226434 0.07209155124554234 0.026681477983983716 0.07844305804070385 0.073325169519877
38 0.05435710272667851 0.04023461133678397 0.027870680656170387 0.029206847756659243 0.020751300239573417 0.08593699046627057 0.060400607126897876 0.07238560980800719 0.0851674114286116 0.05650678392626722 0.06895620280548956 0.0024449988200652257 0.0034915839853717524 0.05157364944529072 0.04360219131845117 0.06007483144736392 0.0782037254947791 0.0543276418724519 0.037406092583011384 0.06710113675580537
39 0.02282996601442053 0.002388658672043215 0.05143894921897825 0.04095418398519717 0.01174881673847055 0.08450356002449043 0.018803771719523386 0.062107429961550324 0.08843112311399616 0.0349797892510186 0.10889712635242899 0.08611846733834144 0.053488005368268414 0.037166543850226025 0.06231228026286733 0.07802497377769672 0.04522682891703032 0.035170824138159015 0.0611238045388744 0.01428489675641862
40 0.06310904567199305 0.054400287799670724 0.01498085536610955 0.0401763420277574 0.03438572001159757 0.030387879015997994 0.02121514033112043 0.09553501885717718 0.09910705600820446 0.07346222317920693 0.031461348171969085 0.05209047438869007 0.05566594857970074 0.04627861720584741 0.018371916332680992 0.05489553032935181 0.042941043714072015 0.07239021695621058 0.019461549489711488 0.0796837865629306
41 0.04777544856545186 0.06788858132069328 0.05792436941287252 0.00955254717375678 0.05809223915018469 0.006172860946666575 0.10274500686400095 0.06818090060486798 0.09092177443070851 0.0434218600128243 0.07640062676527289 0.0376423038544543 0.03697446769592483 0.018347980256728867 0.0462461137359305 0.06291124948817234 0.0427791531776526 0.033893869428732175 0.0765615450446222 0.015567102070481903
42 0.02918441032219328 0.052120728226341825 0.08451147886809371 0.07946391463582309 0.008137083121112445 0.07892557498212757 0.028094026149487524 0.09575056745377657 0.07430100750386297 0.01795848657914415 0.08632154110643159 0.011661034216907158 0.06543289370392441 0.07087922116207257 0.028158632326083698 0.010277409516817266 0.013232646857591821 0.0070572443081679615 0.10050523585834781 0.05802686310169274
43 0.04115963626389315 0.08193712542291426 0.009179996048665071 0.05605294522956671 0.03333026675025836 0.06339259158864179 0.0964088360713144 0.010780753153922991 0.04108606855385787 0.07279478529349304 0.04230908380737777 0.09659757987638565 0.0821348328206634 0.07276982839892729 0.010139796836021125 0.06122374953878169 0.011119381910571368 0.015190151880928435 0.0054615431736349165 0.0969310473801807
44 0.0635844314342554 0.07765310758501147 0.07900938023286716 0.06635253158709133 0.030726477768788195 0.029812516506775882 0.058380988017454276 0.010266864224423014 0.001917595296597958 0.005143885416247766 0.054033782407783476 0.05686234110368909 0.08669499334827639 0.0035299779422119626 0.09087522333163683 0.04357764829774453 0.05051321934034542 0.07501881318360659 0.09095795891151823 0.025088264063674915
45 0.015584650715340315 0.07973191805357532 0.027464976265636376 0.03147588851665619 0.04903524371332976 0.03926672900273513 0.072112805566788 0.0660303513392851 0.05679577030665972 0.018082322376672035 0.06207184473499942 0.08242699161013037 0.047760187639175056 0.09202941665153552 0.05278765538285541 0.06371201960969981 0.0592632392308569 0.01285945486270455 0.03278880276943627 0.038719731651928935
46 0.03999441267622248 0.053681075172692494 0.07142823234439209 0.004581917257546115 0.0626015015026628 0.0727753032006518 0.058387902647762356 0.08939744674452148 0.0025267116600574124 0.01756965541148083 0.0784360839095833 0.013006936114700602 0.006913567229864888 0.0751947640825679 0.011470431155971678 0.07723244112664637 0.06136360361155738 0.04149298930335155 0.08139854929655888 0.08054647555120759
47 0.02039089194729529 0.05714911176929016 0.05123587544805063 0.04199386588089675 0.016412556074276854 0.06433509798895282 0.04228513777716805 0.06620544586378405 0.04548333964189279 0.059756527867192474 0.08352306863486726 0.06852935581123264 0.05783721071027762 0.038345236615933566 0.0015740951171509933 0.05128741024860628 0.09300312287429492 0.055164019943523886 0.012046388196855235 0.07344224158845787
48 0.08313220744199441 0.07054706455543068 0.0634052453194691 0.07273340681298553 0.02309691018767278 0.03571941052555159 0.0468619022264047 0.04684011099637047 0.032038720358734486 0.07290955754418886 0.019807337177388227 0.06398487182789911 0.08082221510500175 0.0671277188922201 0.03526754771380993 0.02442997144410517 0.042128359936655584 0.07317003709279335 0.034497110288568965 0.01148029455275528
49 0.023137177555837343 0.07581531281043079 0.0781801024864324 0.06322903901073629 0.08187566131095814 0.08846018449233468 0.022660643470703075 0.04258102034491071 0.015806008005552784 0.019831830074652217 0.07208221252027583 0.09781249619518743 0.08255723949558061 0.0033802352839779628 0.004186773817414369 0.03226608940333909 0.06329832326064058 0.011647779349611915 0.06693465555334921 0.05425721555807447
50 0.022255637071124323 0.0025009721806860297 0.025681770614474048 0.046244486996803794 0.05629437627134124 0.06350071538100223 0.06499311281167791 0.049322460330350475 0.08082315438329993 0.07658938401559173 0.018856871913458615 0.026993977386893922 0.0035999094963530508 0.027281152514426442 0.09175651628806619 0.09232819622190959 0.060682423242594735 0.09108040863418351 0.00607897175949322 0.09313550248626899
51 0.03145125424463663 0.0322330346504193 0.09950800279506106 0.06484121661944947 0.016792483269776035 0.025888519329559493 0.03066648348132829 0.03973680495093774 0.024133534084752134 0.04371725175755726 0.099670649890941 0.02651417752645504 0.04159093016484207 0.05527135071491821 0.09590608917458773 0.0035549408090853815 0.08298972326303818 0.057302033502371945 0.08655328261710955 0.04167823715317354
52 0.01982510279970443 0.09091269581502662 0.0008885663739002325 0.07954404645439657 0.03441938726794708 0.0699164046709934 0.07958583173034985 0.025930807787105097 0.08369884735589296 0.06540077075305233 0.028552692409716224 0.07153118592261931 0.04349222214970886 0.04065860258307983 0.020334030063830603 0.04390091229308533 0.06188634911164439 0.002582458316298395 0.06499402930432781 0.07194505683732064
53 0.039260503489680826 0.07581593930170864 0.0725351889247222 0.045142988324447623 0.05408728350386041 0.06916990572547563 0.01646476083706761 0.06277638386081778 0.06351652329947034 0.07199755338404235 0.018298301517436822 0.09140280406962943 0.01565853458788008 0.00047894941677829216 0.06723605188401806 0.04355128874639256 0.04120514002051495 0.06335272640184814 0.0864778406093235 0.0015713320948849204
54 0.00790726496548755 0.012334771630657519 0.04087218117485148 0.035648529903889885 0.010914423077991136 0.010817570411217586 0.11060729885725647 0.009359775451912154 0.00454128068725708 0.04720637852131617 0.12006129455511166 0.0002384742471290911 0.13391872572509464 0.028179107004510283 0.036429018124711526 0.04257064725396383 0.06897932403269284 0.10865486557435544 0.06067809005853173 0.11008097874206187
55 0.014146306360644598 0.07951842315142052 0.06645661394226036 0.011593270625203624 0.025508864980452822 0.07862676491212568 0.07993466040905661 0.014577880798312778 0.053804432641087904 0.08188153077153754 0.09784150059727333 0.05661636471685414 0.08459954892175175 0.03143269511797394 0.005662507657668136 0.08492229924203502 0.019405117288744174 0.01932141248846419 0.08119618218356162 0.012953623193571275
56 0.09837771402791909 0.10170049386977313 0.00378301206052664 0.016821527228676983 0.011815136680438805 0.08601629367394148 0.0004594631271352592 0.08830108254313566 0.01377197100649773 0.0599288601514684 0.033552561771692545 0.015586323093744215 0.04493181072043663 0.0338762601690487 0.075760826645094 0.003254378297024408 0.10606410683095162 0.01459715928923162 0.09984550160451368 0.09155551720874947
57 0.03824319025046312 0.11478746868723287 0.06073953396627839 0.09453984852157606 0.058768921022449135 0.02382227851848732 0.10131311751574179 0.11363763551122219 0.09397332502929112 0.03778728179625109 0.0061011730244174495 0.01436342791570284 0.10222034129102744 0.021595214679904752 0.00566352486417767 0.007520377087225195 0.0030526032057480875 0.011526382472047621 0.042943749291900035 0.04740060534885566
58 0.03957125961602756 0.06321481477025293 0.05311959943084398 0.03999650607961673 0.08537990220995388 0.0750531029735061 0.06631561525267712 0.07473419995341865 0.09346199721651037 0.011353553360910365 0.018406192960099026 0.07605319559246324 0.01186480085358009 0.02822678170755655 0.06843319723604312 0.04524847098222197 0.0021337869074907305 0.04724952379142116 0.03661905221981366 0.06356444688559265
59 0.018655153835723342 0.02217915798483753 0.006254156732950446 0.10415772172210842 0.111986888688401 0.02903576667364158 0.01666748322846042 0.010339111395355765 0.08121284452104457 0.09791499238032228 0.08606024082825824 0.001502154971392574 0.0826777717844355 0.06964761530977759 0.018027141554704713 0.05562638690785934 0.02534318977463689 0.021336006462674504 0.06061434473598573 0.08076187050742945
60 0.09353690522378559 0.04593601552380817 0.08137153064055087 0.04142000260346775 0.03137107319634378 0.03984670706373689 0.0938001756488736 0.006402393988157452 0.006728591094570113 0.09289769603759993 0.06693943850049272 0.0701264463766836 0.052054794252555145 0.03751100851166314 0.028350981392924312 0.02071916866068084 0.0053913630141486195 0.08441060940582987 0.03553931823820036 0.06564578062592735
61 0.04691613602116893 0.06606920058271484 0.06091092555038523 0.08196380770596859 0.0948802888816006 0.014008265156367003 0.04438245181105703 0.017666884239683937 0.054341161680775164 0.05904834432877851 0.012729633118370932 0.06898808960973266 0.007073098056432842 0.05745292751035529 0.08501402462296427 0.04320358409228184 0.06667267016391382 0.0221305973805918 0.029046909549630375 0.06750099993722616
62 0.06930649237544775 0.09744990177936241 0.010289174573379894 0.074220254355527 0.06899529219430539 0.0003420346407726159 0.07945295777466861 0.07849141067592179 0.02791496552498503 0.10379797868894547 0.046797016348608354 0.03539874948811306 0.0290182031576576 0.05862311651103549 0.07746534589583035 0.011174630488078341 0.029291735181213554 0.03482959395387294 0.0517503560998135 0.015390790292460831
63 0.012240531266125345 0.10259036230830992 0.052879667028268615 0.012866418217140659 0.0005107700985211111 0.009232583763965302 0.06427386711578019 0.0342577042664639 0.04351149079102227 0.06893643959555718 0.03614572201576908 0.09953503476096204 0.013086389905183904 0.10566156652789817 0.02443985344328446 0.040436168836684855 0.05488219930359481 0.08469460409116383 0.04968655549650564 0.09013207116779882
64 0.0948687751206765 0.05617543168525018 0.09247430733558411 0.037066443849669166 0.04184328794069441 0.00031612831862400884 0.043502219426629365 0.023282934366602805 0.030961791112523628 0.0556406420730803 0.04947023160889159 0.020204480945481496 0.020562669008766125 0.033131209432754286 0.047952925912469864 0.06526821579162989 0.09582119501247564 0.08336928926941808 0.055181616506010445 0.05290620528276796
65 0.07757444641472713 0.062266876502717464 0.03637572194085671 0.07595762938798799 0.04637540392394878 0.041552361339570576 0.05977963102143292 0.07351238475587418 0.036678429081835814 0.03678406879788731 0.07680401987290211 0.03886327072950528 0.02138336549086671 0.05990577431958217 0.07273355285579085 0.04327392728203937 0.044028484918207794 0.011560625446486691 0.07348038699327368 0.011109638924506494
66 0.02009785567287561 0.08250330068533875 0.0644499372083755 0.00753621751066661 0.07106964889535779 0.06960590252277905 0.0934960176007664 0.028410447193661002 0.019144150328208712 0.027418343470048033 0.06299739923115921 0.07177544878914587 0.05593296535848795 0.04519611685107961 0.05020331531461005 0.004377677294556282 0.014516448622056635 0.024210484479489435 0.1000462995630519 0.08701202340828572
67 0.011950216555409397 0.07104907343814709 0.04900959986274132 0.02093447788233746 0.08927429988672968 0.09415705126209357 0.04131005494754982 0.03248944740098056 0.022145799550958512 0.022469122236647623 0.03480365472664836 0.08358296488571931 0.03464032322108044 0.10440416032765239 0.05698833844726028 0.018357356735454494 0.08614402110006522 0.043497141832112216 0.04464750664943442 0.03814538905097781
68 0.09124352467948946 0.011372818933847935 0.06209171156732436 0.010203023392437309 0.0893696845454566 0.07077237921548094 0.04694751190452773 0.053957751332853805 0.0010915647807949551 0.08975857935669636 0.0011078626809596748 0.00014636069037715852 0.05614618419108598 0.08358257171093637 0.0870773125352622 0.08898440815547452 0.05012327849978115 0.07870207669003737 0.02492246144001483 0.002398933697161253
69 0.044980584592986254 0.07757807327135854 0.07486923366873087 0.04106012445490576 0.001384287658816793 0.04472890501739813 0.056317266405167224 0.011671514387382065 0.048309408811230664 0.005337101749045109 0.08348026289141938 0.08056417094921227 0.0412692282834361 0.06833790754773035 0.004436911899260346 0.05228261608256942 0.050983952094366854 0.07722019775745949 0.06547505522073924 0.06971319725678542
70 0.09357349427965449 0.018316050671326183 0.0843874107276245 0.07960857895284429 0.037643980052265914 0.03956642630816333 0.013718621195679771 0.05841963091349468 0.08577995241224394 0.07545011639585027 0.08916641952946672 0.05216046564521282 0.008973788597103955 0.006339723563392304 0.07273593927612083 0.017640611583138843 0.023099721248989014 0.017038229844818842 0.08043909570846931 0.045941743094139946
71 0.06957389775362688 0.07503351368335019 0.07173597361685874 0.045376532673311584 0.041352567253453966 0.05939392502478763 0.05112421021311338 0.05157416912581549 0.061129752408796256 0.05035673377015519 0.03510060155343101 0.0028624718153692553 0.05911204156698743 0.05327081497589306 0.03239035510240205 0.043642152438852555 0.05993256168111228 0.05537582704546024 0.019277124734314692 0.06238477356290835
72 0.06873927501814528 0.07705247353458661 0.07785190048318599 0.08629947228592932 0.058791526090506724 0.023187685129403203 0.053939889537007 0.016899809436757007 0.03987457242694178 0.03208697257375659 0.016258015835626537 0.022055019076838725 0.04583813080207015 0.07803403247752758 0.052937659110753925 0.052589526609943885 0.06736227430547288 0.04498049900725044 0.013719984603558562 0.07150128165473796
73 0.04867732106197793 0.004068062992293602 0.06055173037278003 0.03255739783324759 0.058006125598248554 0.03552868170833275 0.05170219997084213 0.07178807957821354 0.03171575540564021 0.06019218648935161 0.05148579902645893 0.07327437317918138 0.02720702779564759 0.08124047464727503 0.050430945850050035 0.011149576700996916 0.010340961882973286 0.08219561590485774 0.07968758916932407 0.07820009483230714
74 0.049815103700709185 0.056389076774296755 0.0064862246509182955 0.07781853527377613 0.08414353956618267 0.012298132237193499 0.024212348145640418 0.07752466066086708 0.09418775686417258 0.038304901635051625 0.014586382537661115 0.030079269250961077 0.01779268488104713 0.09006831918172568 0.02665750905812154 0.08546101594732683 0.09801594650363965 0.052744823725619144 0.029829385317850038 0.03358438408723951
75 0.06737266380535739 0.02213994815451992 0.06869488272814667 0.05099187244211089 0.015495888694559022 0.04819062313920856 0.020098675615280177 0.06191279317405218 0.04673927093915549 0.08601410954168641 0.07570227608987479 0.05461089187246132 0.006874012105958216 0.025443263757688284 0.027392174375129696 0.04008877186606919 0.06375569199939733 0.05672757068309499 0.0825362496567423 0.0792183693595071
76 0.007932004431020734 0.045588564924305776 0.035194696032633095 0.044878299508539284 0.00445737749345874 0.07963758583949278 0.07611088960837459 0.10475769051489123 0.09672942598532054 0.0820103639331299 0.041319487311341004 0.0022744690600783927 0.057580342925286424 0.04034447677440037 0.04905321931387763 0.02875238802841795 0.00161271097464268 0.056652020912824896 0.04567103095429531 0.0994429554736688
77 0.05605665774839974 0.07596701289819872 0.011617041839217822 0.0038721651851083435 0.07425922959677372 0.04784636025724837 0.07941693799853715 0.051046283731715 0.09072251600659335 0.05303519054725066 0.0033157515566050607 0.015916668919473752 0.07616562104925077 0.01106368435029761 0.06504365444128773 0.06390432325167074 0.0799487700213191 0.015422472625342368 0.04707146623935907 0.07830819173635073
78 0.0812955742822836 0.05136587149018463 0.07994810482577488 0.032075838818503156 0.08182520487363801 0.04300297910178209 0.07971617329405264 0.05245872732671936 0.049272956673283144 0.0800067448615697 0.06582385475609034 0.06018318170146363 0.048272141245671724 0.01177826890311116 0.04247578748255605 0.06579725931674128 0.005010170134952228 0.012378596220731902 0.04182783545935874 0.01548472923153198
79 0.011565355316398929 0.031209776408917343 0.03738963541697141 0.022735889578027735 0.0638345965417449 0.0855752274595824 0.05068817107328371 0.05286307937716575 0.06450083705367161 0.060560731502836564 0.016031498993305377 0.05269281335313192 0.07760988692506504 0.0003907800598026659 0.07335522718900733 0.039362724509974384 0.036065983620732635 0.06540762206714631 0.08259607562628245 0.07556408792695134
80 0.07300232425254069 0.032909467596697925 0.045638692720069665 0.008826069156522282 0.033390328875375554 0.012310674848443412 0.03650176006719116 0.07945818700513427 0.07200077042272338 0.04327164220172894 0.07023593343692176 0.05537656663606079 0.022940784949398007 0.04920709327279105 0.06295641320623965 0.050114429017320244 0.07057929604340177 0.045338997406747315 0.08531496000378076 0.050625608880911346
81 0.03688092379920916 0.0948313005578965 0.03857682064800285 0.08794696813264061 0.0667085286324646 0.041990490045718504 0.015094994473210584 0.021902485751937983 0.062026439434141864 0.09360122052497619 0.08457654637608708 0.032458224584055985 0.02068700022715075 0.053913635617396066 0.0886136437562332 0.010849964666002581 0.059528923861264856 0.01786496236585776 0.013490953015365537 0.058455973530387555
82 0.09650300915818728 0.02689665170626053 0.08565885976372241 0.054642304334856215 0.040854156814370005 0.012676724482463202 0.042475459109819716 0.03593191215910696 0.01244643794492319 0.03639206565214806 0.0001320705897006543 0.09691795777479219 0.0045178363929095 0.03418069546362172 0.0632978154473177 0.08651334837140749 0.04685564835760311 0.042507308620166016 0.1107631225380614 0.06983661531856263
83 0.09112053786520218 0.054236179758032195 0.056080158854706755 0.08724777400896079 0.06914215718723489 0.06374552159901287 0.06114138596536945 0.09168364955645796 0.020902298874920653 0.0005681929157917761 0.06589566463029654 0.004700377973909949 0.009181013552438385 0.019797401424884054 0.010267185325756054 0.07269499097018026 0.07851058946740387 0.017784537856265888 0.09815761044013939 0.02714277177303611
84 0.03692192646405494 0.0788280485308414 0.06991915821245355 0.04340005377151445 0.09115751609372214 0.09864481861345091 0.02693590534018522 0.012253273136164786 0.09764209352868126 0.04209849242738886 0.08025359379388745 0.029555715180085693 0.0011631469015399953 0.06856186884289277 0.02983432839273062 0.06825111905015939 0.04286915129662316 0.020221975327293737 0.0008200071302343353 0.0606678079660951
85 0.06523607862574325 0.07492722795764355 0.033715749752240246 0.025947518755732254 0.05576792856085908 0.01966922168890235 0.07527561181411961 0.03228339656906648 0.06922722174925434 0.04791457818485644 0.05217330615158899 0.060477893098115576 0.07221307318287058 0.047552355166841226 0.026374464017192144 0.07335084919092237 0.03316751617839548 0.060485383622628695 0.05813411538227223 0.016106510350755162
86 0.05888534737437462 0.07721575924689919 0.07505373216303778 0.07980888263666559 0.026470308169427817 0.06175155377152993 0.07625179492155373 0.03705104968735125 0.05420797395064748 0.047852762785297966 0.0393219156241316 0.0022689463935307813 0.06042725899371693 0.06053431704610334 0.04051424914165225 0.040880072597114785 0.009558126120357434 0.04300800173512348 0.06467457392861803 0.044263373712865886
87 0.03091542371870316 0.03940001369821001 0.07317414236191949 0.03418548299295714 0.062476095435869 0.05102433015930326 0.08158632507250359 0.08196531710542566 0.0033234696417415582 0.062275405437069685 0.02518258057284821 0.06479708848511838 0.06470253949898606 0.07336472078131753 0.028027666404260194 0.03477947626636651 0.07155870590544294 0.000276165518426531 0.046384344833846174 0.07060070610968489
88 0.05026545475641662 0.0946659633801029 0.0029745421051581107 0.0964915963430387 0.10388809616807965 0.06401350934409793 0.008531970317298998 0.10463178055208655 0.00035232216950046636 0.03773214280638243 0.05969807704473011 0.003607220523824567 0.04966752490086953 0.08781496553551084 0.01796604551156038 0.026592780162581632 0.04402412750996432 0.04125643473328748 0.005403479695124617 0.10042196644038408
89 0.017546233723805673 0.05532577947878948 0.016755632877663178 0.024859303903872795 0.03187863976893953 0.008779437062153344 0.05616023118785637 0.08097336430583456 0.046781306779671794 0.027978282072739332 0.04440446329691854 0.09549425464652439 0.07709112372372993 0.09066718900685886 0.07574749662765333 0.035984151812696395 0.04710136021579402 0.04766194038448854 0.024548201914395714 0.09426160720961418
90 0.06137734944064351 0.05686324985899185 0.004535109587510389 0.07822213985081704 0.0561779146770421 0.06972069886464297 0.04735210101599619 0.05769442940198948 0.022001398522277376 0.013593431982257684 0.036468809188986324 0.03307909390483149 0.0651612780960124 0.09727522836153998 0.09322256585442909 0.01844139100197997 0.012457135217530321 0.06373414171884564 0.024866399181770544 0.08775613427190566
91 0.09721905985501693 0.010343888329563887 0.00706778287592254 0.05407038105550446 0.09682524034755369 0.06278443649907271 0.050705934876733146 0.05201152214984749 0.03350457186525696 0.000629428623682033 0.05021574904125135 0.009997815570354878 0.06182132546543561 0.019685199248164222 0.0922339361472697 0.07311497312443029 0.053531773609907234 0.013991768256270803 0.08322610463018294 0.07701910842857908
92 0.04612133560097404 0.03139493683748589 0.03455586797433205 0.02457550375746525 0.030062756560478476 0.07207485373341567 0.07351566100553612 0.016079576664914157 0.03738160847754083 0.09193618143170379 0.048409665483184525 0.08488763908491304 0.013012849219638446 0.023163450302358106 0.08334344222032276 0.0894101548782293 0.033979913912589 0.03300014592429896 0.0734914621992292 0.05960299473139047
93 0.01843175347423773 0.08850967164371666 0.02259003621108484 0.08016278198509148 0.05221469830585509 0.06846183949853937 0.061536141747676645 0.08828090307060792 0.012458529766581274 0.062290435598048435 0.02418272392244413 0.043042091784819006 0.08906463547337268 0.013374802023484518 0.0836610835481538 0.017995463168274488 0.0056040593331257785 0.07644516273798026 0.04801257527032554 0.04368061143658036
94 0.01872350512818272 0.00839305916422308 0.07325780731428065 0.04735905200210816 0.055490899491063325 0.0461979764270918 0.06272053826495845 0.038869958733262405 0.04666761290509419 0.030241871966725998 0.04264263786875155 0.07277069423913356 0.04507394179514636 0.07366631084243665 0.03601273907156954 0.037784263439252966 0.049834832695056286 0.06733544598444204 0.07304910478036404 0.07390774788685629
95 0.039528139897471795 0.05358593705878684 0.04461360894698992 0.08572345002241749 0.021649849570211488 0.07622415496880992 0.013609900605889605 0.01164914425605183 0.06752899810088649 0.07270249832098134 0.08047629022635813 0.09787590036781474 0.0807098499356004 0.020299054948186613 0.04713833556828753 0.022065637281703344 0.031332957246545175 0.02819188743138051 0.04416192274408256 0.060932482501544226
96 0.08496433421989431 0.01601719480164638 0.1015952924672096 0.07995016347778426 0.05476157287799873 0.08855537486584916 0.010627456793454997 0.01408816770305 0.030073023101192847 0.000864726363644014 0.06466662610477025 0.029699499982881156 0.052968582944127034 0.04894814109111026 0.05218005376614091 0.02116616787749773 0.02694092428342288 0.07559564365299688 0.07200435607588096 0.07433269754944785
