0 0.028654584429445865 0.018020997978253475 0.045419997076692226 0.07233704438919224 0.016646697078058593 0.12977737066990638 0.12919788048612885 0.0774270511864369 0.06916851717701375 0.09738663139678307 0.016739946273518866 0.005620746589724493 0.029129860803970817 0.013497051328301776 0.09860866209699268 0.0019124463962575738 0.014694833926573852 0.01404249065529461 0.05716031613719792 0.06455687392425584
1 0.05756751473929866 0.06479042523147165 0.06473550818171847 0.009802369132460277 0.08023106860776454 0.005808975877780226 0.008094826397875059 0.09000513224201578 0.09143654519897532 0.010518962223818297 0.10617666857501043 0.05692490020919999 0.08781944763623695 0.051761936348994175 0.05282030522121007 0.016211560688948953 0.007810270358162529 0.06270623497784779 0.04219783053028446 0.03257951762092632
2 0.016395750779857853 0.00928889577885177 0.01160339912683832 0.07561022861798251 0.01261764911814033 0.05961367729132681 0.0795836858943402 0.10654213353427562 0.07617978791441517 0.03792620832843069 0.11177681661060257 0.08672119712949243 0.026637963265963554 0.02787510914920474 0.06514372958070572 0.0623926715577935 0.030962266608143052 0.03934011066585634 0.0009883276691870161 0.06280039137859154
3 0.022270815683029084 0.0056226294854920585 0.07363135453094463 0.014934667553185605 0.045169644926366354 0.050197199155591614 0.09635056959137685 0.08428690258630529 0.010267111071518877 0.021491618979848717 0.04130733664941134 0.013470336679150405 0.10028404340718712 0.08924207550941211 0.09327342442673764 0.04403784277503237 0.03454552511394608 0.031499791136148016 0.04130496092994444 0.0868121498093711
4 0.012780088614372796 0.07926391249015861 0.03870619799495508 0.09773655292769648 0.0954527027599639 0.0025863214757451333 0.05750334912231663 0.005061478061606629 0.06169202361056041 0.06682246713484909 0.014670690628516888 0.06970842055905692 0.011670468726330143 0.03849551492678215 0.09357348959319839 0.06882514343822302 0.05536430353217782 0.09036384213000326 0.03219688006871758 0.007526152204769055
5 0.09211156143521328 0.054856462336970294 0.03853147987712714 0.018900330214878046 0.10428908978077403 0.021126614020260507 0.054449263809667164 0.07753775987294538 0.007053661190060328 0.03444274431217797 0.010302458922179503 0.05200724686436738 0.03735267713586217 0.07671544875457827 0.014766580009393978 0.01171631227672586 0.05930055406924375 0.0788025071679853 0.04685746369102038 0.10887978425856912
6 0.000788882331778209 0.03852293765369871 0.04228915702200305 0.0038883849286204825 0.02776828961772673 0.10822951460470116 0.017543865869576854 0.052816378369826514 0.05601413464570829 0.09883798563160111 0.038552916492829555 0.11597111757111832 0.011639424546621539 0.02519617095949376 0.06308346307491249 0.07829350206961572 0.030351544661476174 0.013505222371799951 0.11635777623664051 0.060349331340251014
7 0.05530385090268483 0.023389469860700368 0.011565565773148606 0.06183991618436828 0.04241299231039005 0.07765644797620717 0.010609585068193709 0.07056432883239103 0.01131583612319455 0.04798962048117061 0.039135059443180804 0.07760823509449409 0.07694044340275559 0.0016798430617852502 0.07008390533298939 0.05837381741622297 0.06640207952680362 0.07811076241930323 0.05829935781831742 0.060718882971698286
8 0.01998717892664208 0.08704334576791051 0.05848565822111524 0.006670245321102928 0.09486429516720328 0.10027175258160015 0.05138514113913949 0.017335378098961626 0.022138286514211226 0.04693794871022213 0.09888350338198612 0.05252615922248315 0.027301768669611537 0.03539147974388671 0.10091678028306236 0.02636798308830796 0.029137938853209765 0.02085475235247775 0.03299668976934936 0.07050371418751677
9 0.02367229024300796 0.007349395484039697 0.08602624792105885 0.012374830857761795 0.05697540906263371 0.07259244163871126 0.07172986722701881 0.05066099132429995 0.04992424971726083 0.0075953211481387985 0.08930955318599462 0.08125418575183266 0.005165677364031099 0.0014598520285890016 0.08974219976469384 0.0780438445639494 0.04397994256029874 0.08184993648053156 0.06861531446234477 0.021678449213802714
10 0.024335729344332625 0.03483602297552574 0.06652165759849417 0.03645898414167991 0.029285470519802813 0.06708136487262532 0.0244224002997496 0.08206871042640525 0.07195300985369049 0.012172855879773441 0.06863367828817854 0.07614965160369523 0.019216604889349106 0.05705945717225205 0.06464710619896187 0.08030673631857434 0.032356866286831744 0.07753757707445329 0.031001586863669876 0.04395452939195475
11 0.05209152540293721 0.02699438018095913 0.08192562742165412 0.053948240678271274 0.05252605866362784 0.046687075423014784 0.0035432810346046817 0.01888558584196062 0.08170142838569099 0.042236617218608725 0.04668649366549231 0.02464887702859516 0.08195612158826307 0.02412812620587635 0.06244404046459244 0.0271736686049356 0.07135953897275077 0.04461638058969068 0.07955364673235739 0.0768932858961169
12 0.06730941174529499 0.01105981146739563 0.0790775681432325 0.07721573728819436 0.08433023725454139 0.029756447414097772 0.05903610197627076 0.03221697061117907 0.09012921166977657 0.020137689137552397 0.09184612644346919 0.07942110981586203 0.0028143267068749585 0.04505368989984635 0.0007209463472920716 0.03511667042290893 0.08752082678593143 0.02760357757994151 0.0014550822218652546 0.07817845706847308
13 0.07724048458737823 0.004115121280927883 0.013093057088207516 0.08241501616908 0.08682528737438412 0.008652148930139018 0.012811484538540035 0.0159924478241075 0.0710984491863842 0.08867881123004456 0.0882107519752375 0.035184254023600245 0.05667386277203078 0.024921557692555923 0.07371144689238207 0.004852733811341095 0.07168729752901715 0.05820519499690336 0.07162363922550877 0.05400695287223
14 0.009088226810315805 0.01884735195802244 0.03514079015612037 0.06347916787379684 0.07105642165236753 0.0625535329332591 0.09364545147999503 0.0012237515904278621 0.007418082011816926 0.09364785705421996 0.06473842277796132 0.030755254688804377 0.05768819265101481 0.007778897382496124 0.07551995622117066 0.036810703906416505 0.07235635015243383 0.07515698344725366 0.030554689342419578 0.09253991590968705
15 0.06600580513292767 0.02755149505804525 0.06581795389152666 0.04486540368795618 0.025233837565898504 0.06990717460359705 0.05325522932948141 0.015993236028283772 0.06308733544973695 0.03512727486293804 0.024343297104228865 0.03492846648990426 0.07729288055645686 0.024621704927543425 0.074493797783714 0.05261812129185486 0.07045892065967141 0.01933277493936974 0.04795523701329583 0.10711005362356925
16 0.045250962661322794 0.015903887078627915 0.1467717671885117 0.021182377159590093 0.03871846047182714 0.0036019540567486835 0.07891890271561697 0.0862886086494142 0.0031114114085430632 0.05345720128593991 0.12556545031081898 0.006990397871893974 0.005610135698121107 0.039587025978171375 0.00088822249989659 0.0038692692321715535 0.12853773221749457 0.13416973187551864 0.021266661924226278 0.04030983971554452
17 0.07092718320665689 0.04713975656386075 0.056745391190634244 0.0302647010984504 0.08359602028734214 0.07507407069030403 0.044088757047575686 0.07534290913650894 0.06649783613432474 0.007662711698463575 0.06457525143996402 0.07899032064931158 0.05134177859079865 0.057350207684297286 0.026387638710965968 0.014870360306039259 0.025908419386512768 0.05870993378624663 0.03752568863440366 0.027001063757338694
18 0.08299293263282272 0.04064375119907402 0.03328172070173605 0.03929534171852986 0.04883971260247403 0.10277938771000651 0.001713585966374562 0.030299354466359556 0.02018621284807065 0.11134490111342307 0.04464873091817345 0.015264232415014246 0.011612938048283655 0.07274987740131256 0.03528141881778639 0.07678352676572726 0.10297833227511816 0.09220890200765121 0.01590661796538763 0.021188522426674412
19 0.04957418966481378 0.06428964215696022 0.01914823885447605 0.052143590421358535 0.06933905932620782 0.051327715395969725 0.005091617814551227 0.061926625944999404 0.07495365735520604 0.04643254980346057 0.0756295974854032 0.02051918737353198 0.07665316734185602 0.05815419880916306 0.05836140132481571 0.051823822309976945 0.0012336333259060602 0.044213283595071484 0.048461564509875744 0.07072325718639644
20 0.02669221824366575 0.03978963710416178 0.059391008011553115 0.012897858288691496 0.050566455580159826 0.0609779942852224 0.03134182724237539 0.0591825167729481 0.04674891691677133 0.06726773748048497 0.05334710676283886 0.05758151297495113 0.05417952177861088 0.05107564900540611 0.05049839395132139 0.05408428111720351 0.07607314505740108 0.018673530982070117 0.05659404927412653 0.07303663917003601
21 0.10849448727133278 0.004955012173924841 0.017448842926884405 0.0609516848307754 0.10842879659706027 0.08911374787651273 0.0014208951949134076 0.0706788313822436 0.01904386334896873 0.09549067600979044 0.01655445331117258 0.07265931871310409 0.043169238240483784 0.0305202113574194 0.019092998216333125 0.06449993128354804 0.07714518514440655 0.021136931877137027 0.028065562513653837 0.0511293317303351
22 0.06065868092987345 0.04208393647953397 0.028206745339220088 0.024156183821220853 0.07603364463782396 0.03703914029802991 0.0724524770161182 0.032533342937686394 0.01948611177643131 0.038966954081896654 0.041866624982607244 0.0682017340992617 0.05340474718955254 0.03880617456627115 0.0798036712904019 0.0379631276715207 0.021954138813802267 0.0760797741145638 0.08489748791304037 0.06540530204114356
23 0.059311679077957216 0.0809798727731621 0.042183857615877486 0.05329588094453889 0.054321162967572056 0.05411563801265273 0.04871296901784725 0.06464933565613154 0.021653693721376554 0.031308539028458836 0.06159006784596854 0.078419041609832 0.04021227473964519 0.003969395472186917 0.08782422870252043 0.012990260588905777 0.050052058023938695 0.06713152379449061 0.040976756789550005 0.046301763617386825
24 0.03013794199178614 0.0792935776979749 0.03792638995590239 0.06321251194758852 0.04298491753856074 0.006889043198759262 0.03611961280322743 0.03951244051300214 0.05669181675726604 0.030375689738524992 0.01989088793196699 0.061302854685718264 0.07812131258609653 0.07472359887752562 0.05068275968680666 0.06842432472337857 0.02976032628613746 0.05825889910890788 0.09265030057555397 0.043040793395315656
25 0.06061285677916121 0.020903418157813842 0.028436333082887538 0.013475309079189386 0.09183830608940437 0.057003774871229464 0.09190796782767299 0.08264711269124715 0.00912931711383311 0.04403576634044434 0.09030331233053085 0.0252735709735616 0.02672426361653538 0.005225671875981284 0.012235116063243937 0.0003644387625015893 0.0928704882975179 0.05807231451306018 0.09480306943883303 0.09413759209535062
26 0.02758272896662897 0.0032739729925149986 0.05715315597244674 0.012230134228118777 0.08047171826306188 0.03843316041924759 0.0827408749254405 0.08488704364312884 0.05808834583391286 0.06065556738226357 0.051713871981018344 0.032902038461307945 0.06267485138661065 0.013754028292409853 0.05565916434571675 0.1003830309059902 0.01184286579371424 0.08603601866164469 0.04872818164941121 0.030789245895411335
27 0.03933339509559744 0.08115293540591906 0.0006969174977707036 0.07086228969299467 0.025287136437978544 0.03220186762437279 0.06084562371516172 0.054711763852604615 0.1028754511980791 0.005729787618323356 0.0376424282896416 0.10012454521832578 0.04263403370446577 0.05022552373828672 0.06369677948970717 0.03179030805685718 0.006118115104160509 0.03870122518013191 0.0659007722845257 0.08946910079509576
28 0.055181562140962 0.005199243127390783 0.017382896986601233 0.005030905988542126 0.09577228409705536 0.08300806562093908 0.004762545711184035 0.0374670612375627 0.03311705900316568 0.09276613170400123 0.05402545177051377 0.0996699443774133 0.04748163280713506 0.06440911176508575 0.05490897202564557 0.05442800568263174 0.016789197922078433 0.09017512928018655 0.07135181082398787 0.017072987927917792
29 0.04215898043663285 0.06769473855011304 0.11758482411683827 0.02325898671447014 0.05888039827515628 0.009136145072848665 0.04711892147237735 0.0326344813138604 0.04369746085042062 0.07502947389014279 0.07297454484429221 0.08062894516829157 0.006857511749051181 0.06272043495134716 0.060095863195524964 0.043069776697585424 0.02158398967780312 0.020204517545795556 0.05098452256220179 0.06368548291524684
30 0.03229246379699733 0.09309631214008035 0.035214120892012916 0.08565070517997722 0.06068355866294544 0.06359612882002312 0.02758916683314723 0.1338205197158997 0.018303177124152248 0.0138625128084323 0.07879700515756015 0.08147472746972699 0.04402686205390735 0.01136866528345192 0.03633458867900278 0.043095984141536536 0.04446922190193954 0.024342719924917575 0.03644623877457249 0.03553532063971686
31 0.036371930793302386 0.04134514029093858 0.045375287955231776 0.09388955331591853 0.007301890177065262 0.06317279005976527 0.0168769799131384 0.06255129744827335 0.04627356804232505 0.08087620231397938 0.022069650580627806 0.08790196377130732 0.0009793899382453345 0.025189522274625543 0.08500201595407016 0.05845505919643891 0.009730400006241322 0.04481152505791882 0.07948268067469878 0.09234315223588821
32 0.0012740816304077694 0.0011732358807582622 0.01941668886064541 0.005147616752480811 0.1260535596961797 0.035300333186733805 0.054116294430855943 0.007206135877881353 0.05588172896005148 0.03711993832276876 0.08036748985720027 0.013734813317962542 0.09901914210156953 0.06277682476902728 0.10021393201555114 0.011922862232710475 0.045809811550323876 0.006445601925036085 0.11624707087229061 0.12077283775956484
33 0.09324481405425789 0.040896849849415974 0.07285879458238427 0.053563388667009514 0.07543974057676307 0.0797806815137268 0.003713045347754228 0.05892323652088111 0.01074484378368031 0.04709386112092321 0.05302626314651657 0.08913147905163162 0.03349147586818827 0.031055732061624854 0.06374051192321813 0.01571938884762823 0.007764988459196191 0.049826561668444326 0.08553139813995295 0.03445294481680243
34 0.07674818837599352 0.022991888746724014 0.036118464285266876 0.08499771999610493 0.043348737865695534 0.007307798319366831 0.02498276349028852 0.06319082577513165 0.08723547146123677 0.06871571792883749 0.07398927800152785 0.07340976828941773 0.06723593823446589 0.03468439707862004 0.004555921769972835 0.0586945430186398 0.020878312810963074 0.0718997699275141 0.04229568059828017 0.036718814025952416
35 0.08837425125163667 0.03444282823504423 0.015185634494795838 0.03348531466515916 0.08899635643412762 0.02154442642316963 0.018682176096015305 0.008819146343336757 0.08503853455513191 0.05568592123834089 0.08495397665821472 0.07657849336581647 0.08464980145612967 0.05217158631768957 0.006498298367314711 0.08479426692522436 0.007194230963256702 0.0027165518666039997 0.071829602265819 0.07835860207717277
36 0.0856867287969286 0.023618455693420633 0.06780055822608606 0.07581507590555069 0.08840119529594456 0.030655475243496703 0.09272139493978575 0.03535011577381013 0.048201144580840405 0.08573918979677717 0.054401987251377064 0.08805748253470211 0.006343154357339521 0.046972862844500064 0.011295220985237489 0.07436643837368738 0.05049670006225315 0.0024909735312649848 0.0027646123443435585 0.028821233462654236
37 0.0857140603190648 0.08848076902852822 0.058325495934283045 0.005578370682292978 0.0678596646665103 0.08658843431757271 0.0853304221579188 0.04797935701572775 0.008389857643050787 0.04142825301900549 0.010187310146744033 0.03561357484513532 0.0660887828843676 0.006413727652973798 0.01089267609471682 0.09417032240740751 0.045596158580435496 0.015804175542735666 0.06773962473459692 0.07181896232693182
38 0.05720953135001623 0.048300904335187966 0.06681924921351502 0.008245362175087997 0.08594234609184838 0.06315635777840349 0.03004197590598253 0.02323687259940622 0.05755625748506294 0.06585746579954731 0.05710473153895626 0.042908176485061816 0.0672953191790508 0.047371778913297635 0.05088023336719523 0.06277997018547385 0.01597384880073543 0.08400290578037035 0.045413492803001054 0.019903220212799298
39 0.08976890749111656 0.03981470831624062 0.010393347758524492 0.010823163521915834 0.09223509213755633 0.010818128497470507 0.07723469785176416 0.09260394737008242 0.060911072393563484 0.007284510201948085 0.039751073887341594 0.028117011296549158 0.07307254863137325 0.0754650451459006 0.01687567348785453 0.04800459422724658 0.029820350777894362 0.031201908619877605 0.08553905351937637 0.08026516486640342
40 0.026070586682881647 0.10198189504424482 0.09925419120976038 0.036877897162876976 0.0003279390530854381 0.019667083619243485 0.08194551090522673 0.047130121973744395 0.0786067068133875 0.07401075170597761 0.025615131159391437 0.036396743944250666 0.037344874258787006 0.035980365527690364 0.04982938818238093 0.0633184446804746 0.024871410175880522 0.07455829670750766 0.030507677931962473 0.05570498326124545
41 0.05015884788386956 0.02920971967973694 0.0336487863864164 0.08300093502454067 0.006278353588436698 0.08563850431696379 0.08205239228679996 0.06455875317829554 0.04417823882535116 0.055981294858362854 0.05693120472910372 0.06406108327454238 0.056106719019503544 0.01668426984536726 0.011880165256898063 0.04757032954823629 0.05657279329801245 0.061471567420235906 0.021000490938193613 0.07301555064113328
42 0.04656848731962979 0.0756552304263483 0.03757490344069634 0.04491568369118128 0.016766654125224656 0.07359073609789724 0.06404225557998107 0.07682379320643636 0.06304292736018971 0.01296653487190745 0.04388974473936513 0.07798456559119685 0.06038163594448803 0.06457853290904055 0.02901549039604635 0.0355128672211796 0.014411133053082805 0.07752158647180235 0.04427503138069838 0.0404822061736079
43 0.09764802627161599 0.06668457709778906 0.0681628525504281 0.035780702799800224 0.037668700267801294 0.029132538537179006 0.048511969572546644 0.018938723408319213 0.05267977890386596 0.06642673257495385 0.053100700908080514 0.0638371345379174 0.05227274343773648 0.002180362265620798 0.10085581132925961 0.05616996911599014 0.049164807312247004 0.0010644486572656405 0.06264020948630689 0.037079210965276194
44 0.008914518183092588 0.10463888805480519 0.06334788864825676 0.0025828616801987767 0.00017056751540228015 0.08666430114946361 0.08884230855737967 0.047996642230849165 0.08117752987326057 0.11030806581568323 0.02168978259534265 0.01317368514285083 0.10152184689633745 0.022701033495050257 0.02376285269420716 0.04117398262208928 0.0048228156870725935 0.022817347698585125 0.08993611114590681 0.06375697031416598
45 0.0890004122123929 0.08926712597092293 0.09660412539740632 0.07855208049333443 0.05141735652856705 0.005204264596178199 0.018855535284816226 0.06796410335415722 0.00283691360714284 0.03167170211206463 0.07854358597045047 0.09454776426239103 0.052696070100515094 0.06743756192805625 0.03542578995938193 0.018867960914371262 0.0010644620750640023 0.04618999725971341 0.003420293112284103 0.07043289486078964
46 0.11220333303442394 0.10437440067256501 0.063362641666926 0.08010420739545483 0.0013462924270594401 0.020095733335355182 0.009064488085885147 0.060908493023666604 0.04750414263961191 0.10389479319703562 0.017514091962015955 0.009136399213248885 0.030477252570504702 0.034595124082648976 0.049666667709806746 0.03734346089387673 0.022767658665173 0.046519309692037526 0.07461252304548031 0.07450898668722361
47 0.0767684489937463 0.04921604793566581 0.03909584868679302 0.015779766479967337 0.0533759807516386 0.06605422612123249 0.07126194752503474 0.07538165561004659 0.07877484054360259 0.045046864799938746 0.031400348555025805 0.049634186301663996 0.027751870917700885 0.06463703446591562 0.021588163323916238 0.05158151835638658 0.03433026102913341 0.014765558399596226 0.06914578591506068 0.06440964528793422
48 0.0008308746431379623 0.008917002431346563 0.05743271343311781 0.06742185616765566 0.028147099720749892 0.09159086364843698 0.06304689161686206 0.08317005577901014 0.02853458124366215 0.0906027979644819 0.08670208891406683 0.035142634668816584 0.05066333449141475 0.027816601637670486 0.007879758375558188 0.03987581087076277 0.0040095808648008555 0.08572000749527016 0.06861787381782743 0.07387757221535077
49 0.023305095508189055 0.0465970640256737 0.07661078641322368 0.08418896566700888 0.021997539183056643 0.02466262417610296 0.07514633610403051 0.04380883089919779 0.036193625094371684 0.07950802634900224 0.04710627179210174 0.015976200555017556 0.08098995603119782 0.04530918152783147 0.0033808322082401207 0.04483294987657537 0.07336361590936528 0.057359525699201885 0.04779238649218446 0.07187018648842707
50 0.03927475329358983 0.010169297833281138 0.005427280263335877 0.037486234884194586 0.11204709189310376 0.09221685143552047 0.013249821553841197 0.07065737656834481 0.01397818581555179 0.033278240242384155 0.11717824263459468 0.041515072937274994 0.05626572734920111 0.08030554843569343 0.1186448139451099 0.0015604848985538331 0.007839455749017182 0.040090844660916745 0.06684944638075496 0.041965229225735534
51 0.061238799757968566 0.0353838260669201 0.08223414467762069 0.05170292782859874 0.05722228999746416 0.037005407485426245 0.0825003329740206 0.02154943238868365 0.0710172041633842 0.0095768934886479 0.015492267399718665 0.017881845613612918 0.08801959274471473 0.04591768005855316 0.007294910197368957 0.09487626581655843 0.023383224880090907 0.08968251630489137 0.08964974939547989 0.018370688760276192
52 0.013197277476589846 0.0511086356600029 0.017386804972344894 0.07056726929841373 0.07037191167373162 0.01357059761222945 0.07019105697865965 0.062475382700813334 0.028225445968846304 0.07107005248934599 0.06878440797091077 0.058178187516936666 0.05413518400852653 0.06859592799843606 0.05387117124006383 0.0038945072880160457 0.03354544260671639 0.06123142725900733 0.05955170119534386 0.07004760808506506
53 0.034694686306956816 0.07931870175529024 0.050939656344391494 0.05739114187415453 0.04315426380723898 0.07476526411002055 0.06916816106754539 0.021139169586246984 0.07317813629816661 0.0255256310002461 0.057500333808523284 0.07468422374953572 0.06032382468247717 0.020401976529449778 0.05919702625315724 0.06540627681314888 0.06817739953316052 0.018959918690854727 0.004142112670221244 0.04193209511921376
54 0.02029771249413103 0.059414014379843554 0.07415247538471545 0.03971825971878014 0.04723487778267248 0.04119016147534128 0.00023844302741755406 0.08074577501135304 0.0012250295160159286 0.06980167413982792 0.06818351009792674 0.059169629600251204 0.07091037319727833 0.07126843966756827 0.007853287528779418 0.08265859406568302 0.0426970870926397 0.08383445588151268 0.00041558734195253316 0.07899061259630974
55 0.10139923888156192 0.05587358237323013 0.019086346295951868 0.03538633909757335 0.08576996064680732 0.02746053413825681 0.015301637955607999 0.05223952705806939 0.04146650838005116 0.029951292760827513 0.05076279400120642 0.047762498662811015 0.0814991045468176 0.06523221211349205 0.09935214835962941 0.04835611124517087 0.04145181773137288 0.048786003573722224 0.052546198550963236 0.00031614362687681555
56 0.045110923360991505 0.09156126635526957 0.06151095429277487 0.10054418505192746 0.02642224602418011 0.03717201219543707 0.002221548592426563 0.0728585820097388 0.09515759967512323 0.05487352704034693 0.006807549709947099 0.03653007544951933 0.05218944521203654 0.04764463179427199 0.0084266851635763 0.0908341563553572 0.07836675849747803 0.013214809044472482 0.04166007846132566 0.036892965713799304
57 0.09925432018856382 0.004470034093255355 0.06840124982285142 0.07969093134395898 0.018900905832787362 0.02904071068962705 0.09207490513526778 0.03827709480071563 0.08100392648517533 0.012806658778181608 0.09572762335720056 0.08148205320939773 0.014577141985403426 0.019301128737978932 0.06973844175840208 0.04944126373256633 0.014894048208060161 0.04172032066596772 0.04992357113736838 0.039273670037270426
58 0.07387317669527399 0.06259537049935268 0.036883249740134946 0.10862534861673658 0.06932691260207549 0.046215447340672795 0.08250317496302002 0.010329368893090246 0.011303100478643522 0.054842395441372 0.0076224217881572 0.0061933239160311725 0.03205583818747415 0.08383189599985541 0.09372777645313586 0.058017708392224324 0.017235347591754456 0.06963255071253967 0.04719547351515515 0.027990118173300445
59 0.026498527851275166 0.05986465187201409 0.07147569947132365 0.07227906277679752 0.09086324540838507 0.035806405368609934 0.04834566314427677 0.03904881237955297 0.040524226010165726 0.07078551500109366 0.0016179614829138344 0.012496769263552716 0.04187558803547215 0.08624444173784149 0.030210606076981283 0.08195915983288989 0.09516126234074886 0.011574490675880856 0.03374467259563431 0.04962323867459018
60 0.047875948447623586 0.07490735208953497 0.02773701993859247 0.06594608222558088 0.058820606623827904 0.06170584632850349 0.009111259611647703 0.039144071036737005 0.055710493032650105 0.0186008601607758 0.0023241126706066003 0.06704607412060941 0.08930434519523858 0.04939359435303681 0.04356627141543942 0.05533133871685232 0.08960294363864121 0.07401704410662813 0.03228566848203626 0.03756906780543744
61 0.127665572055669 0.09822760936813169 0.04465483972486405 0.05183151442297159 0.07818820757280696 0.11277062925499219 0.0240606425209405 0.01287593287308612 0.019844946895196315 0.009172869835859831 0.017584732840089785 0.012747610088097317 0.019211780929150286 0.010529597838627652 0.02042814458179555 0.07893889965162455 0.05580818382651512 0.08145695601723435 0.09717083971232644 0.026830489990020787
62 0.046250912794392245 0.11225134356533463 0.07368074721116026 0.0563872924569439 0.07601394254281803 0.06797715722018545 0.0029857152471508795 0.034457663927135604 0.05770925280610395 0.036737726548797825 0.03912227710026512 0.039021789592276354 0.018955281417466184 0.010134567704292642 0.06859311599306 0.10198792401981349 0.07245388444196497 0.006080115325972765 0.020784270681484026 0.05841501940338172
63 0.014941861215158846 0.09401085017554202 0.10807267887561209 0.0803170451843456 0.08171460102099787 0.013466527151578896 0.05670850439108765 0.034081451481320434 0.08866356807496555 0.012991275130116029 0.008872778832572047 0.09029457956866548 0.08046753842676255 0.02058791700315292 0.005015673847237406 0.002718043177094198 0.02878459358624148 0.10950400692478596 0.007658674075846914 0.06112783185691613
64 0.06883776687844505 0.07208655759017052 0.07820331847342021 0.009614630204836515 0.05288465191103064 0.10211533841182369 0.09727488578835924 0.018253211619993787 0.03209452943138745 0.03174606335975964 0.05767187658570398 0.014249575627579674 0.0664305044909961 0.09065807462293891 0.04293579958567471 0.03053939987707735 0.04864539006880275 0.013863043478264097 0.0023035395727734236 0.06959184242096222
65 0.06393280752109817 0.04985868845055567 0.06943472137320462 0.04249843541540755 0.07755668111189012 0.011221387495183109 0.06350220500899188 0.09615741639128832 0.043204872943339544 0.07175369422701976 0.0368477079662408 0.03824004751444477 0.08603952821074778 0.054979375416039616 0.006187189514262545 0.053560628589317254 0.050732646219913156 0.028242935330867844 0.021920964577143418 0.03412806672304395
66 0.07644930860164206 0.04867554848795582 0.007699331135518782 0.04608663137111578 0.03581873417132154 0.05083377475050191 0.0895691092857501 0.042027357326029996 0.0579017210480845 0.05018877987664771 0.07267295437345274 0.04760363775163999 0.06067322153857737 0.07223976922560663 0.04632451989847355 0.0237188411835621 0.07467856311891433 0.00341242367481194 0.03935369726613587 0.05407207591425737
67 0.09989815108373497 0.022590532408051305 0.11232725009961844 0.01104780958679012 0.03625434071399783 0.03068341614180745 0.06077961681617484 0.004178855788863291 0.08521851737299123 0.10029629938542695 0.021162915158826914 0.05955149084551219 0.05771458154538548 0.0701273353120016 0.1187873662033593 0.008377078687834846 0.00543095357549673 0.03313031883869348 0.013065763806595793 0.04937740662883732
68 0.05678514538616306 0.11591822564550214 0.012115955830419226 0.11265324134423167 0.07465903128133208 0.032785645741496304 0.05292890404197261 0.057488178643288514 0.009092977903858728 0.09257628327788281 0.05493844736476726 0.046318723324055955 6.711126641220957e-05 0.013103243547455031 0.08500038922394532 0.019309962323728582 0.020158392120083135 0.006001269431446202 0.039597081682080565 0.09850179061987864
69 0.04986410298118234 0.0852333623090489 0.05102337002435817 0.042448248934125965 0.023449324247622964 0.059272679286462994 0.09412997185444742 0.021158090417977084 0.06686359208494169 0.0976978693521049 0.04779677771753957 0.04669083672038571 0.001442094600266559 0.05029404543551511 0.003901105354341419 0.029654147027927742 0.04314147432177359 0.08205915851243811 0.030237442153289662 0.0736423066642501
70 0.04827931926995086 0.11480610780409076 0.04507644542642852 0.017752396826589533 0.006520624609871281 0.0032415263977479966 0.005528402816185624 0.10043405308106325 0.0729497402141578 0.043738717511760256 0.0006023024151366642 0.06337378524841142 0.055628467889295805 0.09183895475526413 0.07532645261051019 0.12180469041948527 0.08463528016497737 0.004873590684535497 0.02276103612227129 0.020828105732266455
71 0.09007681603941743 0.009813100341371866 0.08769187164741074 0.05920110514288399 0.012097243172799569 0.032367624917142665 0.062293751140235734 0.032617324055893904 0.10982564602216087 0.029547151670087084 0.02389740515108945 0.059731304128577176 0.061435068496865704 0.005449559118455158 0.10395410977103228 0.11298004346629639 0.015057536585262826 0.08571339235474779 5.698781229218771e-05 0.006192958965976969
72 0.002941015464559365 0.01696715646814414 0.03221715940568591 0.07018355200343637 0.10502791054538321 0.05051196495552563 0.04547494434022722 0.06151217711185735 0.0645728173858675 0.028088561948843474 0.053562193677059104 0.12133249056151879 0.01516717068093178 0.08516148655304259 0.015089037766874753 0.012892308687940751 0.0025528133268922157 0.09016549080947579 0.03758803074678118 0.0889917175599528
73 0.053115486466332774 0.0923988595943349 0.048767955799043534 0.08567591186448183 0.05602581959590119 0.04260305148680095 0.06484989043103902 0.007021404200810093 0.005374069588934894 0.034990372697327916 0.037967733870249425 0.041095130072931835 0.09185272153032571 0.0519319458461613 0.061516018021025395 0.11102412082930034 0.02608473630247333 0.05430989916521061 0.00011162326000587328 0.03328324937730909
74 0.03370305912248586 0.027678274719832575 0.04981861986859582 0.09304829068563074 0.09079907960058214 0.016545748308130215 0.03644072077185952 0.0008753594003599519 0.032586647673148936 0.07106057879133137 0.04105080902420937 0.01468714360243595 0.056829100657328276 0.08895506696092252 0.02279982854859538 0.0631817323614495 0.08051887614970853 0.07082467752217575 0.04346853825298123 0.0651278479782366
75 0.027545581027108294 0.017463723854053655 0.030846846021578556 0.024333264301316198 0.061642879781194995 0.04623867101040404 0.09624820096560188 0.11132180865239188 0.017539227296681115 0.012454545811826315 0.10657733940358531 0.04560194524374522 0.07550341996988925 0.06664145190747113 0.025483550147268514 0.09904985613080586 0.011696871393327292 0.01623746208756792 0.058901190944614074 0.04867216404956837
76 0.023957922290587335 0.04280360163534989 0.09388487049701166 0.013044197966436848 0.006824869016674919 0.04321121756403816 0.011927590322698712 0.027215581348007768 0.08032817730924786 0.06810483502019801 0.010204634675509078 0.03215676351676566 0.08975676363067969 0.08222533049571729 0.049239267911754515 0.030876236074904074 0.09740525908110644 0.05644371914646501 0.0750523717500379 0.06533679074680915
77 0.026047643018629052 0.012951313853991765 0.08635925606828536 0.039997858450342934 0.03246737769865586 0.007625027485602653 0.026632360061560157 0.04371935081218185 0.0796039910144043 0.0805854987795945 0.050012698969455864 0.07740877587936268 0.07007812131240314 0.04477361962910264 0.014267045426502856 0.0658402945148623 0.0769127117625038 0.013755794277463082 0.07986380558275903 0.07109745540233614
78 0.018837169220120246 0.04052699114089024 0.023214508603176486 0.08996609385970143 0.03405901617731232 0.07853994186474442 0.034077408988320665 0.08424901390802934 0.010265230221077865 0.03849160078279773 0.057606154093458775 0.08466909431964996 0.08521286620700848 0.04968432102999805 0.04495846896900675 0.08452209607919724 0.08614839343746185 0.035259041693695016 0.0022695495471611723 0.0174430398571922
79 0.017087968582318404 0.0503338534930549 0.0789656723413354 0.000427572422187628 0.053712758722819505 0.1081681495654127 0.10435620719131196 0.026898152948209818 0.013304110615664711 0.0025927965975341256 0.028755461757694275 0.023744944060212648 0.016242846259290938 0.06980221429919395 0.044391755133294276 0.041454428691095856 0.07638777651756422 0.02870611938704548 0.10599101446182675 0.10867619695293249
80 0.0620982460180646 0.037978729448584804 0.06754012518450968 0.06762334870741787 0.04159494585017164 0.04391028018691596 0.06173150217149466 0.028105066797333676 0.0510834830866784 0.06589613874340046 0.016035062497499558 0.06856115304667679 0.027355738231795376 0.012213249466501585 0.08513992102683382 0.047543224394941505 0.06336881759594568 0.0608691661372696 0.04121529958741641 0.05013650182054801
81 0.08883824651342667 0.0438671000275159 0.06384574360051162 0.08549282064085807 0.05313903808797319 0.09083920513756338 0.01985324936070387 0.02131778169872116 0.08072301708239853 0.06692298041417029 0.07561107913881915 0.0698862794876 0.06390142351730745 0.008699347770938488 0.0206547627084852 0.07754080721818478 0.00014287413417765692 0.017574927252580037 0.023113232020390083 0.028036084187674528
82 0.05218288110185359 0.0880134968203248 0.08152017286429558 0.03475812188185462 0.0027998214560031195 0.029981549333632687 0.08196673311543237 0.018419080864362034 0.0824698112556543 0.08786689647890855 0.0012741812279910387 0.03757614211660989 0.010554565436069138 0.060652585547651315 0.08977456731841967 0.03471075136481342 0.0809891169632884 0.02434597953877534 0.014895558669752423 0.0852479866443077
83 0.08335234791070921 0.051266629884403274 0.08089823331068963 0.022801370987569507 0.029237522444404473 0.045558570800725014 0.050190668700778575 0.06518608238762504 0.02846648304568948 0.02246363878043788 0.020138744341130287 0.07139992317018623 0.011605630154848955 0.08700848682462874 0.04746013208247443 0.07212997510539398 0.059845726301150856 0.050495228372342243 0.06469255038855772 0.03580205500625437
84 0.018946758498171155 0.02888125036891712 0.004768815801195181 0.01381854354700672 0.06293113820289492 0.047262989074366574 0.05322656693047586 0.0459256177126231 0.02334483567241196 0.09715625048507405 0.09774234278002635 0.0014262853246944812 0.06316542725254305 0.08936145050806138 0.08901724511708761 0.01104555226603658 0.09873852969957261 0.032747833915081105 0.035240615266440005 0.08525195157732031
85 0.08440401046317808 0.07517800661793901 0.05795082951203715 0.07151140029810571 0.006598759546129908 0.01973648084391079 0.045489144871567175 0.060035182352803446 0.005203583592630538 0.0910942289288053 0.03696080711510519 0.0773659108128427 0.06874537749644927 0.08525472830496875 0.04553478744230082 0.00560390993771958 0.07775278936840502 0.02160017046675189 0.004145812845297684 0.05983407918305204
86 0.005454810901298553 0.009327553415859982 0.046003461965855134 0.03246531956841966 0.04486934292850914 0.056423354954211434 0.0670862002873962 0.07473783796336232 0.06479791009892788 0.0372947169014177 0.07746321654779649 0.06592073439356144 0.06081711992933488 0.053001891880381055 0.003414583042156352 0.05884266882964247 0.07004669409787197 0.03809357988640964 0.07597699409410075 0.05796200831348693
87 0.022641538476496064 0.060060149194273306 0.011603754902606098 0.004600546169021049 0.0478923879273781 0.08430536209612352 0.04053469515460044 0.05005851097852972 0.04392470363787548 0.08452845586652823 0.021574539505620244 0.04285232279796239 0.0795625974087593 0.06488133807337779 0.06640651134592777 0.08712034706812075 0.03963522072633206 0.010589263957497836 0.06974434898913379 0.06748340572383606
88 0.060866259409843665 0.07445068172541673 0.07628811948871912 0.02324583139404082 0.06707048851499692 0.055638337039173105 0.03132342559945556 0.055651073344610856 0.030621057281435018 0.011380417392352756 0.029732559684045045 0.06870030213862002 0.02831152625634331 0.07684557318427689 0.06844680145425322 0.05873232313549809 0.049869331374816105 0.07473955147812462 0.034981270784065516 0.023105069319912602
89 0.09852837223529864 0.03448397499010975 0.039631913287715266 0.0031746766327361304 0.02411618892420666 0.05502387970369387 0.09007880131344956 0.07643942504984032 0.016802187445026165 0.04149116422027993 0.03615769138227442 0.0830268981206902 0.10596616426568903 0.04576212995427144 0.06075750424698353 0.020239444599588034 0.049669678675939716 0.023885797586332486 0.03215589600191091 0.06260821136396386
90 0.0922687169691203 0.035744038615530035 0.04409639340414889 0.09014654700123098 0.02192004934573294 0.07476899525691304 0.06749623960469503 0.0200423337628564 0.01267742956997278 0.06393904359167012 0.020287784479456603 0.005832180953347157 0.0663071248136149 0.013853467341819494 0.06591642251515177 0.008042444038493374 0.08065577423741586 0.020014666013343285 0.11401024318812991 0.08198010529735707
91 0.03315892890238734 0.08313812803701016 0.023940500627953328 0.032015787325630686 0.0614886418387432 0.05243392037004313 0.023127216676648316 0.0736367826346158 0.06433006545641229 0.004930277255599791 0.07842760970212849 0.05106351790796846 0.026499087964005904 0.0361916126356278 0.06899806760463977 0.07198913826169334 0.05582747777228945 0.0673579805689818 0.012102518289605978 0.07934274016801512
92 0.056672167603524955 0.0007902175590117193 0.02761985228379508 0.06318548236631946 0.04272666159544328 0.03762131173938794 0.05625092049005909 0.0850307006862001 0.06707914478337931 0.023290527062696048 0.08863122063382108 0.04652360196209633 0.07490823255701859 0.06075341191051074 0.023560924032235815 0.03807559014766162 0.08228146768699131 0.022815658812906932 0.07140887789627459 0.030774028190665985
93 0.05008466671721934 0.0055393262131867805 0.06004703826474227 0.00795185466276398 0.0982532237110664 0.06818368983197343 0.0383781312814424 0.08151654640948643 0.054651010107715316 0.02474263333872665 0.00850699343366517 0.05810189524573369 0.07777561806920599 0.03424542789948895 0.06102238350526367 0.09698252983140415 0.0018317510488316607 0.09115194130327291 0.07049337423970337 0.010539964885107467
94 0.04814871355233916 0.050820787441355465 0.03557212573360703 0.04605414804385081 0.02915671602883587 0.032343988820233704 0.06736340925510499 0.08651744181841776 0.048883092418203496 0.026494010482566475 0.08624641279789008 0.03731728432248345 0.03027203928938968 0.06724012134113379 0.05350286822009127 0.036306369827530036 0.027001396931274204 0.07603067315190289 0.03125265289320842 0.08347574763058146
95 0.05905774288455269 0.0474333922683912 0.02052481954058119 0.02922546689691516 0.06544440614579852 0.048779213818593244 0.037622042192996995 0.08830798826068022 0.04859844879208099 0.008195663573685105 0.07697578020714886 0.012445903678579319 0.015256968947378413 0.07293300585571397 0.06163526608271827 0.06688106271719202 0.08719683297773789 0.006500615948358112 0.07839160556022412 0.06859377365067396
96 0.08969454953557088 0.09355095193901422 0.01145369429732007 0.0533906863265741 0.08565026660766548 0.05351160809112864 0.0001758005409956813 0.030654197313565407 0.0023822960110460195 0.056599039526306384 0.04026610390359678 0.1013904782331325 0.02545568281075828 0.05824980429244742 0.0825606170228469 0.06502039956750696 0.05665470696566033 0.07067560754937481 0.016250638666753445 0.00641287079873605
