0 0.088071889207167 0.06632538305959935 0.04784185606297152 0.05496946286601837 0.08481793642842794 0.06263290130010847 0.023798758328066067 0.04330548965054121 0.06854042955360391 0.02902427646478771 0.03876659434910315 0.07353707877970457 0.011175523158149587 0.08078419435108795 0.029245597339700426 0.030689999855563525 0.002904315520181776 0.031049298315434667 0.05991570084369266 0.07260331456609025
1 0.09562947424227289 0.03232966177149745 0.021382337760431303 0.09317305734772059 0.014449187709734012 0.04984554397623282 0.020210913247524907 0.028795632519164723 0.09137667500100366 0.05026428422682268 0.014693652108239934 0.029026908533112013 0.03374776055899316 0.06917727790241765 0.012832106917636319 0.09146358730640045 0.04032655680453014 0.015826484980799513 0.11043540694663198 0.08501349013883393
2 0.0779126557519733 0.09523099647618596 0.06182598201640125 0.09796177531929058 0.01833468320594172 0.012655023590430643 0.0686052315919458 0.003069983797682399 0.0715239370943895 0.07523814584861248 0.09487837873613648 0.024352514241308434 0.022047559590191012 0.03795062204139821 0.019840601965905355 0.029305294046490554 0.0222585188322687 0.021467969832534253 0.055786178898193456 0.08975394712272004
3 0.0902188443407265 0.020969585840113585 0.0013709744704859077 0.0200222530058009 0.003927404538673673 0.01628106471291488 0.05748994625834569 0.07392705550937295 0.025078031486621164 0.0924832821983128 0.030338738411451287 0.08353675266996825 0.04479145166952751 0.026866455435345025 0.09192948770899573 0.08760752540587448 0.08989387625951978 0.024590640321849714 0.02799158581960888 0.09068504393649139
4 0.04757297269926646 0.029656082705807177 0.0021821610585685777 0.03702709920937553 0.028487561011032354 0.011058075010650734 0.03889146511826645 0.09417143890406149 0.02092157961900058 0.048718571323888425 0.025449701271804043 0.06783391023476937 0.06420573582614326 0.019863106437974263 0.07932753688114352 0.07641262416379278 0.09106163023153839 0.09201125939725721 0.039157562786012935 0.08598992610964648
5 0.019332509787685827 0.056763954840439716 0.028175103220447032 0.0023248174863807996 0.00040378790685824536 0.043285256329080105 0.07642435615435957 0.03799351989096465 0.10153386947461827 0.06343403781044676 0.07466048092584959 0.032582669394310336 0.010977958833085576 0.09280474965270209 0.08210338237217789 0.016004997462341304 0.018636353577702745 0.0954522360608151 0.09557878351445247 0.05152717530528209
6 0.00015039778041375882 0.04243370738923858 0.02560494874164694 0.04774390374812424 0.07566563015039754 0.020886624976194226 0.03105803454944691 0.06825325231186326 0.06604351127456101 0.017014882583949183 0.01471095732458148 0.10694614387602118 0.021226411477222453 0.08838496353738642 0.05337219636384817 0.09024503430147135 0.05756295641272201 0.030449934111730366 0.0889411307503722 0.05330537833880849
7 0.02961944553764772 0.05353039904084598 0.06727428733916634 0.012930272681537814 0.07737049769171833 0.10552195542156462 0.007386015512861895 0.09385227648089613 0.06177832631295332 0.05095258599357922 0.12110775182305798 0.0037073710274673185 0.001199484846985317 0.01842475447721829 0.0030309480258772555 0.03222997775845678 0.014595287457735466 0.11468005469153618 0.037480091339541506 0.09332821653935254
8 0.0377932077066801 0.0074675595213930775 0.11380014625965591 0.05526105212596574 0.08437100126947242 0.1123454828146471 0.04097645336571584 0.032350936954740075 0.01273526433185045 0.037681509636919866 0.10844907033698417 0.07940570545681139 0.016991464475632125 0.11960972760186134 0.011921215643982453 0.0004818002142844636 0.003975138662376094 0.013097122494013607 0.07884250274572689 0.032443638381287006
9 0.03195210461113883 0.01036889199192132 0.021696754698368303 0.0820232918775181 0.08054864407301683 0.03909965585852984 0.08826955554727754 0.003981730252081765 0.002132673498689456 0.055167487009598185 0.07760488016528827 0.03714411440962869 0.05146014664688351 0.06717534840341807 0.025516657995822915 0.07454012867898886 0.04232063562112897 0.058269580257951197 0.08421553357533035 0.06651218482741918
10 0.07634681729408513 0.05388256451943413 0.01721972544495673 0.0288769793765476 0.036365716791607355 0.024016863093181896 0.08432153103852962 0.04574008967151622 0.09318883087013011 0.058867213266101386 0.016157724427858563 0.0295677720262934 0.050755947546795445 0.09456060576943844 0.08845863823612038 0.053779901704374536 0.003748282487335895 0.04420184228935154 0.08187217527946335 0.018070778866878176
11 0.057079664060566644 0.07304594647527247 0.006815988762559227 0.07666531661951198 0.03169552024010465 0.056093416103930864 0.0356519065185826 0.10504818069844284 0.11248958420683912 0.029696942312056957 0.048952961730541596 0.04482478098617058 0.040651864771814296 0.0564841856423345 0.0022986920469438574 0.011280935183478441 0.003870201033613329 0.06816102361233338 0.09316018362823694 0.04603270536666582
12 0.06538040059227089 0.02005971083380257 0.08857794076886157 0.03315092187013776 0.08406367447541253 0.06671804031578962 0.083425477697584 0.023823328517178284 0.001835900123626951 0.06723684139216639 0.06154859506239722 0.04957941192338368 0.009219226878404792 0.03012193533510114 0.04130404257903282 0.03580423944549782 0.03855142150479068 0.0820014545471962 0.08151770369548966 0.036079732441875394
13 0.09121116837216137 0.005472033129446238 0.02058682046792618 0.025251451940230728 0.034108644961760415 0.09239663289661733 0.07347664112776871 0.03304703750142783 0.02164946308130918 0.016032480265626006 0.07935101310665522 0.021047159819939012 0.09803729460423753 0.08285543004859447 0.1016595680124006 0.05125114324512263 0.014215272423676109 0.08540604612539845 0.04491996884329235 0.008024730026409703
14 0.04359521875887008 0.05149581894285486 0.05503739247145783 0.07837687429819645 0.02417582783635257 0.07827055366727521 0.10639931813027478 0.028960732938629347 0.02250575549808885 0.0038080644222389264 0.02938329471417666 0.06673242548733614 0.034282363532268205 0.04823550608098155 0.06475022205617342 0.07373995209439071 0.02974963610644396 0.015801574457357706 0.07537639042544993 0.0693230780811828
15 0.042199757483540656 0.08945518236470591 0.04153605757211628 0.09047834920283551 0.05311136179468915 0.06186823548106608 0.06469360834530932 0.048508329677245395 0.016061651351471598 0.07121232816875885 0.031469558723852604 0.061129201281859245 0.029844958449024836 0.05006843310351507 0.03470413440484786 0.008814060924384793 0.06839384201298386 0.07803163872075154 0.03729620683864716 0.021123104098394414
16 0.060723999531174584 0.015833536198726957 0.024797973260719117 0.0672884963233776 0.075964041042416 0.05833739378767194 0.016541812817161473 0.04694607685024676 0.04663907315638144 0.08112609737905131 0.0668079359473815 0.07500990627278782 0.04126104618263064 0.05222704733289779 0.03254982556360312 0.017986000546301943 0.05687734735591509 0.0663239295755912 0.05255905210219759 0.04419940877376636
17 0.0239213016733907 0.02356055668666034 0.07963287061672157 0.00946058030540951 0.03222837273171819 0.10247934451495928 0.10504319466812784 0.008700984268890304 0.11010499616466195 0.009518261713732556 0.019567276728255013 0.05105464503282143 0.0006143327343166966 0.0921262906602546 0.05721154590607257 0.04373577180739049 0.05491131758039921 0.03960126221917424 0.0463364033503903 0.09019069063665314
18 0.06573325804322133 0.07647928284284529 0.007262497645722106 0.06514716942810797 0.06189428215757418 0.07390392877641253 0.08105953717578285 0.00829258132001796 0.06157965795821689 0.0004323788452299066 0.06119450452259983 0.06752404996020897 0.07912115828363528 0.03524347308136746 0.003185516191930815 0.029575193952819063 0.07093127140425232 0.05002136967345273 0.08133463214181738 0.020084256594785296
19 0.07247572703217778 0.05646179014116796 0.041937236502172 0.06289890889676765 0.029560872095071647 0.025248260861978587 0.037818646821308755 0.009216127134910154 0.041281069535523456 0.0891397822952915 0.02547695975669271 0.08635529362194004 0.07532085488841177 0.0004849869290525747 0.054270183401104226 0.05035555173379847 0.046649582090310567 0.08056568409100248 0.06592801541521225 0.048554466756105384
20 0.05180012311815812 0.06671222073671512 0.07269704719638215 0.03248310506905157 0.014365033924988498 0.006504526872872354 0.05268384119548739 0.02595860271054145 0.08056202347775276 0.00862878974195631 0.028572682996890038 0.07914006942098432 0.0692954385102418 0.062055262969926236 0.0061516534447219025 0.06586423161391732 0.06462793781395887 0.05597310819725872 0.08879672212068769 0.06712757886750742
21 0.0052877031417687455 0.009643567180458643 0.07344395193200148 0.05207289523230089 0.08917609015579646 0.0216091521741601 0.08884805138864109 0.08375456675003934 0.027352237663688442 0.014429329374455927 0.07616197399362723 0.0921525798858045 0.018356181435792606 0.04286351782005067 0.053981685867747375 0.062408822216863294 0.004274694227276169 0.09282311006730534 0.034992939364758176 0.0563669501274634
22 0.06714982717067555 0.054820580669607634 0.03734229984652504 0.035255160422497794 0.0850225632614867 0.05026279938493701 0.016753828470125545 0.09449668374296322 0.002349987456993819 0.03839284955836308 0.018029487469369786 0.009341533055870656 0.08729603024098517 0.07879641995666996 0.08327249270353344 0.04584276288419661 0.07810999115250102 0.012115392165788589 0.04035595655550715 0.0649933538314024
23 0.0361218113342509 0.09821512723316415 0.07881829057366933 0.08594183530900117 0.0846148392323295 0.024803717121075073 0.08065986069799198 0.06103286126933342 0.04229110749267757 0.0276329028734994 0.04147200975424092 0.03802170902551695 0.02630214038559831 0.03563861513544264 0.028890083503625368 0.055385609151228775 0.0697704264342754 0.03331776749210052 0.0013081695452777028 0.04976111643570117
24 0.057454037330431716 0.005188359018970512 0.03445471461677211 0.04643708598006552 0.01423162026082405 0.023322650374946442 0.07263970486329592 0.05554181081756449 0.026748519337053796 0.050633559885071046 0.052581444409828725 0.07728348604073594 0.021230878498949952 0.09354109000379089 0.0659323456815355 0.10286262365266373 0.009068889778567615 0.09099799436272082 0.07702494019069538 0.022824244895515884
25 0.08056186356968378 0.05435716858477561 0.031625366407684735 0.06484722485422985 0.026052938546654313 0.05878829475509949 0.06795621457994047 0.03198135906214902 0.012220027541020225 0.08553258701871536 0.06071909353903682 0.05849184030466364 0.0091812486368173 0.07849278065802368 0.03269034823142955 0.08188313396612218 0.06854613355419299 0.07035112057129952 0.014867794460936565 0.010853461157525088
26 0.035632718217883566 0.06952901141170884 0.061453912912346476 0.05315920021704651 0.01796661742492595 0.05308911589546121 0.03346022081378795 0.0735315351797755 0.012373844178558996 0.07435800284343833 0.022680754510655352 0.010842529432545286 0.0759952512428806 0.058534161199584996 0.057670850904962476 0.044548135560395684 0.07735248094794091 0.06867730145185322 0.02467056510615475 0.07447379054809351
27 0.02088571755194739 0.0020715434105540655 0.05884897339512055 0.07267656114256268 0.053376381203623195 0.08407276058329992 0.06431041422568815 0.07315164196048703 0.020283010018013976 0.09710208491636868 0.04548331315923243 0.061520869724886997 0.0580798309659619 0.02264444028268498 0.04123725967893417 0.08964033873000242 0.04247101744104477 0.012294906074421385 0.05359678138282054 0.026252154152344668
28 0.10131773312770621 0.11424032208136368 0.05293210174179865 0.04485860174977567 0.02365601856883821 0.08777547928718304 0.006791722291513846 0.017459641845829637 0.022718067409086634 0.10151035713998871 0.01905947812937233 0.04231502938782227 0.02640082317431263 0.06705686815899704 0.05176370205366517 0.036198461923152216 0.11642439725620368 0.035555978752728506 0.02506891039169449 0.006896305528967394
29 0.045481671805554014 0.025233531690888555 0.10787687706413622 0.005816133597996461 0.09540169873324066 0.037234166062460286 0.02447666495713755 0.06728863528833046 0.019201756564382454 0.058537252708680494 0.001993331613414227 0.03206428491370069 0.09663365452845653 0.03265316738270435 0.033797453914346715 0.0865803568247747 0.06502987208315814 0.058847876456401285 0.10105430820843003 0.0047973056018060685
30 0.06290393621702003 0.05614940277795138 0.03716717200761613 0.029737263554083387 0.047754414263341094 0.05299297834982887 0.015753144633097755 0.04866704754911856 0.08105653790779496 0.006744299293611886 0.003900460318493981 0.10565228048542709 0.08864245800308276 0.0681696567382827 0.000851446791242379 0.05224137405067326 0.04712059482867342 0.0579479358656263 0.04284204731887457 0.09370554904615948
31 0.10258572151527551 0.026162912074828966 0.08586083289245754 0.08676782106135916 0.10122478574775118 0.0056460835120344735 0.037318786211457615 0.002941115118073508 0.061034034587507856 0.042781665771717096 0.004299300281245815 0.07420566145592376 0.020881834496314627 0.10477050782414982 0.07585226724298991 0.000331258877963607 0.007554548624490476 0.06316712053922317 0.03938973349200094 0.057224008673234905
32 0.031021537045171608 0.005519475237876791 0.05096696801180227 0.01380876174603696 0.06673192215091739 0.02590711518978186 0.0009614562233872765 0.07789485390699505 0.05585390485517318 0.06050718547863313 0.0799852881380906 0.06201272079149865 0.05385688300597743 0.01578288866962823 0.07756005297006074 0.07854709190229234 0.08185223041545361 0.06906321267501661 0.04406336895871999 0.048103082627486415
33 0.07636497374331876 0.025216604376624645 0.06697876843319575 0.007535587367574054 0.06212608290511367 0.05813841980461832 0.04188848326618392 0.00045774401465881263 0.040355873914835375 0.034866260479063126 0.04418843543238075 0.021711550990569737 0.07386097084381824 0.09088600867553452 0.09685584735540552 0.05245064826334796 0.09929296529501977 0.022284992408607776 0.0033072130420122095 0.081232569388117
34 0.10124233513421133 0.038598664288084276 0.07146210804348395 0.05263348361383327 0.040329462777304904 0.09551998182284385 0.05358233202700955 0.09418932139421735 0.06205874152620204 0.024750807073502114 0.07586290802148252 0.04405353786154088 0.01508260361894604 0.0504544764023641 0.025392282233271966 0.04042054440778659 0.06395889685821289 0.009595439704296512 0.021962767818350704 0.018849305373055063
35 0.06258736399187116 0.015844452365311068 0.03653804782087667 0.07918708530975369 0.019856585993599445 0.03642955192254011 0.07702168376688576 0.06759737164771094 0.036475478571528386 0.06068026545547046 0.010087395144097441 0.00549223702497126 0.09521999425988782 0.034399200807930706 0.03209373752872042 0.06221145055412607 0.048157356385729655 0.08631866425904196 0.06464798029734971 0.06915409689259709
36 0.06802462238207914 0.07663782565848429 0.013083658925876545 0.036806059151577725 0.10382556263680384 0.040430790681248226 0.041181485689252874 0.10068847092006708 0.043256621198058995 0.013128037682359827 0.02537892352464018 0.0521007201277162 0.08321254615186016 0.08677965687586635 0.030002456662569458 0.03158027281058289 0.0063952571085982 0.04856915745755339 0.0937145887908751 0.005203285563929599
37 0.07215132952132636 0.002142682124726492 0.044160670272418365 0.033126587662970094 0.09554695628415812 0.01223139351725513 0.09213172562331776 0.08149952410550906 0.0512414160879226 0.08494121695401795 0.05188871332639874 0.019680229667752215 0.05508263756887846 0.03550856224562822 0.0030029190116854327 0.0476888408194797 0.09351446289501336 0.04356910738369825 0.051655555621892515 0.029235469305951188
38 0.010402861017994881 0.0167202129765652 0.038112507020610614 0.07425210989765005 0.10626136456621757 0.10739906344539253 0.01869432178835505 0.02539823821716807 0.020607706978956728 0.051673707817588815 0.023075130839402488 0.08792519475346797 0.09537962557658171 0.05285512111030704 0.03973951229440876 0.10458212989446994 0.04380877996991353 0.020815512269054023 0.003535699020816374 0.058761200545078544
39 0.001309642501029975 0.024122985135691926 0.04972148081133496 0.08706848790001938 0.08280935723482583 0.052007733789803993 0.05920174914162291 0.08916524480939501 0.08577443256569496 0.059976054444542404 0.09363361206244246 0.010998421938547281 0.016384270523194595 0.04666071856808851 0.004115815953322711 0.076543970255448 0.03217286848196227 0.043315067790768755 0.024766169667492913 0.06025191642477108
40 0.016396459159528705 0.07505426182108489 0.05412091809587321 0.07133713137406525 0.041582158224261485 0.04861081278070692 0.010004342529591832 0.027475496285760685 0.07131172332637199 0.06127314626624489 0.0807214730695399 0.019029547433679603 0.058648384763533346 0.03572560190008911 0.0380317602260333 0.06799413316095032 0.06494824948970813 0.03349943164481367 0.0735984893364842 0.05063647911167839
41 0.07143634718757523 0.06440730325193411 0.08371484034975599 0.08092114628477803 0.06198378043582339 0.028179409868098415 0.008764268557930477 0.053542288973143774 0.04537297608901662 0.019410278519308752 0.05765158421064506 0.04756221298281862 0.07683826762930153 0.025175470571000856 0.08056904539657068 0.07810372038167937 0.03078457909159937 0.004600858509279561 0.06342329862964442 0.017558323080095747
42 0.04107703055837249 0.02159526093253691 0.059928793153830213 0.00781291508570786 0.09920803215243205 0.0664745075859132 0.08965421555482248 0.06768924794064578 0.02280402701020494 0.09102987704274547 0.05309300299301729 0.07487279089134918 0.02625965932796328 0.01862703625075265 0.03439066251632361 0.02743180948511465 0.08559097235534795 0.014837147694469975 0.015594327121060575 0.08202868434738915
43 0.04508622135204755 0.06141538899828332 0.10104509301752714 0.011053763534409343 0.05050118048910678 0.056013539341508864 0.009197874351719808 0.02664231058297777 0.008041551528354243 0.07305422129662888 0.021630183360606344 0.10690106744267985 0.11160768848439649 0.0013597928421392204 0.0068344957027518215 0.035463514798233196 0.06555004485259452 0.05178846882569909 0.06852976083098637 0.08828383836734943
44 0.07641612636205947 0.03788898975118276 0.04088293192618297 0.051283364220439956 0.04558321725433401 0.06763428325248527 0.03667615126666664 0.07132258493262467 0.06992497562898636 0.006928032457122921 0.006191129964472638 0.062812981604512 0.004737555839500485 0.013126147168845886 0.0973913693791925 0.09053260705901864 0.010890119646985063 0.051012471513702105 0.059435322511614784 0.09932963826007087
45 0.027431190886210433 0.009971948533626296 0.00826004834179625 0.009744501205438813 0.058385740320039965 0.0006727351537712857 0.0848199853279444 0.05938643390301356 0.0895527250325442 0.08782589075304997 0.0684326779399889 0.02053813231114274 0.07229927380979075 0.04334014387279831 0.006459284627892928 0.08439181615817164 0.08676790047604063 0.027829364507462224 0.09068157148970203 0.06320863534957465
46 0.04066240832382432 0.03252889830674297 0.10145326585530533 0.057333418145565154 0.004861479484485678 0.08861957311322056 0.07195403337037448 0.043945641726667505 0.09032868067010116 0.03215716826866512 0.03615614361515487 0.018941314808416352 0.10018430674147963 0.0273495000969516 0.008858840080349087 0.05458326824529761 0.03778208294210332 0.035421184608659825 0.10274585148394767 0.01413294011268789
47 0.07598252875496596 0.009928051847776072 0.06346026609662843 0.009014763493106667 0.07558057567966968 0.056049309855268216 0.012519946100254252 0.031427018307142125 0.07562782661561468 0.03478794846252181 0.09155545386439093 0.08799726972177402 0.07380197468813673 0.03410986269256887 0.095719881032289 0.012198613244363657 0.0061048733597660896 0.0763744152036156 0.07239125687929694 0.005368164100850212
48 0.06072555340106167 0.029235053198943064 0.0225386913221099 0.05253791243432188 0.006785474509418479 0.02396035700272382 0.02442382430973003 0.06018434563730083 0.04125121028176105 0.07804291039547767 0.0702071353543378 0.07204644674075762 0.05820426801922686 0.08986830727184977 0.016647470849070256 0.03997660418461067 0.009149684967386188 0.09109779776162658 0.062198257698182775 0.09091869466010331
49 0.055499208033340186 0.0816918398281185 0.01645898926607082 0.0417588236327263 0.09531735973429938 0.008882218676759292 0.00923755649670029 0.002059427130294722 0.09244713835138912 0.0035751475551702963 0.06665578773537868 0.01562639082420348 0.06937218498352346 0.0689532732913993 0.06539416597117825 0.06431439516166451 0.05269485014150955 0.06894680499694585 0.08621170737963682 0.03490273080969114
50 0.05827306887370394 0.06364554907325007 0.04291225005079529 0.0016214124155449663 0.07253733310301538 0.012179338591988978 0.08837195695910355 0.05235653198373055 0.04853028585871204 0.054116123360093256 0.06845872354040561 0.060087693305234884 0.0681168307737977 0.03153886150898227 0.058078764365843076 0.04965659554726788 0.05907366826408182 0.04360445559780605 0.01986103162093043 0.04697952520571222
51 0.06913273695390867 0.047731628898232 0.09180635008792934 0.01243971081207567 0.03588254394004682 0.08313433385171821 0.019047035067615715 0.09151567396598101 0.023185691002273846 0.019480121715615615 0.04407790997529703 0.06827360575726678 0.025868916640939498 0.06000787813108536 0.018804098240269403 0.010188683078297083 0.09981972046887876 0.08358508663200039 0.03431178077558621 0.06170649400498252
52 0.10882725080413375 0.06885049018404955 0.08560170044044005 0.06484842712829955 0.056099113683203826 0.10644089154776157 0.01676235774213369 0.08284936227676082 0.015758243028948113 0.047724233214340835 0.05789735116636968 0.08615511406752475 0.006729333013754727 0.005392665983647255 0.01587163780795476 0.01624695473728888 0.061618911374084456 0.0361441210469141 0.044063739311715484 0.016118101440674076
53 0.026630292580014706 0.057605221721287105 0.05010177432026155 0.04069785866842953 0.0657291694446489 0.056328967547729036 0.03403036128353876 0.0673449639667747 0.018377348806765722 0.07514506526489789 0.04473817553511301 0.042082981023953546 0.016983829085370935 0.013647666505460681 0.07626516002526093 0.049207892675608995 0.04661610162401478 0.0764710040070564 0.062220827875785756 0.0797753380380272
54 0.04016603790881621 0.03425847190485064 0.07990429903563973 0.005601809996823093 0.09633289786534976 0.09662322718105427 0.02011863392373996 0.06952452756078094 0.005067966474171434 0.03653828318463569 0.03634137233381351 0.0463852405343407 0.006288038779570982 0.07383192317472123 0.09660825343984439 0.06023545464283593 0.05117940831296438 0.07676560248869445 0.06625567960869883 0.001972871648653925
55 0.080040006108402 0.03622799282852747 0.0555124968391892 0.08446519681478168 0.0984272418259325 0.08405544171848807 0.03769206312317416 0.022718562926851895 0.0002725121358407957 0.043212227923351304 0.08294512792066581 0.046768241137789573 0.06247747772381452 0.02757303567879848 0.05274640219927829 0.011626341993295373 0.04663687836752969 0.0759193179672525 0.0421864670571001 0.008496967709936737
56 0.08348203324472703 0.011504497402049818 0.07511373823461223 0.07741582641777747 0.032253682598937974 0.06404776536051003 0.059272040950022274 0.004683834600657061 0.06429701090625853 0.05420318477901496 0.07092051325906241 0.0768530626336762 0.08308488347342516 0.07528487817089616 0.024781864809122006 0.003504196734782578 0.01276154421690504 0.03866085079607187 0.07594823557067973 0.011926355840811476
57 0.015096548304999551 0.05182600902700348 0.05167134209094103 0.06448263027052478 0.022608709592183293 0.02407767445106776 0.02387578667385937 0.05721085169305944 0.08510469578071335 0.04800286051864285 0.0441689761096149 0.026389730151657485 0.04516568904285339 0.05833839181738957 0.06824791898454323 0.024496349577317333 0.06453397239581683 0.08645498708319006 0.07153916735036157 0.06670770908426076
58 0.07697827559672311 0.07341750836781007 0.07796422320438495 0.0006593057993680505 0.0039758925687525615 0.05853831249909032 0.09161969944212714 0.07744380833219507 0.01093451123728474 0.08475302476406543 0.06480977768761707 0.06093361639966196 0.08533971658718191 0.07793178695510164 0.00474503694879301 0.046465049398844584 0.011789196007590963 0.013017034330633143 0.07759998594774543 0.0010842379250289285
59 0.019628108001691662 0.05746075517113183 0.0856817892207078 0.07472322290242743 0.006786371961404057 0.06142004617300459 0.08161725652434193 0.06908624124358097 0.08069314446404824 0.06934402142618243 0.01694391926980859 0.00828888136599411 0.08014243737822377 0.006190289686165506 0.040348996993840244 0.02357369622576706 0.0532634264874861 0.036936613680438116 0.05443383225317698 0.07343694957057859
60 0.0030634990097462384 0.04587270978460532 0.10240168701813443 0.07998917665339604 0.056948153845877515 0.08802323948978805 0.052239340476734585 0.038175112298135916 0.04552890159362246 0.06663745766439315 0.09995624455550509 0.03814203227566952 0.002981090845850142 0.05507217147419504 0.10460630819899287 0.0293468932032376 0.000651499668630666 0.06939414179238892 0.0023888487302950647 0.01858149142080139
61 0.03837637393558063 0.06828276036350378 0.0710490960379644 0.08103965157023975 0.005299092176177318 0.06849362781711328 0.01855663002716169 0.037782294243724514 0.07197066301493817 0.011304432084309125 0.028825994259038548 0.04376210293926843 0.06899104486065388 0.08450474132034826 0.0802438548352933 0.03699441402554614 0.013677503568221573 0.04890922218109311 0.06726403628529665 0.05467246445452736
62 0.03026155391350506 0.0041946330002022286 0.07904152862708771 0.06444889986772834 0.0344594050158785 0.0609779267976876 0.05307881056802256 0.0771646667612413 0.07403257771878505 0.052608603429525204 0.03958689929142556 0.00997038671866587 0.05203669176205089 0.0987040435797626 0.06671591473358705 0.04407181581367398 0.039556631334114765 0.039939871813750735 0.015899485030160653 0.06324965422314413
63 0.07068698994616224 0.07277646943163604 0.020319572284827475 0.009958835623265236 0.08906348824923171 0.05535807540937763 0.00030388407706297295 0.052544323252761115 0.07009792584302504 0.005297993290586148 0.05178996254265312 0.07413232278823563 0.054222437135478224 0.009161696047397482 0.07656182519526442 0.06711391082687497 0.08789630258795292 0.0576481354786744 0.06606211034622524 0.00900373964330805
64 0.06827597571386587 0.01829201966708057 0.006422048539262062 0.06584086629510862 0.1029018248417911 0.07523634043270674 0.03145717429464021 0.013176673759231332 0.03861027643976499 0.009836842197303729 0.035819756884173715 0.07765280710714233 0.019379279866500586 0.07350219589050626 0.02166434213280293 0.06849813688364113 0.055102823921977115 0.07727267433950895 0.04371331156020033 0.09734462923279155
65 0.08101882986449016 0.08703672325226093 0.02616908559766498 0.05666677556859442 0.06035352412805027 0.04784236175874656 0.058923162416777905 0.07768287014402218 0.029734359058790672 0.01717043083727038 0.045154471484234966 0.023345681940826157 0.0675940107292721 0.09146525985130753 0.02457481212489996 0.042073212689408744 0.04908027532412974 0.007310656690066111 0.0279027160070775 0.07890078053210872
66 0.017584635484808642 0.04675277988819608 0.020760063966345794 0.006861308772021891 0.041092522654515705 0.0653867346703599 0.037859421796311125 0.04302529124490955 0.09785431380480852 0.035774486932413536 0.12969361455396236 0.038168739141334035 0.07352877056424552 0.010255565274494208 0.07434933930928847 0.02674371594245872 0.05904914185318044 0.057770958005255967 0.1066400383170664 0.010848557824023173
67 0.08192122166039209 0.06555315076874574 0.008603755547782938 0.02306729852194874 0.015433087331343373 0.07601265901967148 0.07158432316989999 0.056446439822819855 0.07108945890549703 0.008167074855251864 0.0497479805495293 0.0102663450605191 0.0763162327603813 0.019265753391701966 0.08372578604886435 0.07568590649109082 0.08317237957094886 0.028917449678719055 0.023705884508879185 0.07131781233601302
68 0.02838263867112292 0.018188009508890036 0.0956976015762752 0.07230500379838685 0.0887872678353627 0.018586992140414656 0.06800287662371848 0.04308565584798644 0.022755441315197137 0.0030716784500710273 0.09513807600739783 0.07212642368215061 0.055925278172810615 0.030947692920712543 0.012722893009404481 0.015877789835793833 0.06293602202182132 0.07461422725367088 0.11856737335208746 0.0022810579767248576
69 0.05071589043595956 0.057167155007253764 0.07144312629213345 0.0636839147421459 0.04454259500249341 0.045860198670890875 0.05484065677478576 0.07812078706810742 0.05850876568066357 0.0720107717592686 0.014288489797012516 0.022014606054791167 0.06075697112907937 0.05639212425799441 0.005640043194853088 0.05763531702362178 0.04830757410770299 0.03993237957239162 0.0381425098983552 0.05999612353049567
70 0.04216490924973118 0.07173630226856632 0.05240303584171645 0.004432394172432974 0.06541220958578313 0.054891518885531114 0.04414018776105842 0.04530242114156538 0.05859022044029745 0.056177385700656245 0.019666067369022763 0.07769373222153408 0.07848350172403791 0.006017216228561885 0.09460966292216937 0.022399662544737367 0.008534110366194413 0.005577388454640573 0.07633903331882781 0.11542903980293526
71 0.07722784891574686 0.046775963517658455 0.03280288086509865 0.08011927845128675 0.045225903658001214 0.06978794308367682 0.07201158441825119 0.08880051935240382 0.041119522559119985 0.035200250681454215 0.011849159688323634 0.06377679848939823 0.04500434884436689 0.04528746335815146 0.07949269801303957 0.04686110388948291 0.03394958996858095 0.02167489518227604 0.021169259777509896 0.04186298728617255
72 0.06678782415476117 0.04433363413419493 0.05822728169253158 0.08794076598026503 0.04213695606465048 0.03202935661113968 0.04736258323205384 0.014494084108941792 0.07743877695742492 0.05345422262789864 0.028722660156836624 0.07513278701433362 0.09176359292769451 0.03562943751631121 0.054860432401437946 0.0002492608615825501 0.026251596587609484 0.07099638015417242 0.04368835467000764 0.04850001214615197
73 0.09346326924190777 0.058407961221704253 0.019749569732134913 0.0009316328861578635 0.04515248778825771 0.03559509580353929 0.016224034193182323 0.08286936732416222 0.08308199393270668 0.020093741823523612 0.01612548267956148 0.0593042135221307 0.07971439992884265 0.0979083990794846 0.05148004065646739 0.06922396577725387 0.06649228002988467 0.09130542410414305 0.005150686416337057 0.007725953858617737
74 0.0017609193637528945 0.020372198561839173 0.030012968226082685 0.045985266546905795 0.09820004276268575 0.07587675718448852 0.06329601500099456 0.02488189193305893 0.08293896957337357 0.10025053033379024 0.014988000694563823 0.0027962233747357477 0.015593831945478028 0.10779776062325251 0.07350937703744075 0.05780730669650574 0.07715950752553467 0.06803408476546219 0.02669386122245241 0.012044486627602134
75 0.021720972342700217 0.01000466814132795 0.027478724214983794 0.0297644727780242 0.08578217007909074 0.03967603216843796 0.06523749389721441 0.06488690478002763 0.028669777443455703 0.025927638529031263 0.06046261962799415 0.07979260722721011 0.07557646675918712 0.004678348728590856 0.07585936993302153 0.031231196083348952 0.07691150849125639 0.06887724333654704 0.04523945101879956 0.08222233441975027
76 0.07675002838332044 0.01565031891413483 0.06819447745303693 0.05539096805295568 0.004017150750681372 0.06446354941815097 0.02062736751574263 0.03545416716278103 0.06663269412572453 0.08232202831124304 0.07111797308492526 0.03724054476837981 0.01748412323337124 0.013701911133924003 0.047551718878117655 0.044212142942473054 0.04511104298310386 0.07984713019418403 0.06926723566432716 0.08496342702942254
77 0.029576118495585696 0.07318537311789795 0.08644045775773884 0.07632208404209898 0.033151344322425745 0.07993895819535708 0.043804251145076155 0.02582342223884068 0.07539920430891152 0.020816205064107255 0.03027463510618899 0.03724460249905954 0.0512587561366316 0.04929620498849321 0.047832447559191485 0.054081374482254946 0.0008207050915447242 0.08435433725415942 0.04754100227056526 0.05283851592387078
78 0.007014600392914146 0.033078099158295036 0.04302207137556778 0.021292855269184823 0.013944579685678093 0.06523052572390026 0.04873615786577302 0.06364325703198748 0.03975460618998872 0.009733090681971557 0.030605372506825424 0.08251996288523321 0.13306135877369987 0.07224930370961878 0.13388626793254527 0.05854514885859887 0.03023098654496677 0.0008855664891079081 0.038685987692232866 0.07388020123191023
79 0.014865313806345355 0.0715799049471065 0.020558242367996634 0.09530538288244901 0.010289966960391009 0.03614435162970622 0.07153342975481548 0.0875763238719766 0.003591469371772428 0.07697519552484278 0.09699806480511693 0.004898212899909579 0.007730322071273075 0.012946949403191424 0.03455947701050983 0.040494992141047466 0.020236184251279116 0.10143048415882916 0.10151681276067478 0.09076891938076652
80 0.1074448673974497 0.03842650474724636 0.042975667531412326 0.01953559165787728 0.013157632568848497 0.08505944998702591 0.046295405163794455 0.09751406588187259 0.07570642261182271 0.051779919184228994 0.01389690822130081 0.03028944740757148 0.005765419933005278 0.02199986873596493 0.05575408666844608 0.03734250834930578 0.08124725349410448 0.06886419682641325 0.03134083847512409 0.07560394515718488
81 0.02628067299098738 0.01687025851865877 0.09382726050930401 0.04271959900887156 0.042830194571925155 0.060148983715193075 0.017204372177533702 0.05532001115582179 0.1084522152989103 0.0137259538391186 0.035035733343901025 0.07635621092096762 0.016585809903601645 0.031051192163733737 0.05144536422090667 0.0533520170447817 0.04904636560771672 0.08002952634648951 0.1020515074429406 0.02766675121863652
82 0.03155090752556607 0.076185912119423 0.09447759669363558 0.0022804428776844617 0.03881223922198644 0.03638400306754624 0.01523160049748587 0.047228004136413954 0.03665297522525873 0.0959867507356262 0.04425923393380038 0.02443986557436615 0.008596457259117651 0.08826709920597585 0.06762048396821341 0.01439532950562427 0.07893655753244044 0.06963491211240808 0.0621425718281044 0.066917056979323
83 0.07341966285270002 0.0075926914186088485 0.03510027299639286 0.037097442225634984 0.046897440397397246 0.027406854653695138 0.07077398932302274 0.053837719742108645 0.07828497323786555 0.03235747752228729 0.012125682707876477 0.07761421734305825 0.06591562709193731 0.008154431205320603 0.04994856475759686 0.06790065074985538 0.02759286299329293 0.07560373444401715 0.08621449822574939 0.06616120611158229
84 0.028891684027953276 0.1013730825917935 0.025350503800537046 0.052816795379913344 0.008670114060488622 0.08916272734827567 0.004841116979184941 0.03743265732779308 0.03125404729413642 0.10034395097236481 0.03039009122373371 0.007588875857983697 0.11004626244214737 0.0007199983454834172 0.07145557966624115 0.03715457681421544 0.07271282655975414 0.047912906298031466 0.08130695776565967 0.06057524524430905
85 0.05778771118641792 0.06628650880786333 0.06745644984129306 0.07496765652706197 0.006699456878438688 0.006170766294032569 0.049822501995085214 0.022686911333023564 0.06471206002509218 0.05735100897188208 0.028215978790402902 0.022546246968616904 0.037894700036330005 0.09631327316723534 0.041309528283875546 0.07717932566494243 0.05342942678987613 0.017200702302396252 0.10020554941058797 0.05176423672554601
86 0.0725139228182287 0.0365451042684572 0.0031966792470643425 0.04846352998280483 0.07215670560300244 0.05953296015906262 0.04783458968392511 0.04116376414149025 0.05765636241350443 0.0430960891450222 0.07283554495493684 0.01972543149927997 0.031518576622763916 0.08069672472232334 0.010768796061501716 0.05417772623242733 0.046502727801176466 0.07853951717186992 0.07291480658712474 0.050160440884033645
87 0.02801538352953887 0.08728389878785678 0.10835112574331394 0.07961860864297857 0.03367441138508064 0.02182659846630987 0.02339683899741171 0.008188766592453363 0.050604626166202565 0.0630320473540356 0.013444904332282674 0.05223073485622494 0.04249416940480758 0.07473310119173963 0.05418175324535491 0.11482786720470271 0.03303789654281536 0.00980114307106914 0.008035117536907452 0.09322100694891379
88 0.07284096496568937 0.04446405826882726 0.06646450234755923 0.05343988478596011 0.06817601795807754 0.06517534783220731 0.046334442682665455 0.049971588182545816 0.05891593559432243 0.034802960581424805 0.043506286923246984 0.06979591386631326 0.028289656861283506 0.04998897889160785 0.04463561322634237 0.058081094726814525 0.06912041409309594 0.00516532433970175 0.0636924370591343 0.007138576813180282
89 0.05742460876145322 0.014186159558715288 0.03483274408422253 0.046674079993787615 0.08916180698030075 0.019848080118082336 0.05080072485349897 0.03688202784278195 0.036376493583333995 0.0634177500742041 0.08729797302964397 0.018358842696941893 0.06294253344300459 0.026128950201865026 0.08131162299633068 0.0926407303320103 0.026732149330728504 0.08716970621785622 0.04561717308506108 0.022195842816177046
90 0.06612838024454942 0.08809225783175616 0.08120812023439147 0.04137748923788796 0.006745423019934863 0.03974272439473457 0.03820455579769457 0.038195295956432486 0.060007784946417494 0.0005247529330192786 0.05482605756650354 0.029232675198027764 0.06357741466461941 0.05754698354733002 0.012224901664423329 0.05403175327370125 0.10046073528485626 0.050811864949808626 0.052395680482613026 0.06466514877129842
91 0.060167445960763156 0.05856530491196273 0.03780531509008973 0.016668385400714473 0.07885450476612497 0.05608066876937266 0.04914748396150758 0.009672904311371439 0.02531643935147808 0.03873076445529293 0.060170030679165196 0.05559675045089344 0.05628748859673258 0.07209474972132596 0.07201920368210361 0.09051714116850015 0.011873866219193554 0.04337082311379916 0.08008526720853125 0.02697546218107766
92 0.04914661691854672 0.13338969732257067 0.054796347138221235 0.0022516914929807522 0.042883235993796245 0.03932714899082479 0.06412924038866817 0.026184549380149885 0.059454626244996873 0.0782728768589767 0.12502726327172545 0.015127472486796772 0.06948257082995198 0.003883584091287988 0.09885140500814224 0.005418050622071727 0.06015488489409663 0.0014746135368232753 0.05515319053743752 0.015590933991934246
93 0.02169530915641085 0.08596147220032377 0.0359533065493002 0.005691520858017312 0.048476113419112316 0.0186836187012045 0.0334806861636465 0.06989554326381475 0.030847643906723267 0.03826179561912615 0.08336745345116119 0.07941238631944304 0.036089469817735295 0.07463162902977852 0.04402569062462682 0.00946999751909348 0.08883114303688859 0.05887726554724447 0.06987604558112245 0.06647190923522654
94 0.05767829183655385 0.030905148875522342 0.0710952498182166 0.07519558347990533 0.09027716709359705 0.010000424816090151 0.05907510393310715 0.04951325314993981 0.08117084217407781 0.050626042326172585 0.08203959938654995 0.029223415879441893 0.049593165484923214 0.013541338297145275 0.056013633510450064 0.041429915236467496 0.0012900182139814814 0.06159412281340502 0.024304761275890832 0.06543292239856205
95 0.01738579504114658 0.0737394793148981 0.06568648107863549 0.09596077446308879 0.09127562827027003 0.0800597132293236 0.07387528951000005 0.067880352285127 0.0543661070713568 0.014509320164971739 0.01806304239113291 0.07955436198433549 0.03940756374345896 0.0001999364172701316 0.025076346176680784 0.010237377496042425 0.024536235033009106 0.02908281225192768 0.07533560207913913 0.06376778199818527
96 0.07057635243631318 0.029988646798285508 0.07561083460541052 0.07554192361778146 0.05343744604801273 0.05671578774043743 0.06619767848628291 0.01471856755836948 0.08118825545819736 0.050727965967438504 0.0008980260118051002 0.08617611342787711 0.025169168362311957 0.02333758891499993 0.06528265173243732 0.03714419070299216 0.044749533736558635 0.062356980682245315 0.00947267177905593 0.07070961593318738
