0 0.06546351364782982 0.0802886576906821 0.0059230656601245305 0.010874876135145274 0.025956091773657916 0.04871417379073859 0.0832960949195517 0.05945120687772897 0.059144037961154805 0.039684030534952924 0.06976456375904663 0.07097667351762758 0.03658946719209482 0.05980270723855623 0.07219054153274321 0.060209390478380434 0.027236454873452814 0.03870470728673864 0.04796142148643107 0.0377683236433621
1 0.08537316519407777 0.02888056261336087 0.048043758710538245 0.05818081743538649 0.07975662442699359 0.005759024214384022 0.08705732682701647 0.07495870703174938 0.019732261102750052 0.07503787478243416 0.04214740155036327 0.059774379894386546 0.01927595533600571 0.03152497313552956 0.08725091967851331 0.022625372732591117 0.058271132074574364 0.03262842890917584 0.040740899816458544 0.04298041453371061
2 0.053173277513786005 0.0056934228142977335 0.010817427913466458 0.07880289537775581 0.03312127276313787 0.073461416788276 0.01997427632380275 0.07937061470802971 0.046364781210585924 0.026707011345471737 0.047119779136626905 0.06870253786502639 0.0653567813340908 0.05641950247197434 0.07759577291382352 0.06757182204932277 0.05288819825597965 0.0613620185242696 0.055888133416554964 0.01960905727372095
3 0.05000396167074106 0.087769911964453 0.026172624062319832 0.010598416685216534 0.07355482159555662 0.008907985628478656 0.04395818815581821 0.0901698370806239 0.04801727695631354 0.025183738522222575 0.0242432865168591 0.0898526352519735 0.08961705526887151 0.07369592293169366 0.09072393366912544 0.023263469238839322 0.054300380288236916 0.013254469036249042 0.020022813176501703 0.056689272299905814
4 0.05242421743031871 0.08244059634560129 0.0013451818250455009 0.011734561504840844 0.07745616759613229 0.05432264732954814 0.08295153670145958 0.018387935918784723 0.06382016714252073 0.04781109154947259 0.06497037216572323 0.03137720291456118 0.02975667271476553 0.07095593547674887 0.06106784206281407 0.062096499006959814 0.05491758449964307 0.08611155727468309 0.008308478832058685 0.03774375170831795
5 0.023017986135909066 0.05045729998874299 0.06204740818106238 0.053279668386908514 0.05459387057023143 0.027090422140273004 0.022901554142094875 0.034479668009328945 0.09793624735875857 0.037738566377905264 0.06404636235200284 0.016671289322658343 0.026856517669540197 0.03632790077215858 0.07629663827318628 0.03149259830571906 0.058400216648391345 0.08019043933660472 0.08395440828980422 0.062220937738719534
6 0.04684128092739085 0.04075117637972472 0.1330526454027788 0.015123490837264636 0.06611614954313133 0.015096312759054521 0.00660192315494318 0.08197018076930734 0.13136142307010404 0.027299065534691816 0.0026883349995083013 0.04237525794132163 0.06561851851049938 0.014646248259831511 0.07292650991971407 0.1198439498292059 0.019680155345977467 0.04937433465643538 0.004429978779068562 0.04420306338004648
7 0.004394881780123089 0.0890623821342287 0.030499136960430225 0.03079594256504195 0.09593128240593721 0.047153685276821775 0.028318149345058306 0.09598783225291395 0.06841137407458682 0.06303487759316125 0.026918873841484284 0.020443529313107434 0.015211103261549383 0.0709312804537083 0.0673439499937128 0.06390173902358227 0.0171275519640192 0.06803867148956347 0.08210884302444006 0.014384913246529456
8 0.014583048836611533 0.10673518433355933 0.10134937209109342 0.01561862388952275 0.019431023338620772 0.02201256731134066 0.012262972543478226 0.074065514780556 0.04033385812024616 0.04910021303212184 0.11849434426876751 0.08600460083416417 0.015324503220687392 0.049540486584087794 0.013002488619619104 0.10625073106940866 0.06736636105424525 0.003690125679425898 0.048317271840231386 0.036516708552212174
9 0.08593423837219939 0.0474098490784181 0.06397537603908694 0.08220947798444406 0.10200467979506511 0.07309806470210214 0.022113410418581857 0.0030418672147590007 0.0811390096856622 0.03145238539210801 0.03618691375902765 0.07508585660892514 0.07493375145460723 0.009599825369130226 0.060466665681871964 0.014923062395308042 0.004916528056155639 0.020318225787533624 0.0665929977838517 0.04459781442116217
10 0.03588867638521587 0.0073723082392483106 0.006115243322431833 0.09306606751814024 0.0031020906393294766 0.023790071297141835 0.06894434477905403 0.09257745807068722 0.05792971971714048 0.08218570448300674 0.07822747964899782 0.06432088164522368 0.09176944853613257 0.03233321714649305 0.04368177914524432 0.0038019569752394764 0.039144610755981364 0.06661921537396477 0.019264659041410573 0.08986506727991657
11 0.07398343494081953 0.006180308970249968 0.007993413179184629 0.052650838799443905 0.01631361239800124 0.09214149049227116 0.009277795189723078 0.06762127478153962 0.05418170384859233 0.047853001457430676 0.008543062237492106 0.09983880037060294 0.0792231366537096 0.02704966317427449 0.00026154960065457976 0.07481606860018099 0.08971478270774577 0.028045420336393134 0.07520777955607577 0.08910286270561436
12 0.021074725410838043 0.015164682939692312 0.07137525461536635 0.06874660900160542 0.052592332411676136 0.04625971403609169 0.07568686962141732 0.06505941996510692 0.007956440031916206 0.07946542300676078 0.06896292428407926 0.031231793956429128 0.05491536707055662 0.01229551045837503 0.06021166034507788 0.05204286871031217 0.07669828558445493 0.03292589949453188 0.042259070656376005 0.06507514839933576
13 0.07542846508797274 0.01160235918188717 0.03368200415830348 0.04257533327139285 0.04044844224249449 0.09064871452530592 0.04153072718223809 0.08712161877285125 0.04231234200659033 0.020855119147180752 0.007815244571186777 0.0393642838975458 0.016018668928961415 0.06211593691486467 0.07414057944399834 0.06509378435635263 0.06768760921096861 0.06351071312126233 0.043761884974495 0.07428616900414722
14 0.03147700509635239 0.05921872617297585 0.030714861761420263 0.06682459003661909 0.08454641410799449 0.0823623948199545 0.011119259967938286 0.05513592495337311 0.028524509158088084 0.04922717313357084 0.01922039951441653 0.044172901414192375 0.06003233945302239 0.07921203383861677 0.00518616728617692 0.058713205615637976 0.08400542310088842 0.055720014002593375 0.008308079583799935 0.08627857698236853
15 0.07479856689426823 0.01506930325339775 0.048864028150148266 0.023733859915657986 0.009636796274889638 0.09993942110580897 0.020055708953723633 0.013183832163200909 0.10450846016862976 0.011375264368517024 0.06702572188732317 0.0038925439789288543 0.06608433416389742 0.088186388927469 0.01283276452213383 0.06944858967766145 0.05675348157333197 0.09557758867608027 0.09648912913292093 0.0225442162120111
16 0.0638484584280137 0.008762139418489271 0.06494027056136756 0.06097691057516724 0.05011722098893064 0.07703370742318634 0.01618739953139573 0.07707594042969455 0.05311464802341963 0.0207025323156855 0.06958444016041243 0.026913973347587314 0.07295171358634969 0.06624859923210076 0.0019492936683802903 0.058151808694200155 0.07720622983326518 0.05567685783770005 0.048926619570106716 0.029631236374547138
17 0.06242417652732187 0.021698785924676913 0.07087493072377762 0.08780798035249525 0.07426590439632252 0.0789941747802775 0.01429655033962608 0.0039385432042995695 0.03397442556663278 0.057603936965810267 0.024417145604320636 0.07767103770350747 0.08839707166504937 0.04325891704088249 0.0975402775701727 0.014508357821746918 0.006879172798625404 0.019525619719513734 0.08023811488761172 0.04168487640732934
18 0.031370899741586994 0.002494540871307591 0.05939125643618776 0.09430389373591443 0.05946702107024998 0.04643587633187579 0.10122628970480825 0.028058366182300103 0.08642036460422199 0.08319753990340617 0.04471126399413909 0.05203970818215272 0.0162364363243373 0.04835511369075139 0.03164737449166784 0.03772019045811199 0.017509024957828728 0.045734094995618854 0.04900734335737872 0.06467340096615411
19 0.02173699110594432 0.03533857741042582 0.07789553332877297 0.06451088613036 0.0023560140246421677 0.03249632242538189 0.07776668915398907 0.09432694513226124 0.010975141215957588 0.08388704727201489 0.0012273517861174424 0.019731744211537776 0.021991329296798378 0.07325445267115457 0.07859524342626752 0.04835991296777404 0.027983837050860393 0.07838507856010717 0.09248495218890164 0.0566959506407309
20 0.04858181238052249 0.05975205647933578 0.08745076699827356 0.03876751168616983 0.08778233612621598 0.08709411548397386 0.016271816917504213 0.04140280388804998 0.057159537457522426 0.04505136504943515 0.012191177952069938 0.021697872254707203 0.03227309475921111 0.06606073085889645 0.07747737442146625 0.06946897936905638 0.032416078761868056 0.0035997563165035577 0.08002297160641057 0.03547784123280727
21 0.10196864991220284 0.034582620580126566 0.07638240838697538 0.014400109242263117 0.01719038793459227 0.09918832534540684 0.06359061339472098 0.004641084481420475 0.077723924065839 0.0348705132062185 0.07220357725958407 0.032210027324301095 0.05521824338475117 0.10673915700666228 0.06695398286574557 0.02058253933308565 0.00275825492130747 0.008260902057151376 0.08035557216189997 0.03017910713574536
22 0.10002760926583316 0.03320829068822938 0.05618067015155284 0.011993771313375158 0.051068045510317794 0.05270977975467537 0.00442480562847281 0.03121920204063822 0.02042668962052045 0.0828027374875265 0.0589079374525173 0.09049984379564235 0.05291105109374161 0.0937724270964996 0.10153780492688395 0.025562456404315995 0.07714015378804609 0.0069513845678485855 0.016984864972575536 0.03167047444078729
23 0.027427033455968537 0.07885810777832254 0.00577667297792758 0.06358586615465381 0.05251373801828098 0.04832999158059564 0.07183131389751785 0.08665172863610882 0.0449909765130804 0.03095388297685838 0.03789375120885565 0.09833877019738324 0.053748432827144955 0.01624166184499891 0.09160303608503889 0.0027644557985762636 0.022098910791306978 0.02329884856650491 0.06519985201539329 0.07789296867548226
24 0.06794181337674127 0.0738189473388211 0.058867438227234996 0.0661527592434442 0.07140313779454589 0.013590910656450432 0.060710873809711186 0.02608217668078224 0.06432028930478517 0.0725466252151195 0.05305862786847888 0.01990921225984182 0.07308047939946392 0.03215008613287774 0.047528159176210436 0.034148242083350204 0.06104987749984146 0.037994582479719256 0.011348351889901583 0.05429740956267865
25 0.08394086131500555 0.09889151268619295 0.039385999035727294 0.03248529684179085 0.06668511876938116 0.07890422992770306 0.06444948667902478 0.018469425757550614 0.03243616004631201 0.0450960780741191 0.051970873584070064 0.020283569787899212 0.08561177141304113 0.03050759171037619 0.02609167963971116 0.07120103058861982 0.0022887671200415975 0.04842052124189962 0.08315789761582353 0.019722128165710354
26 0.01578824496533261 0.06355872622309584 0.014399634057584891 0.00318916538547554 0.014660887193042694 0.08241535028066865 0.023989534959593974 0.0764970115759119 0.020399040988447296 0.05811241474502201 0.0887211746061608 0.020007393074279303 0.010282292447213208 0.06628814488797671 0.03551379067299608 0.0662003533768045 0.07125323418308649 0.09262666291984367 0.07854012789645617 0.09755681556100783
27 0.01799472501577735 0.02248195448424815 0.01635041542536289 0.0720801775058185 0.008061573242047053 0.0700549727121946 0.0772469544634372 0.024801391904332833 0.06913308865686164 0.0636778308946475 0.055039032789443984 0.07885232673010877 0.035351066184832136 0.07041559721836863 0.05027518445686452 0.005902560595306916 0.07846336906928832 0.08116958306561237 0.05200762499485708 0.050640570590589705
28 0.09943926307927142 0.0497974305140382 0.047472105338187624 0.03363163145568798 0.021995107841266213 0.0844001742449455 0.06029267888848415 0.09129652291379522 0.015421471376565729 0.03903606118508556 0.013620341131476478 0.08889834958885051 0.005077735841308172 0.030533019461573056 0.00319213782404137 0.08358041102563415 0.011362595592937202 0.07211906620084223 0.0832657791515078 0.0655681173445014
29 0.0662191861104802 0.07771308535403453 0.02984309409505359 0.04347920677048825 0.042661751222381424 0.08329344690254269 0.02882637311340922 0.05865987569850311 0.042552903750628965 0.016780903999479267 0.04650938615321524 0.02060260989656426 0.05029472147528984 0.012767969817145572 0.05860886726857232 0.03884253266899764 0.06597633602085078 0.07209530599066301 0.08943913060458959 0.054833313087110806
30 0.03197171430103349 0.06750459619100979 0.05736224439737166 0.04557047051488906 0.07397474037091525 0.00581080421974764 0.00786196835402114 0.07049019809643846 0.08181622802736162 0.06420852003303924 0.04354747019793903 0.02971983487395966 0.04911014036064844 0.055919308419684455 0.07807063859841165 0.027155944120743503 0.052940533893333384 0.030818124865479964 0.07488299421951888 0.05126352594445374
31 0.022600584606443746 0.07826844771046872 0.014288937312128651 0.03501255839072294 0.08333972248431201 0.021072388525124743 0.016333173410302222 0.03958262144574215 0.0872851492008278 0.047646564267168484 0.07303571931799659 0.04013755684644186 0.036111877447400985 0.08069163734657102 0.0054440556291214075 0.0676658723362963 0.06152544281582648 0.08696194596712369 0.050906628959893896 0.05208911598008599
32 0.024686562933182356 0.013890865963514215 0.10729653498144567 0.07861684241993398 0.034765550226789406 0.08467610922170597 0.03055781834198958 0.040087757465195724 0.04305327232163333 0.031935862418369765 0.03307317198047061 0.11934973303895542 0.011144008679679141 0.039196210639140174 0.06813196181657769 0.003055205904628475 0.05261913648856556 0.021244377627517196 0.06731021250234778 0.09530880502835773
33 0.05683294450474206 0.062430230052345985 0.0663918361586729 0.052122370104564573 0.09594925414579773 0.026651733144851347 0.06075718221116455 0.007732967571331875 0.0648145929769289 0.03304179579778209 0.028996763418811446 0.08264693314389455 0.015044541528061103 0.005866992241967165 0.05294098498858971 0.09844468481269911 0.018475347168227664 0.08867004871621664 0.07147509714537471 0.01071370016797563
34 0.0851692700489904 0.05828094651027508 0.07578153175686636 0.0022063244377749274 0.08687863647363593 0.07550099347069895 0.028319623577439137 0.022063970588440104 0.08502303263245321 0.035506253810080005 0.07628127005996696 0.08876544793976023 0.00435546771420127 0.08006705813007005 0.010181783287364781 0.06858341176318217 0.0384846591271626 0.056657963870818465 0.001034623475040207 0.02085773132577902
35 0.06246182263270999 0.08158439806227395 0.026181113937420723 0.038922160897319376 0.09070043120692511 0.028053415399612928 0.03191183091667043 0.0912022318929388 0.010266546746498049 0.0015801587903601158 4.7046507556898704e-06 0.10803849205165027 0.04588322993835124 0.003932791327118704 0.010846175090917277 0.04044512953784135 0.07044452443364718 0.09411073434515177 0.10914075517660334 0.054289352965233836
36 0.07825727362861787 0.015967857685376605 0.06050420697231882 0.02157832825528106 0.014947715614256915 0.11826666480033192 0.09381542555678339 0.08456523914961091 0.10519312941026442 0.0052672533662096906 0.048665665710314096 0.0034309408853483068 0.04001027522893827 0.013696625467395133 0.011246348709921366 0.12134152259851938 0.02547768926476926 0.0719073477257908 0.058920270520739934 0.0069402194492118015
37 0.09056900565489537 0.0067223764021300935 0.05882096476948591 0.05240668966095283 0.07244128322398251 0.08201804347634639 0.0536792103464922 0.055570458755571005 0.08503248542320051 0.020926180308794614 0.005187001076147206 0.06451802413047814 0.006992237458168592 0.011170673362081295 0.04737262799820714 0.06792703772808595 0.09061952706177125 0.011467970390994649 0.0768261470658692 0.03973205570634513
38 0.06366657779229062 0.059823350846200565 0.08249309194416639 0.05496928157969032 0.05665419931941533 0.0723764176696535 0.023713959954398865 0.06274783408792434 0.053524490821413154 0.06495794524259983 0.06614484956723332 0.04240600330192795 0.03953712105475221 0.0010318471405113931 0.03416166422935849 0.07370332149113462 0.00022560832550289338 0.06223965788862203 0.06834432664957733 0.017278451093626804
39 0.07787621438680509 0.05315606215424399 0.06114739319800222 0.04199334131585629 0.09307283563909542 0.02256848012640696 0.019851352317633277 0.08174014114489402 0.06830561447727831 0.05995663141352975 0.0432905531552438 0.07725371367347841 0.035477601311939506 0.08112755701292619 0.03982380456185152 0.037258157147433434 0.03448814571429975 0.0337825810618144 0.005132348830732265 0.03269747135653517
40 0.07898765317573156 0.05581214500963042 0.06391024541806191 0.03163199494735541 0.022064804537883332 0.008698875613081643 0.08653595736582503 0.058379908103504276 0.036757193815833755 0.06323307903997012 0.06975655293963265 0.01725507442028344 0.06626552200554144 0.06537225018646846 0.05754455264852336 0.02671132290886208 0.02374862007278262 0.07026314863021406 0.0743704172819687 0.022700681878845618
41 0.04421869584355436 0.04208107795379361 0.0791185725051864 0.07017416172849508 0.032085466235146146 0.010575798545933926 0.08503371619228049 0.04339660102385769 0.05081932541770319 0.024454143274331545 0.05335572400707736 0.0656010101187585 0.05077763461292683 0.01834525983547015 0.0748810174752863 0.027997464225564046 0.054845954644632045 0.0632103541734784 0.06332673136361101 0.04570129082291279
42 0.034428064399972695 0.10399137874641343 0.005586837312870251 0.07105219862389922 0.013782469256743611 0.1020441310289822 0.12055698077743904 0.008448126191227888 0.12045200862344044 0.00910904296588299 0.02871699555084075 0.05729006711058006 0.039970185410123475 0.05027124797948305 0.012685103203504335 0.04107067325799939 0.048214039934457525 0.0013643734372827193 0.025349525522406203 0.10561655066645083
43 0.026526897459464523 0.042103727090464775 0.0814384377040368 0.0888045605308735 0.06080241669744603 0.08083504593103705 0.03864983740545428 0.02603178931559475 0.0930925988827026 0.05060516712261017 0.09263737526699137 0.025949034021741202 0.030582130422183957 0.007519691521521106 0.03907597321802481 0.0913842963355249 0.008230114817732996 0.008202537785659027 0.08928672966869934 0.018241638802236785
44 0.10459491290164777 0.020517895654548958 0.06498172516852731 0.0281949335330448 0.010677647057287517 0.031785545362183115 0.04897830300123116 0.018894041251928156 0.07466854525078873 0.00847019236129376 0.11039336021619224 0.010473915317703107 0.06396193426557577 0.0038188992147697312 0.019120942319123483 0.0787258448025422 0.06723967501521755 0.08965232976654385 0.08216656359180526 0.06268279394804552
45 0.008685272786407388 0.01342157039786248 0.0008624426552693843 0.09442116906206038 0.0038542587967143865 0.10245364045496187 0.08978650647464827 0.032896939514178096 0.02927916998199487 0.02691974623605235 0.025586770545026914 0.02025167451633404 0.05544121715910892 0.08784915189414408 0.06276933455893233 0.049780301491044066 0.07695143070995739 0.052193414920333046 0.08047579351531983 0.0861201943296499
46 0.025571973631984875 0.01100274014746136 0.00076603031788192 0.004497824761155577 0.04355899434083164 0.01878500658195349 0.0464664026272132 0.04241664519502042 0.08018932749270062 0.12228731238311624 0.10741728385565864 0.01500146681993045 0.021513923039801323 0.09997185147797731 0.03694753240763388 0.11424218141427614 0.08459214886183858 0.08265282339614727 0.03472262382164969 0.007395907425767289
47 0.05720007127376825 0.0831622952070494 0.06691373590161677 0.06708051129033099 0.04121015143046571 0.02987965202941524 0.008598473089780073 0.07070004542621072 0.023756724794302124 0.06743504916359434 0.08240929404254285 0.04829763093657753 0.04487918526073373 0.07001100635481534 0.043706732215849226 0.08167249651717955 0.0487515044879798 0.03853254237467801 0.00805793682788686 0.01774496137522333
48 0.07001803609666125 0.0644630005099415 0.04473865523302128 0.04002671335265835 0.06488651558641113 0.00980790792201326 0.032076035006603346 0.03767635656879964 0.04550298851629581 0.018404583488377427 0.07866767911771654 0.030139610826556928 0.04584367575162199 0.007721238432209778 0.09030949394920852 0.05714378099993626 0.04666108254951482 0.09188327382074495 0.035438208405201496 0.08859116386650574
49 0.0914454450699545 0.024168948597149145 0.0029569315859959157 0.04130079127001663 0.006948241450520067 0.024195701615338155 0.014329994871994873 0.11554010878266271 0.11028057914296445 0.057807924155376555 0.08579682985269348 0.016837015415747995 0.06301240470844201 0.006371065273459525 0.11544882360173261 0.07588528437798145 0.0235992434418824 0.02669438915513764 0.06105918619543729 0.036321091435512674
50 0.07135423753275458 0.03348640880205119 0.01441517282220336 0.032580451300407105 0.05763829710596724 0.04736349478023814 0.06915813561584039 0.05588916642368631 0.010784952489123681 0.0711629483360984 0.08205219699057703 0.028854294334710123 0.03076487630673019 0.006552605173692166 0.06258498841662524 0.08741785347011297 0.045949732772208936 0.05537621245544749 0.047545127763860384 0.08906884710766512
51 0.028315360026265866 0.049039032895539965 0.04728061202622197 0.09455741834807871 0.08408569126316051 0.06436408158872639 0.03739213757212219 0.04859827109715807 0.08722920169061611 0.05574877247848124 0.04172828670784762 0.0764250053553478 0.024268974520827106 0.02661724783959316 0.019757467524352996 0.013241248552123696 0.08342943548997056 0.03167830508920263 0.041222706296110925 0.04502074363825278
52 0.06884789610584024 0.040190256859811556 0.053420898500596586 0.044151284097279156 0.00489640464334489 0.007468906064761452 0.07452922894295941 0.07836033405382815 0.08653250079273986 0.07059219204834703 0.059104294708902966 0.07002973811180818 0.06845953110285136 0.08123012720558831 0.027941217222824985 0.0784624466009101 0.01715627220168338 0.016605157677872857 0.03893192274952159 0.013089390308527918
53 0.06579416638102416 0.030565359214110698 0.0779005318887002 0.036857640218955635 0.09507075446565003 0.08453340050340175 0.038569449166066715 0.019976859227919516 0.03462691801282855 0.0877892877111183 0.08497395613592318 0.05553478995166838 0.0024674384949156967 0.08466100350361401 0.07146017558254228 0.03936364230861224 0.0007485933603857415 0.017555825797810357 0.010916631563436325 0.06063357651131616
54 0.05435299366769019 0.016350175804380026 0.08227671463087725 0.09364784343083923 0.03922856488230152 0.06982048229415333 0.007390888848828425 0.04937194276239198 0.03924907608930266 0.08781690986013094 0.08580971216171504 0.03149269518463551 0.06393347838932922 0.07463529147716264 0.022477779943895274 0.0017240642984184301 0.028321996088530345 0.05252723556591965 0.023704610151048463 0.07586754446844986
55 0.07623690302736172 0.020401939144774534 0.024601282104279927 0.015935265976617107 0.05728198936733323 0.07671831107503835 0.0638025166864306 0.05591575690632709 0.07684913420588425 0.05534337766914116 0.036252808076589205 0.013556024326998798 0.08654939386947587 0.06956303093389943 0.004421274354461821 0.05868662962278064 0.02275284847171653 0.016554091446748197 0.08627296598630184 0.08230445674783982
56 0.03873474350627263 0.0016965592549840031 0.015086450772346844 0.009516196254510672 0.03641150782901394 0.006865712473118298 0.060089226923758995 0.08334845533215321 0.02207529915817707 0.06450123243531435 0.048667393092618395 0.09089277173404264 0.07654218199694053 0.04302701819451953 0.09392964183882588 0.08788614333700327 0.09016089222191404 0.08208338663469336 0.01403433577045207 0.03445085123934037
57 0.04478444653080139 0.06102511386563872 0.025454852570812776 0.08059527248285617 0.05427963094049554 0.032972008738314657 0.0173631744189706 0.057366455418701216 0.06803947792469245 0.05080159676271839 0.06173021646432881 0.07398392542857135 0.029708721741581116 0.08842984385526165 0.026251901380060207 0.017763670576056118 0.050805892976114396 0.05444573301939905 0.026633586506665606 0.07756447839795977
58 0.0725831655362092 0.06281736866976181 0.07331031844378919 0.06280518700119553 0.04981416221372463 0.03436696955314633 0.04704558035644036 0.03126834568431666 0.07316573931519299 0.04259072267399543 0.027399969332500256 0.009365568661890495 0.029204133036014282 0.047373650601202286 0.06657054541858279 0.07137208390246026 0.07905190147280355 0.06209743325971809 0.0031882646521961375 0.05460889021485977
59 0.03087413593886872 0.009379631429411544 0.04278268141769761 0.10031598931779331 0.016517583913699296 0.010816091170593808 0.025008947041499936 0.03258841902085967 0.08805708308046867 0.056913426122528914 0.06458082095212314 0.03921948739646721 0.10398425359748031 0.02231204846662645 0.06403956421838902 0.1019810112175779 0.11014946537707111 0.033528288849120194 0.02388107706039189 0.023069994411331212
60 0.027752463283555236 0.047428672635848816 0.04137297114496953 0.04685012830061315 0.08595067333798859 0.048593443090335656 0.07980524264695346 0.014398469331677852 0.08626053205190508 0.07473584065280249 0.04035880838129982 0.01450584505617518 0.028338273489631693 0.07212463075610707 0.08626007567469683 0.01047132152911414 0.0007610468959528253 0.061331758647565134 0.0711783166028311 0.061521486489976185
61 0.03674474471019422 0.007167410227362054 0.038220228006554585 0.0775356215808402 0.0037086079401080036 0.06719225165850189 0.07190573082073587 0.08155146820740947 0.029882724238926545 0.0089985499324641 0.06804260410432321 0.06147588455499973 0.058395705443660705 0.06860478658982087 0.07179959106265006 0.009262209791409822 0.08569274400645789 0.08558208096281096 0.06426521533936963 0.003971840821400301
62 0.06820386760699576 0.04002303566632842 0.05821797064846808 0.014328686173948552 0.04294915374991632 0.01954597516156945 0.038935813142029284 0.043217204710163 0.07781739483183564 0.07006205999744695 0.015811807817084966 0.03667153683286559 0.0827271903661675 0.02720511295011157 0.08593024343764426 0.007476695720018302 0.06895503458228101 0.07509522911994121 0.06382644460288177 0.06299954288230236
63 0.09132147672638673 0.04806828969304076 0.10516957614644108 0.009694540189153207 0.036135884562851994 0.06924029734350805 0.11185866398747114 0.04843307768439544 0.012368489927191395 0.06196732748575831 0.08455131605054904 0.00452431725530279 0.001581493903205723 0.0006196055492940775 0.040852409771925224 0.015308802422869172 0.005364300025691016 0.07507749137147335 0.06905170149008412 0.10881093841340736
64 0.04333727399705606 0.050811688983889096 0.07610578137986027 0.0952679344271435 0.035212923459962076 0.03678721027447733 0.0711178303586924 0.02141379278657429 0.004755071879117741 0.05189816386288684 0.0331203209855735 0.05853447689190736 0.040015297353640365 0.028396124657616602 0.03775543062720265 0.09505620722817984 0.08580504684799142 0.06745097943409849 0.0395943061438464 0.027564138420283504
65 0.050529996027674905 0.017772166163887982 0.0033264863508062543 0.004907698832402464 0.06289233469685203 0.004611081455857975 0.08061670001802754 0.061182854440321455 0.027932423004852342 0.0841474627538868 0.07532783261694453 0.09572549281556783 0.08257791933497405 0.07191134425971234 0.01221343637499669 0.0434376075386631 0.017041016013298667 0.08030134199815481 0.05803878430956101 0.06550602099355739
66 0.04297281045244048 0.05042152143070872 0.014678598771553053 0.07432709486101488 0.01724789408605326 0.08953124290290757 0.07557459807219134 0.0012879517994823799 0.08821699685752388 0.0438911554511117 0.06995263554387775 0.006505092873828101 0.03246015983724919 0.09323172635707545 0.06573093556694976 0.01401594590413948 0.07425164597818648 0.08406562712708017 0.01632219257424486 0.045314173552381466
67 0.05762505062132624 0.0391278331562479 0.06409785430066746 0.07615213244919974 0.006040611085928613 0.09278148462300047 0.002228914625055354 0.032362809949984576 0.06135959110774649 0.07304229832625199 0.040060816258953566 0.015611985254617515 0.012542693998322491 0.09023150260593195 0.025075998871231107 0.05822124234142922 0.05561835519232884 0.03619887191817153 0.05331703790079992 0.10830291541280494
68 0.004231083715369798 0.0757383512669069 0.03644886051591903 0.061352208011435636 0.09557840324341539 0.0007301570256977461 0.09187766920998691 0.03042100502060263 0.03902835756178397 0.07062780901148376 0.07144437499912003 0.053863531781563036 0.07631698077791194 0.050499862100148694 0.0987272745108059 0.008858850486757794 0.02636287576582836 0.0067292037700265326 0.06623008358820219 0.03493305763703361
69 0.023804760090716987 0.013069549198168835 0.06623417592890696 0.07628114112897842 0.013817388836609481 0.028372095406323888 0.06810228084063613 0.07846571359407505 0.05147530921405233 0.06204603482783341 0.014174172476954579 0.04783272561242823 0.08142010669443685 0.062145639326758116 0.08377378435129773 0.04297515842198177 0.09124331087568854 0.04566860622075601 0.037584156679915215 0.011513890273481629
70 0.09190270262715725 0.003357326229310693 0.036225724560555894 0.09624211649566365 0.05997419077883177 0.08036520851756856 0.031134600891122185 0.0035141227155345797 0.07459124005437243 0.09654525229748995 0.055069436343726144 0.008496436921145297 0.09463689842371217 0.03197763794373119 0.03428038290022752 0.10082117542227177 0.007447794095717469 0.005744475408296235 0.08191728847129055 0.005755988902274499
71 0.01540015213664278 0.07090094430118739 0.046891866768071645 0.0027728751737235257 0.06679156710734938 0.0716520871571393 0.07994513030881109 0.10109897201859624 0.0370520017652942 0.08241608045208673 0.09912068914941004 0.03521999006398821 0.05517930687299044 0.026243393105848653 0.03196740234518835 0.0023492133073642675 0.03378208524275671 0.04176463915761331 0.08528417132979232 0.014167432236145541
72 0.08772593353699004 0.02897554455563016 0.037541112401400845 0.060269012316889796 0.035879563825309255 0.060810822735345375 0.04536773361923974 0.014212575995386832 0.023542371713867163 0.10129296315237876 0.05502063892502561 0.02838136742998899 0.02898645059409685 0.09700573065120191 0.06368683322140546 0.08216749391056054 0.012172919285750787 0.08074010870748942 0.04867058652955095 0.00755023689249169
73 0.015204267832930364 0.06621984120435308 0.06536036923196313 0.06417777979244656 0.003882193993462446 0.01376641237519628 0.00831718158739969 0.058182355183744455 0.05405139483291459 0.062135561740168765 0.04434093912791569 0.00918301299401672 0.05473549296363333 0.07792603243715487 0.03424260407802453 0.09955753048718993 0.03422010242724761 0.05158262802547555 0.102360653956922 0.08055364572784053
74 0.0519984453818978 0.034085180021124054 0.055181886154542524 0.01158980667568417 0.008657821906274921 0.04385182173761474 0.09775985314238764 0.09077792668669105 0.05491322334954669 0.0452580416857748 0.035896011592367855 0.03252958463073155 0.060015043229808315 0.07020252672021801 0.03274161498240446 0.019402257511685762 0.049136095524391424 0.06385417158910665 0.044106147828117566 0.09804253964963004
75 0.023357657504547887 0.06471416731840675 0.01581796391469685 0.04892400447592536 0.0918839047479406 0.0021779045838958245 0.04415355505828868 0.0018346918868637552 0.06638768381833636 0.034078495970488974 0.05476938871203271 0.06107691813459295 0.025326523122891728 0.07822050858752395 0.054510498037258125 0.07364070032452648 0.09594101098575433 0.08678956093072716 0.03807634954042632 0.03831851234487525
76 0.06951811823871629 0.04671748420599408 0.07601865757095591 0.04459499153553413 0.04277985855801972 0.048101206204995334 0.07780228427590924 0.021959584592293704 0.08369598431589977 0.001602314341712767 0.026237343607474407 0.054485168349108284 0.0857434747355904 0.023848884505030303 0.05990828204604811 0.09681321469937945 0.06952428989842138 0.04306268147729856 0.022493050190524493 0.0050931266510937925
77 0.07609285637945294 0.07436635755943646 0.04003647534184448 0.0442049227432639 0.06683527686165247 0.019195245385004025 0.0656663152106003 0.016834649488405577 0.08434147484319261 0.04506703712509028 0.06128788209841306 0.028065804225660903 0.06531503077793756 0.021480192716005726 0.027317291870926637 0.014691844899248603 0.04556839985854685 0.05898239909790959 0.07837818938518326 0.06627235413222468
78 0.0051671277293294515 0.06702206894252465 0.014713105189595628 0.04029004839727734 0.028921137740356692 0.08545509447129418 0.07407245305197409 0.02616367604372926 0.026470560074809232 0.04749720211030716 0.003935238968354238 0.1047027512885102 0.023542398303915753 0.08186249512244827 0.09904996633989804 0.08856723223380572 0.06813293952007289 0.057945418546211054 0.0366838010091185 0.019805284916467693
79 0.009484785848551197 0.0619776487777076 0.03821102491102357 0.06703425020700088 0.09327761896277159 0.07203134269309257 0.044441401936837606 0.09230708667195058 0.055976993856978775 0.02849694266766175 0.034750074605887915 0.03562147511658397 0.09365592289096317 0.04760273899486806 0.06625603907693327 0.008689913066676812 0.02499442652091204 0.07001636460940065 0.004430772161505118 0.0507431764226929
80 0.08212661547031262 0.08225602403239748 0.02079814951270317 0.07576622602249063 0.001541035141369545 0.0186280475237585 0.04741256556420038 0.006991983941724531 0.03230647378611733 0.06241955077688216 0.10046534093689227 0.09088956094746856 0.00599629587149822 0.017376287428689956 0.05670937635462799 0.059710173833522256 0.067709930374615 0.013019577285666953 0.0663945605844314 0.09148222461063119
81 0.11094653631983357 0.09654699293613188 0.005789986549982067 0.06635855197396083 0.027476975632157976 0.035439142397362 0.01768478204208052 0.0643640115577203 0.015598798757161879 0.009096185334153187 0.05399816274090918 0.04327918255827562 0.03951093057045368 0.0483756779309429 0.07381457696241416 0.10221709441179103 0.022736517584515774 0.08540277934317532 0.0562196956121351 0.025143418784843267
82 0.06680394630405094 0.01430889214887881 0.009234600122531259 0.08050109391521097 0.013757459240826027 0.08173126965178681 0.09276904824563727 0.09638568350648744 0.04810536511349652 0.08312058257865747 0.06094876309760042 0.006705346847533312 0.027845736238618767 0.028597207164440162 0.027569727266038242 0.04149806360563027 0.06917799345048462 0.04337424014659883 0.09537877440959387 0.012186206945898026
83 0.005424148812607673 0.04378863518845345 0.05325202827583945 0.1189126373930405 0.11690233398979011 0.022651724642983838 0.017715695303968056 0.009400655563875362 0.009759336869469138 0.11548154778414542 0.03737801829089339 0.022361560463627587 0.038188256174972596 0.013876841399093908 0.05942521999730033 0.053037983913956366 0.07102471614023502 0.023518903196368842 0.08255010248086998 0.08534965411850905
84 0.053458935348420465 0.05402504941413285 0.031058616757111968 0.041931306013494464 0.046473162227797744 0.0614751198727567 0.08488621156682456 0.06691989387862868 0.0365747759317025 0.003984518133007648 0.05522120666305912 0.061691991671210665 0.06536626148604167 0.0579943974133378 0.07606016809524646 0.030681113492580472 0.08163276379128183 0.03338813826548435 0.01628776167544068 0.04088860830243925
85 0.01197163129565762 0.03398516311877489 0.005703343272600681 0.0157075400625468 0.09334838699839336 0.06576052532958827 0.0647671112058963 0.0887426531096567 0.08021085921789832 0.06831777163225566 0.022100035755871508 0.05333707547829128 0.06873640413469283 0.0545108375958394 0.08692557635056408 0.023467079699319375 0.06708977165238972 0.012372527299576516 0.04741740588578633 0.035528300904400484
86 0.06332346386783044 0.06579151061833971 0.04042162093678708 0.0980985915960398 0.07348756997118022 0.03786569320720863 0.062275978392606055 0.01704012155361532 0.10186681294565965 0.06498324536635856 0.008971407268487662 0.06641274683821725 0.06566127121228164 0.02552018900099299 0.03770483832572007 0.03514029370014597 0.007561405196681704 0.07932372313824941 0.01929443733039698 0.029255079533200973
87 0.022828654768822596 0.08517979811984794 0.03334740720945749 0.08342649799737016 0.050472964195828286 0.09328829056626932 0.09007425676234589 0.09493772759540306 0.021643672837811528 0.0366143003283585 0.033326555695926824 0.003981224346325823 0.025788430108129777 0.004314325731553015 0.05007601535970861 0.06945792173104826 0.09331069622466374 0.010530949304564595 0.08469849248623564 0.012701818630328904
88 0.01966489741520089 0.08049817812224513 0.06744003586359382 0.09610596034773931 0.011057606236093814 0.04540475511233345 0.027274126607535233 0.05433132958873692 0.013814084631124495 0.06180416480628924 0.05211525839682272 0.04913617380049873 0.09032749229587923 0.046455806046035095 0.001132035318323557 0.022599802188083846 0.05744267433986237 0.0870359470511884 0.09935233613212348 0.017007335700290484
89 0.017259697324719048 0.08649921982651669 0.045363783031818 0.033577097620830804 0.0586215439199194 0.011110101450915701 0.024827981945949987 0.03042459140256903 0.0428901974290629 0.04796691022468106 0.046918247366337665 0.0869138616370416 0.07945857053034704 0.06338623415090729 0.06190143302219411 0.03771774610895225 0.022935032435231307 0.012509209388471417 0.0834503216439682 0.10626821953956656
90 0.03256915867243369 0.09943815404856332 0.08789296620895673 0.03214904692248631 0.06732605038112277 0.035239150579071066 0.09860823933201693 0.016584670545295496 0.07751489520548123 0.033324903181115466 0.006326496156389968 0.06091767882091138 0.007311734699202545 0.09108738177609618 0.06976162939621036 0.03146916398919033 0.025237962379977812 0.00575059728322717 0.08358810232671951 0.03790201809553161
91 0.05045942065795044 0.04083017535661522 0.005595782469214098 0.08354771658359444 0.04104509659869523 0.0804211027603741 0.014513907669619778 0.00020463958088753523 0.08587144690415152 0.03105524177895282 0.03818288822683903 0.07672915615032862 0.08752522014385625 0.07175281894509872 0.018113480805269346 0.06988274928585946 0.09385157377253797 0.05131530896435732 0.042154100081115004 0.016948173264683113
92 0.0055650599567922815 0.11771197141486732 0.045784257694096116 0.05279523189722118 0.03544427704736073 0.10534477769857886 0.023710224887252832 0.09659507206983882 0.025952344831521167 0.023509908966995206 0.041850438240159 0.09484789800836657 0.015991307799339008 0.05266917528841097 0.009470421706135214 0.07704770555477425 0.06691379344849194 0.0691725403617911 0.039453237177656295 0.00017035595035097616
93 0.004717945870474981 0.04274725868215398 0.01760950618364565 0.06082676493623833 0.062157985473404447 0.048118669454961537 0.04391387370686522 0.07747257293237221 0.11457772392423343 0.008556492753954995 0.04082521478227503 0.05845447459215967 0.04521989481819473 0.06112326173330414 0.047359752565074915 0.05110037745680059 0.03372469021020159 0.10179935218859719 0.01199925800119193 0.06769492973389554
94 0.0942036560530864 0.057606487001085234 0.025309007627924388 0.02713469634963218 0.10637327713556406 0.010385827286827434 0.010271528692681546 0.01264858726561893 0.024703990816252127 0.011161694653908049 0.07052145711183329 0.051591379478998285 0.10056230086486323 0.11897555753437214 0.00883076279260619 0.10631581230244007 0.015559925349407153 0.018840454869200017 0.1103174157049392 0.018686181108760077
95 0.05973863507021069 0.0900435130754787 0.08385228521339594 0.08084686677599802 0.03169906215710128 0.05639303942835128 0.004112111146109558 0.043742191980693075 0.018003155976676857 0.06394626901715862 0.01024306396563998 0.028074422522695455 0.07163774408451798 0.052552627041892605 0.07369849497820234 0.0444131947151785 0.08983127928086615 0.02588426721715041 0.05429284623175499 0.016994930120927513
96 0.060306799546767695 0.06191593921062288 0.05730140833982918 0.03669417668901808 0.01681745771613566 0.014709197805523601 0.013897781356158006 0.06676860788758407 0.031783121589142316 0.04508429722169878 0.07333407167554518 0.020961952807532845 0.049402850376503486 0.03815225936289413 0.05810201561293699 0.018177656768162864 0.06222768237570495 0.10642234246537627 0.06686192251433663 0.10107845867852625
