0 0.02348217763785327 0.021285296972444297 0.07603367021016275 0.052443086764381676 0.03129475222428108 0.08706421357522481 0.023044714263428964 0.020626437415066735 0.05366823260729792 0.11259346023776912 0.023783055600644806 0.018355788283868333 0.11038648323792526 0.05488592543200029 0.02765072558415757 0.060400574874063626 0.00207618246813715 0.05372724032481772 0.04034041427699619 0.1068575680094786
1 0.004263397809656018 0.019267696342961948 0.08263616786840676 0.09884501660678935 0.08275704866135754 0.03995849079813227 0.04623909611091339 0.037125778693721495 0.017277689968445524 0.004134608501250915 0.10637943963466877 0.028662099458608065 0.10180320160736028 0.05196675935997253 0.04848948023796165 0.04718510744372185 0.038410115510337836 0.05063310314225522 0.015555152980109557 0.07841054926336882
2 0.09267352805975049 0.017678498274214312 0.08272956851884831 0.08866739233602045 0.06743706425599981 0.09084925281004098 0.03958473269841133 0.008548333214226487 2.95759227848858e-05 0.058921124975963426 0.05460804082169276 0.05374063285597248 0.08339924150284088 0.0028086879609261935 0.01996551379258633 0.09170848862212014 0.0035287417783091833 0.06588093835253224 0.014392261536648805 0.06284838171011065
3 0.08005812823540957 0.06416309350114384 0.056272129556651014 0.02970593493200445 0.09733649208361456 0.08035875498603755 0.0036228829737400474 0.051111077460348 0.027150528440999796 0.06733407869511143 0.01943782248879876 0.010083625833766745 0.021742385272559197 0.06946722887627231 0.03941947660607493 0.07349696067415018 0.01769441255331389 0.09775385265044463 0.03804680339330348 0.05574433078625563
4 0.05565535865318269 0.02262657002135117 0.05219349163421996 0.03284485168905803 0.05740701269121415 0.02466166617792473 0.09718482606798086 0.026277448767944356 0.0697072928809832 0.016232169620713503 0.09003725243598219 0.030879367868348113 0.054719474246876024 0.06746688015877962 0.08638683817175379 0.002457013872163806 0.07587483387540056 0.036303981516378515 0.01830564684264448 0.08277802280710021
5 0.06800064911698434 0.053282682946192574 0.09599747452261365 0.02162431340825384 0.004581387160676932 0.061945239741528074 0.08784838717060564 0.05991486806592968 0.0017695945511914894 0.02622722147600123 0.03488966945123337 0.02434161057596548 0.006744951787958424 0.06254251633543062 0.09306616979362652 0.06561664489338546 0.02833309719669189 0.08624640161068083 0.07726454521484975 0.03976257498020007
6 0.024745487651195115 0.05062746301055238 0.07362035271363537 0.07924608376271702 0.04190361867145146 0.017796014265508694 0.08731862247046807 0.07141770253547526 0.06534990711243159 0.04916905201808343 0.023351623858912665 0.025371940299056317 0.04396705741604347 0.07987636169745356 0.008875137822974447 0.03511733934726825 0.061175426609526504 0.06754648420844009 0.046065360854233385 0.047458963674573015
7 0.004011083134322174 0.08930192001732516 0.017082341549959402 0.08928573874492232 0.07460698374644648 0.07893945779835253 0.01692289103478299 0.018279761359845343 0.023058076772084466 0.0878257335073367 0.010279422985023136 0.04415819314702841 0.04676426096180908 0.08854482169966914 0.09811524516330254 0.060296206589146514 0.0057651476835870255 0.06432467560026829 0.03745131867779897 0.04498671982698924
8 0.0748863829600422 0.05750476126093722 0.04708801580615007 0.03726885201856103 0.04247807869710102 0.03192245367206421 0.08717776033550959 0.012770864016751447 0.04826694987055809 0.05256305098322887 0.05784947115999172 0.09261171511473876 0.08129641477054045 0.007880520351046635 0.017484258017416977 0.035264768232963865 0.040973026903965724 0.041097417903216 0.05550684909706044 0.07810838882815554
9 0.08010754647106255 0.011712773463871519 0.029158513820310362 0.004248543372254213 0.07179577328114875 0.0533207368412859 0.033706737988055666 0.02502941704436964 0.06490519128806595 0.07962677749517345 0.05916055408175505 0.08134048522289605 0.0033398541671229988 0.02320872394395793 0.04684891830566821 0.09364468973421172 0.0878218348914305 0.0619557623501965 0.06436332512142033 0.02470384111574269
10 0.07676308570831827 0.04360628464496578 0.009827792080688227 0.04058833367115739 0.027538243491937207 0.06511752152040488 0.00975881269286351 0.03450012093613176 0.057386215030957304 0.10196822125654946 0.04048173133184797 0.01073874472142529 0.11147277258901948 0.05981288714261235 0.06851273379523957 0.011904787798850111 0.01146131071445034 0.06787470466784343 0.04704624668716585 0.10363944951757176
11 0.013315501297450157 0.03597848110790448 0.04437653282991416 0.06866974287874626 0.07287147432721948 0.07743494477951125 0.08018345711848866 0.06557228416053983 0.04129612952075136 0.07323027245136254 0.016483601772826182 0.04760310561830327 0.016336965485753367 0.03801258384219597 0.07709846101312728 0.08063652481682662 5.075258265152565e-05 0.03423964753721421 0.06102811934209964 0.05558141751711399
12 0.05199464821375847 0.025180343414095432 0.09807138964070226 0.010683541391294751 0.10909584009062988 0.08252805051877041 0.08493396866120341 0.043334176305748234 0.0641735147853491 0.03954524458185515 0.017482417844871156 0.02531681305783399 0.08942609301300902 0.030741056676351436 0.006324959984866767 0.09927969808916728 0.06874135080449535 0.0031353400865677446 0.0036124242386094867 0.046399128600820516
13 0.03990458906592363 0.04413869550715638 0.03486859047947668 0.04191187156727531 0.0772530862269552 0.056293719124133945 0.0679391203916511 0.029530218983479274 0.0029715042794008417 0.025036659122639752 0.059293148142364686 0.07276719575773352 0.10198076904938247 0.03973911561411092 0.06847477825411194 0.08240537215741496 0.025712920438769563 0.08188305014674077 0.00672255953729591 0.04117303615398322
14 0.05704092817671333 0.0033992881995338277 0.005480628032941072 0.027772721076251616 0.10993738885721598 0.10522302672153999 0.11572888343231007 0.010615922864975771 0.0051123734577827205 0.1099791928161535 0.052416082747634374 0.020389810009031555 0.061471969896677456 0.10257264596401026 0.0799718990028796 0.029200430212756763 0.00625344038288183 0.02224666149579503 0.03620729781879881 0.03897940883411652
15 0.04862653388254873 0.05813203761034443 0.01926193798928023 0.07237288088978244 0.010607328600023017 0.05591920805128294 0.07802329305109931 0.06891801671002952 0.03792392073750735 0.05099730915766738 0.06582149982317807 0.06107196113018054 0.08019914614054091 0.04317996713046762 0.002034473491123744 0.07826818048696102 0.04796177841764144 0.05511825571498126 0.056476333513771244 0.009085937471588701
16 0.07684884746265201 0.010841077336766767 0.10045188185415095 0.06882446187194323 0.025199391751686877 0.025255002945534958 0.06358932719957787 0.08586850897730178 0.02696224298726543 0.008861170954093845 0.0277290196564862 0.02773525389650978 0.019309493635683204 0.01782666481847038 0.029493267660952442 0.014873774372318063 0.09230849761926005 0.09618592772635495 0.10173662607718556 0.08009956119580552
17 0.054659359434787065 0.08040189472074699 0.05994297850944176 0.05858814356093068 0.024959416691367916 0.00531958218724116 0.09206805942920694 0.06111210562695739 0.04370856734998415 0.0706658450449054 0.07497000701424442 0.08862032535428205 0.043712220746249725 0.00869344011879449 0.042193922729443174 0.04593675467084477 0.011983580076635985 0.04139067130530146 0.02239788725325189 0.0686752381753826
18 0.04264958331366962 0.0003370870613636144 0.0882411345415196 0.0009637253596235493 0.09171411285475034 0.05237317013475449 0.04017227641191707 0.008061668835074655 0.08824002784809176 0.016267869368555257 0.07797771994846413 0.029695676395767683 0.030362745554570893 0.05727773522744106 0.07877867098324426 0.03423636911094882 0.10174170378181303 0.08871136594392909 0.06868910030544612 0.003508257019054884
19 0.07672295839997935 0.056674526353146015 0.0028180787595312087 0.01990601829386348 0.07881281468919214 0.07345550452008505 0.037437496991666534 0.019377528622533786 0.029628130401145855 0.032962539537504595 0.01912247754507238 0.08141703712836129 0.08136976128795413 0.0590813196810262 0.060108496420671904 0.0462055184373587 0.07652702688406583 0.07751083484118172 0.06757658660320191 0.003285344602457822
20 0.0721373624167906 0.009711967650297353 0.018807443821509773 0.08631017666393662 0.034441999096715206 0.059094310697114426 0.06935398316220266 0.04012446414368362 0.006377615573302362 0.02842178057563991 0.051038204709931125 0.07821632794207346 0.06503887165670673 0.04572779188476826 0.07720900269504054 0.07523799696480636 0.03969453855697666 0.037492421031383144 0.08736723135353856 0.01819650940358277
21 0.00809754682046915 0.06283886164607325 0.06549638798016837 0.07924962037972143 0.06394626692239229 0.035656695029058244 0.0740241468236752 0.08173109622141657 0.046933308817351534 0.030182779862992854 0.06636463321065812 0.007701098615206885 0.06850429866416591 0.008151022729176113 0.052977929398150686 0.003977630531662497 0.08133649985904343 0.07447911246350877 0.05897642476774417 0.029374639257364388
22 0.013606200243380873 0.02795201980465043 0.004776295212132705 0.05113602156612149 0.08144626180079548 0.024891021208990987 0.09460959207885249 0.09813726863603839 0.09315536793007366 0.05954330701326272 0.037388516229548356 0.01925289881017542 0.08947961686345153 0.022437129833955433 0.076646932661962 0.07260496766568038 0.025490067608600807 0.029662350942001158 0.06341270225604176 0.01437146163428379
23 0.08188478218163665 0.04391301068433613 0.022971603132726802 0.06103293198560818 0.0642232122676166 0.08131567223576928 0.030350030263446282 0.06154459858420407 0.07180618609969333 0.07401568084860781 0.010431116505123994 0.051522164588828905 0.0051500851139635526 0.07277807560161716 0.055110690543976465 0.00018073560860485427 0.016332390673579677 0.08204345067880595 0.06225652779784617 0.051137054604008164
24 0.07440485082493992 0.01801623592997021 0.04284256068984067 0.057401324348021456 0.045608333706491234 0.07125474324756402 0.0733524672534625 0.034510872099819435 0.0709225000085197 0.002525431167564754 0.022805381530471562 0.03881757833481703 0.029234616071325548 0.061919213664849954 0.041743847544579195 0.029353347129394372 0.07687039492668994 0.08029512329798104 0.0720860362645981 0.056035141959099324
25 0.06468993364619902 0.08907049766775586 0.024824655051023114 0.08833283105365401 0.005961328334140168 0.04847228225302575 0.025112828550329324 0.03878392092783967 0.0706953644443552 0.08444743818479687 0.030469062803718357 0.08050270069722243 0.037473211782564596 0.009215673082207764 0.08321285800022428 0.048544637874008444 0.09057919698916107 0.05691277065399013 0.020594182360822284 0.0021046256429617704
26 0.03637261651325979 0.04088924696836248 0.004178663319852889 0.05031494403702795 0.0787145540998425 0.04769356160691299 0.02946747416541729 0.09310063305511097 0.0005656088558046936 0.06269908926684019 0.09062283568468903 0.07932443126000464 0.0566514082150751 0.020523974321423916 0.057081653642988 0.020846395094751318 0.07595211781586571 0.00987454624560019 0.06837610316702213 0.07675014266414827
27 0.05654255616380366 0.04797030276785314 0.05520273144914349 0.008033714486367463 0.025906225078014735 0.022687126499238312 0.06428956060679772 0.09124553732962606 0.10797122119272895 0.09409625757669246 0.06500237638597915 0.004517079641512328 0.09194339618600092 0.06304180492042795 0.06997615398366572 0.05101812634709546 0.0029259004546793445 0.024788442566380933 0.017069800656265417 0.0357716857077269
28 0.015789388571791543 0.07864399234524702 0.015541055460367038 0.01989892796072666 0.09963534119847617 0.03316159586307726 0.09202210849549713 0.046776009517011524 0.01632936929896745 0.08433869385232441 0.0012261463418390644 0.007657057606994362 0.10472623862572424 0.05330829964245746 0.061670317348605674 0.03303937782066467 0.03607906461695424 0.08713782007942689 0.016133132496907916 0.09688606285693922
29 0.07195269679270695 0.015154023188710999 0.004980946855776065 0.015578210964246338 0.06100762340010876 0.06895132443683348 0.06902109573836808 0.07399055294006684 0.07017389926645577 0.09481271921854395 0.033060723836126675 0.0633225967617493 0.06988085029669631 0.03475525658142587 0.05729456786149958 0.045328637586608385 0.022206868484378653 0.021804868214489317 0.09203332097146845 0.014689216603740115
30 0.03938068373627342 0.11182068922737132 0.10686911038564116 0.036975978950778525 0.0037168139509539187 0.006480052122391161 0.04860716110185396 0.07773314666035235 0.05353521436864738 0.058163910295410064 0.03678954341641199 0.027412956583938358 0.009779178089505557 0.07641641432087018 0.04078554137678348 0.06506986044755143 0.10465140415593155 0.01478904689084556 0.043587296027328436 0.03743599789116008
31 0.07672735233632422 0.0059519638342984725 0.06704132698453308 0.06923859936500132 0.0026654169278188837 0.01556372334612016 0.09163277571235473 0.04713975380686161 0.056264441035287986 0.007983932960750499 0.09785510800972982 0.07134564168906585 0.09735176695611848 0.0902416264004244 0.030033207297760395 0.04246432483380443 0.00823810029550949 0.03819833497795646 0.06592953334595868 0.01813306988432122
32 0.033068343786254895 0.04315521606396433 0.04576744612241049 0.05194336390375238 0.04722276151061001 0.07922174555923642 0.05364354527121285 0.0008860139509284296 0.03977154807853213 0.08908601969439374 0.035605626931482164 0.020947688215335807 0.010973603862886193 0.07951571863014857 0.08560520333267611 0.07157462475590706 0.06666031474141847 0.07054409333855446 0.047698684636782875 0.027108437613512792
33 0.06561636117239973 0.06996357313043002 0.058139513773761246 0.07424404416739065 0.06328330895682656 0.07635136682018878 0.0010170465291650986 0.05072736339017949 0.01026029615973365 0.08076875134022166 0.07733023816235676 0.07257415867939926 0.017022900463462075 0.07170183977217066 0.03601516218130707 0.07953815508220048 0.04070611130319115 0.014169237977535014 0.03445610167747084 0.0061144692606099
34 0.060710007450047045 0.017096473321379285 0.07988907069885343 0.031341885519025975 0.004298852768538127 0.0477694082745656 0.017888282562458915 0.05950230262036975 0.0720354004561362 0.027950969392719033 0.07651581719478992 0.035291842489005625 0.0554474325431811 0.07398725270207622 0.07939040604106717 0.04234420671940909 0.04860510294384959 0.05459269331692962 0.07111286734532753 0.044229725640270855
35 0.030570666426664797 0.0370739876366264 0.06815004160699725 0.020989847075435535 0.09643282518817559 0.03829888037679854 0.08366915560345259 0.09931924024103445 0.08586501683721816 0.06915165198968376 0.011688041915932377 0.005221228616864459 0.02204464407340235 0.06973261805407875 0.02361925104289504 0.029378349741238822 0.022576335742226485 0.10192315057909934 0.07571305617033348 0.008582011081841898
36 0.08271911389188256 0.05311846555181902 0.005903323744964721 0.06389575647450786 0.0807385070633968 0.03517967565496346 0.005712890064237428 0.00040388730666508923 0.015367820594994247 0.022408475001664006 0.056461004381610565 0.043649459601051606 0.04155827555971143 0.06621180574548817 0.08792238933082681 0.09233032401214322 0.011731746181202374 0.061357610138904804 0.07745687889719532 0.09587259080277054
37 0.055522638365461716 0.008534749917065987 0.06394699276026472 0.09106870756740618 0.06105625280902874 0.045442792527866184 0.047733507279496205 0.014345290190794285 0.04353477817150666 0.052396834985975506 0.06872846935804804 0.09486040627560836 0.02750732438724287 0.06684490848718498 0.054860440162272574 0.05000535258651313 0.08432665209707939 0.02716509449208218 0.007968373243946987 0.034150434335155265
38 0.07219092481806505 0.07026852121522194 0.01856396147487475 0.04911115664110828 0.0941160553965787 0.005361790456126774 0.08373741407324126 0.0865285361137648 6.290280302024504e-05 0.0192437710124714 0.09588780970118244 0.017655434931619068 0.09833266188989351 0.03705855023553891 0.013951411832596025 0.053307021648238966 0.0614865315206052 0.05118207932179999 0.05562960372657 0.016323861187482653
39 0.025935551635492993 0.08594334671848541 0.08435045753329455 0.08496989308922619 0.07664415696665518 0.04191291653950311 0.07223512478364724 0.015954969125932313 0.029140031592656126 0.04350486250125261 0.049520653412877494 0.0763491987672341 0.08092877794072274 0.04308603660290456 0.00189463120384667 0.034163166078711844 0.025774618453495355 0.01180565742110934 0.07559306418157234 0.04029288545137984
40 0.06527516870562164 0.06891958822575901 0.0368991866690399 0.005347241182967839 0.07059744808886508 0.05786567939939673 0.08273561761700658 0.008840765235764207 0.04089260006989559 0.007111092915899232 0.07426824168832934 0.0767616299205335 0.0011991072314795487 0.04494109668862049 0.058323646394838655 0.0768566805795758 0.07850368928826423 0.04402885764686732 0.05386652740525794 0.04676613504601727
41 0.017969021676773222 0.05530030690896432 0.023529991077187968 0.05100986994420599 0.018837749826398187 0.004095189544370035 0.052828920303688874 0.04574585199733214 0.08873277975172124 0.0388398699319718 0.09959649415644871 0.08738119692978796 0.08066367792817067 0.09403977661217493 0.002033686812183368 0.045013586356216835 0.05317991508983661 0.06166009383711722 0.019771061882861 0.05977095943258894
42 0.03080607957422572 0.0337860056203333 0.015241508354521005 0.02338051614099243 0.006543164784324507 0.0025192465395524038 0.0913910740912872 0.011687082113684424 0.01862182885991908 0.052054628799666845 0.0651858994917874 0.06387892019054607 0.05845300950557922 0.07175284811610938 0.09467509784894033 0.05358321807628676 0.08575754554605902 0.07876996338964175 0.09230763132409363 0.04960473163244968
43 0.001192947600750604 0.08238465476344135 0.0504577977429122 0.075999013481121 0.0029178836327431452 0.07490159620913159 0.03753634752814336 0.11366550509682927 0.04456246082250663 0.04224320981927472 0.035308507301111756 0.08598502263058444 0.04669738813157261 0.03335526509134942 0.07399435348446975 0.05529894746773241 0.013979303959448457 0.01784777279185313 0.02852971778261878 0.08314230466240548
44 0.08686700997296513 0.020336196355050757 0.11293831721576593 0.008644196770207599 0.005939129997258324 0.0350537571044924 0.055591574821293274 0.005970838964461905 0.10461300131633665 0.04910539320548808 0.08858528054415139 0.010045166344279037 0.0899143399108759 0.025103184917038442 0.04292305578762361 0.016882690228658584 0.023310709785086686 0.03800908575410124 0.1041429165482284 0.07602415445663653
45 0.0305676250704187 0.03619582451369829 0.016295938037370825 0.024081423895274436 0.015730949661877932 0.009778050983827672 0.055015634321055835 0.0912403596508987 0.03599552446294191 0.03456585168881958 0.07622309991539068 0.1081172137746261 0.08585350909404796 0.01819326321340464 0.04866227067585498 0.06408165736816948 0.03768233915985583 0.10877059033291553 0.08719649982036808 0.015752374359182798
46 0.017775929452324837 0.017166378719196875 0.08773595596516368 0.0015697347997378932 0.0027856907538678162 0.03890046301465914 0.03696671978842203 0.07405428056901223 0.08243846796907588 0.08046875398971472 0.05161079644081773 0.01644848183390909 0.08827362214936105 0.03064818486037202 0.05611324893352803 0.041877722674580356 0.057231744717102434 0.08308705554719968 0.05049882878454302 0.08434793903741147
47 0.039618432523699405 0.0888823199254019 0.05328319295379608 0.06606838380719296 0.01912429319209875 0.07963470523418262 0.027881119455767888 0.05394904337434582 0.05364141769321937 0.05577256337229978 0.0763003122742316 0.06267761418202177 0.03862694739581955 0.06362777638967622 0.03052302434968745 0.007212151989072589 0.08556113563425093 0.03700716664711519 0.039961567274736064 0.02064683233138408
48 0.07299211731946917 0.07477926770260347 0.05106777434027683 0.03307703375603362 0.05410500815344759 0.07054503156690067 0.030891402784947848 0.002002943553333775 0.011391489715478821 0.024275467609367704 0.07039564993130312 0.09326453670916872 0.057558719825691905 0.028027124936836064 0.04567587222425261 0.011450328149456903 0.028448213914896877 0.0962763904983833 0.0470040420404227 0.0967715852677284
49 0.08307029631653624 0.02698757904197223 0.048236097149648764 0.05725751410168783 0.007629716999338939 0.08259174795877344 0.07950215447755599 0.006868817669086588 0.08458938604248586 0.06209780204875183 0.01811461199285976 0.053510234994506634 0.09460987838365327 0.03318487988239461 0.06979345213756885 0.0527026641747777 0.03139046657414622 0.026029954532230608 0.06486067563754813 0.016972069884476772
50 0.030855948214250153 0.09858577352007815 0.04517237693462458 0.0034043098219661417 0.07300680737880505 0.04963803324875867 0.05657930180920639 0.07714785965896244 0.06716774412557815 0.02701364305780583 0.03298164441948394 0.029269472186324575 0.06492066102969685 0.000130264941676978 0.044670262410281 0.09087149459390777 0.04833042320928473 0.061880868061134575 0.039085644014768724 0.0592874673634052
51 0.0696116088194398 0.028341826966249515 0.05689293324736464 0.02322623469325163 0.08099008788436259 0.05215792827906086 0.04353199613618997 0.009514642170887266 0.06066936020417002 0.012851362160905764 0.06627984818083 0.09065297814805476 0.05562502482621934 0.006796682105442031 0.0978067956986957 0.0631776332732966 0.01755304619417194 0.03146959589084432 0.09083701905732446 0.04201339606323875
52 0.07441536460216751 0.06811502252383721 0.04963941555635805 0.0050084643099333305 0.09303909258502467 0.055091293723490885 0.0756226521605011 0.021159345835268073 0.051053639045167826 0.01738563345100529 0.030006669806534974 0.03814594044535413 0.015134141052316452 0.06467586207125398 0.07515539980787733 0.08466866312405702 0.07313441813603 0.08348100040459726 0.020864547427962378 0.00420343393126267
53 0.0906898970050316 0.07088001521049826 0.019299450272354128 0.06896255951147541 0.02537194040671626 0.0714336343546148 0.04372451323627469 0.055388494110783434 0.02327454406081673 0.07637586509015427 5.977353150642908e-05 0.057684191252435235 0.07345390060509964 0.0017224834094743862 0.06018525131395948 0.07236862795674726 0.0015544955964715546 0.060108751844763046 0.06166179220126985 0.06579981902955351
54 0.06964469667396886 0.06191159439144988 0.030024533403202283 0.025740622618865776 0.0378675402226682 0.047323848031994055 0.044146093871664155 0.06972957455896876 0.0652749160798123 0.05690934439177498 0.08568636219202998 0.04896098014146105 0.008057179856266286 0.02026221995928149 0.038446067116302204 0.0862800465453983 0.02095665650820045 0.007325453772258954 0.08300610632483989 0.09244616333959231
55 0.04634995391211799 0.020039070370038544 0.06087533336125363 0.05839559351611681 0.027119236786374696 0.04800664854168252 0.06789555675248703 0.11413905044319606 0.05369850685015434 0.017339408789725626 0.031057667942178742 0.034146683276734646 0.046289792511518865 0.10241876567853422 0.0032765460175822113 0.07540891702778824 0.09727820502804771 0.04371828938708323 0.022008511149569962 0.030538262657814706
56 0.0009211493331178596 0.08140164239094054 0.047201298220021615 0.060075325830543286 0.08189496084518277 0.05220409523101579 0.03550696591543396 0.04162452813650456 0.06070286502250143 0.04323209005570496 0.026634193226076894 0.0829510428194551 0.004827692118437649 0.05306954464865538 0.07960034822277459 0.0741129967320126 0.07488214121051295 0.016991476081766523 0.02188667877218099 0.06027896518716036
57 0.03215137236542531 0.07601892708252955 0.07860700740771737 0.04849560693151475 0.06117834315842408 0.009648705637621616 0.017383323721380996 0.00388158325332904 0.06316140270359905 0.07765228631310751 0.06155193242661754 0.07106376044571004 0.04603086143752662 0.01279780685793633 0.04295870364178967 0.0707262034419743 0.07742437879817127 0.024845292940153023 0.09263006198991129 0.031792439445560504
58 0.006412533685949636 0.03457057688106041 0.07816153574966497 0.04797773612880978 0.07763416717380825 0.07592797655537695 0.05566061927864584 0.022587986515278914 0.0872916869731889 0.06432101277187414 0.0005095431895335485 0.027931432769762076 0.06715786975666765 0.06458425057014677 0.027629296096381664 0.06078478030357771 0.05956200746145741 0.006787903263024394 0.10227857462182076 0.03222851025397022
59 0.05303255644502327 0.01552026750994659 0.05564122735132905 0.07965886020195494 0.04908136667469591 0.03861508743625909 0.0019744481801437313 0.08335374188661766 0.03598023872640203 0.0544341353106434 0.043087881734682774 0.07536927377172756 0.07059289715872819 0.0625041434877361 0.0706930267907615 0.04021952368011952 0.07202312485906337 0.020292927230451452 0.013613788552834964 0.06431148301087884
60 0.008317154591723538 0.0676641891445347 0.0113334286137124 0.022114606370129446 0.057490255300859966 0.0809837557013924 0.014620058520316236 0.06966041402289819 0.054497607149449706 0.08325384608305315 0.02954119825272297 0.049411672994630076 0.0775018978732442 0.07900233479078636 0.004520465137699289 0.051841356969380886 0.0831639204753644 0.10305252386540417 0.020390883166261278 0.0316384309764368
61 0.013245391476189519 0.05485269714420535 0.025458864384938697 0.023582252814733754 0.06623974678870276 0.08751507480446263 0.05789522336471691 0.06858342088071064 0.018234515136376007 0.003466528087203393 0.09190278481264118 0.06873620806534071 0.09134395562599135 0.07580115294447215 0.07739336267257178 0.001226901004576279 0.05160190245512349 0.012863280097105596 0.017729687466912468 0.09232704997302538
62 0.0804213924724438 0.07749119253817781 0.08095544188960176 0.059537550818092526 0.05215972441424559 0.006574762322586745 0.08605233606515483 0.05287997689588693 0.006939201774445546 0.015573676812831574 0.04226271381391073 0.026849763900286646 0.04892781064869784 0.059799716319227224 0.09418219757744101 0.023972655435746882 0.01313477353267712 0.001428488501126979 0.07289891690416 0.09795770736325836
63 0.06494569301404994 0.022932335520571435 0.01748344474196181 0.03183574323647276 0.005334519964259113 0.06549016213952226 0.0894949150128602 0.056613667900357045 0.009468882020160609 0.1014912161539993 0.001060787585014471 0.012388169455591862 0.07924933111261917 0.052016604558980765 0.060233012621078066 0.06852883721740649 0.05193670003309249 0.07887191394078638 0.02162588563325596 0.10899817813795969
64 0.0034433820774173915 0.04131775570042637 0.004698661106220229 0.043696978918789105 0.015090635457601535 0.08001661186180374 0.02399486416583946 0.012721189003009644 0.0826241706346968 0.11552044130889157 0.04276909534148368 0.041581784886823916 0.027257575072139065 0.10728708441503018 0.10743588969622976 0.08863522557211162 0.08257291788964441 0.027155096494404545 0.03332981568100693 0.018850824716430046
65 0.08448485193800655 0.01610334101866875 0.018275089419210418 0.06661740729605216 0.06074312361653863 0.062383569090052174 0.09573946657948733 0.029588620453710336 0.08570638506451697 0.041314242549550205 0.029026101134008424 0.07346351136222488 0.033008735174279796 0.04738958383029058 0.04521473736990565 0.025065348895627063 0.0870962532200754 0.005064644001038061 0.07311475719063075 0.020600230796125784
66 0.02273284002598917 0.043124920450862185 0.07147274630172859 0.005125027611624962 0.06813445135036028 0.022365891122929485 0.09402092087974606 0.04468049866673774 0.10226273627888169 0.029453815673099654 0.008008110485717515 0.018043262717240334 0.008882661652512402 0.07979415368599177 0.01385437307881942 0.09553378646117183 0.10940989116401639 0.1073939515188919 0.036538016219939226 0.019167944653739173
67 0.08401219802289714 0.03867512260841326 0.012557452185201266 0.005854657303468977 0.06464421206816995 0.07555680384092386 0.07003870299323782 0.02465416760422032 0.10199317403264162 0.006831948039196178 0.10124499262474358 0.0906284961561395 0.011422267187635816 0.022597643873970855 0.07202785781053375 0.027692043299416852 0.06942219195324069 0.045105748408425184 0.06705915156028561 0.007981168427237865
68 0.07574171089942029 0.07696516364212211 0.08373929283044276 0.0420311204399922 0.038139105732275046 0.08545042554441686 0.0796520728665991 0.0326299921872672 0.02238782834055501 0.03751854529246767 0.031556740876856545 0.02869620344135941 0.0621463910602349 0.02598467750882966 0.03010906720687058 0.05384659786274389 0.029225888348279105 0.07290317564953243 0.0558305353018272 0.035445464967908166
69 0.02316270940541273 0.05803534235359234 0.08867224743453654 0.08633586201839807 0.0868733316096687 0.06068274771935374 0.03088290428134543 0.07645314697051106 0.06546147054818505 0.03468156005513992 0.0273466062416684 0.014858442796618644 0.09310653337707366 0.027905475305954733 0.06110182348906259 0.07843039636804733 0.034796251277191076 0.012756840674736277 0.009860650835866434 0.028595657237637184
70 0.020851015637857108 0.06988351725072035 0.05855477645997083 0.06620174647490241 0.037599153067812065 0.046355406846134095 0.04033510846591614 0.04640115488856886 0.014756066246479944 0.0003390348679107169 0.05961541199284539 0.04593038990789322 0.07955618477990216 0.09184313505973667 0.0168264342748248 0.06321383914085611 0.0700209768151575 0.03522732707118886 0.09037529501388064 0.046114025737442124
71 0.013926587279880717 0.020988371299182355 0.016592881207237054 0.032328911637514314 0.04752822100927839 0.018704293577231364 0.09160634729830176 0.01839605350716395 0.05585659101541567 0.03176329185777289 0.152290470536443 0.05827709897215933 3.6395553547281756e-05 0.09053655637837275 0.03905179920091611 0.033747756416458746 0.07778481150767456 0.05785824236458704 0.08963593693895539 0.053089382441907335
72 0.016496435655886363 0.04136108248532746 0.08402154273491003 0.08632972604298894 0.0024602882419660858 0.041538461229567405 0.03272772066080265 0.053321626112287045 0.026216681825928984 0.05284223475211775 0.025000092814019086 0.008003735705334308 0.08457718160812099 0.07719787342812055 0.01618215593958237 0.07235594755828142 0.05634330975594909 0.046831164183369904 0.08870068860144596 0.08749205066399346
73 0.024812115031901973 0.06743262530007424 0.09702933903197937 0.09693175871740267 0.004625401654236105 0.06173200952153734 0.02556680970549563 0.044451996502014084 0.0056702022466177185 0.08978783111368242 0.056013783897613856 0.04829492463687289 0.05657140944879001 0.031110314857510906 0.0994045395820745 0.029686128077144155 0.00011455255173201466 0.01794857580973455 0.09515328311990057 0.047662399193684805
74 0.041110528770779975 0.036066986609852976 0.017438905922891455 0.006953638365662425 0.08570788387074657 0.011511174530121949 0.008975526233289908 0.10322724448399528 0.0846445604488527 0.09243597793267765 0.05338925249614579 0.05811977079888159 0.06895589872627328 0.07002676018850364 0.09620906995461022 0.027667329631135395 0.018375076113697836 0.03727413709075633 0.020962986392000227 0.060947291439124786
75 0.10326571074544051 0.08786478320021256 0.05868386556124368 0.0736903194242812 0.043916944944487564 0.03204804351934079 0.00942003928245332 0.0867238968783706 0.04361905910147257 0.06265144592313089 0.037512239075784125 0.028287552190034735 0.015216329445169131 0.01659707677631126 0.00468893474622463 0.010598191120115542 0.013060704522413962 0.10044920962613887 0.09860627066984552 0.07309938324752857
76 0.06628852836105902 0.0389820988699656 0.06268625956089963 0.07035015369396401 0.01970180566581731 0.041386373797721865 0.037908232027876056 0.030987953284369218 0.05074443572805165 0.08052378355731185 0.07561222093920414 0.01517412031284864 0.011191404648099151 0.05209487659923227 0.036879553366861675 0.08623513776412274 0.006300370255406319 0.07294939541453214 0.07939387535238457 0.06460942080027195
77 0.03823271941665744 0.03197276503237525 0.10760809028494944 0.11946570068062663 0.01952690188718271 0.10046588958029767 0.006427844357803282 0.11705402643919481 0.023512654725742023 0.017042106653424496 0.054053783544016805 0.016169357240549218 0.08032635690597624 0.055467088613078634 0.09801901927853171 0.0387304583673387 0.009887893085451427 0.022711433630304156 0.02555467435190669 0.017771235924592472
78 0.09924419684773148 0.07157944414632118 0.06031180368521116 0.01944485453938725 0.08081904686029487 0.02003596067176095 0.021293641653423907 0.056891169569489586 0.04743731906187857 0.08546149343537912 0.02705695792998179 0.06318240481099271 0.0169409216222814 0.02460927326242926 0.09406577310434087 0.00022618034408882162 0.05311579806954833 0.048578299216648003 0.0347202166582583 0.07498524451055276
79 0.045870162245358365 0.04728480152549034 0.1025949459693666 0.014906972604910602 0.03847499033088432 0.1155776266436892 0.04843559415843912 0.008907380576812613 0.05661854012750754 0.053099893579326866 0.07670112789943012 0.08014626433003201 0.007004868283940243 0.07168279331518422 0.06443007314414752 0.03412626688559741 0.06717893706916904 0.056307138499211776 0.0013131061790055167 0.009338516632496493
80 0.017933643435502657 0.07036742846458197 0.07611068847746148 0.03284621903922573 0.0006335222295832168 0.023669585731314165 0.05676925876886687 0.07938809779077279 0.07418999316192754 0.08395433801308057 0.01651155016586743 0.012721145384127377 0.05421318486047675 0.07548109056704488 0.08062071633913799 0.04233550997619989 0.055519951060093456 0.0630123755223116 0.05944672488393893 0.024274976128484695
81 0.08844245900413475 0.04110153094433977 0.015263883822381797 0.024246748212067213 0.06036518624037875 0.10220887910351018 0.08204601110542258 0.012903633667872241 0.005914208148097802 0.08845743490519538 0.06373702008520211 0.0015709119195243763 0.06286971289122642 0.05250240151472446 0.03531307279931573 0.013781977297330276 0.08052261752083646 0.06920006948260456 0.008467611162182101 0.09108463017365316
82 0.007638190781817284 0.09279593899191352 0.048235123506019974 0.06989727354729171 0.04942778060208217 0.02320190014757221 0.03893516857477609 0.08093270985794751 0.017129401506673643 0.09772192223955292 0.04650797858896034 0.09738679166896219 0.006159992709845882 0.02678308125996934 0.09832892285555767 0.027431354496008333 0.010610744647922585 0.03682498199743066 0.04167654555212131 0.08237419646757466
83 0.0035162388951457406 0.03396075801712501 0.04960785796595818 0.02511907520130781 0.03101755476029063 0.04836100834922381 0.04166207436912325 0.04499152360420727 0.01975131968874313 0.10142804375918647 0.07368561901169872 0.05281144319213063 0.10406717960971806 0.09550075294451386 0.046439479854437214 0.019539366858374832 0.021956615799409582 0.050250965175746044 0.02588075322832751 0.11045236971533214
84 0.08756536482007966 0.006360265829151952 0.03494776314010638 0.059485210270641485 0.07582602440858768 0.026224812580574863 0.09294144617408681 0.04244782948030415 0.00983757519925896 0.04186443048046346 0.08397777801888982 0.0349662153063655 0.0696119924621452 0.08842410020590842 0.04337462800243629 0.05345000270959959 0.03975536723344828 0.05107802821546633 0.05114247355866852 0.006718691903816613
85 0.07801255612495674 0.014923730190659689 0.015359294631374401 0.08492214325958061 0.03686809608513175 0.06718218764882891 0.06692203051489497 0.022907720009587743 0.07070508679899074 0.034677511409319364 0.07727595976864901 0.0816931816273994 0.020977198395775807 0.07739759985705628 0.07070729014550751 0.012674044670558658 0.03880073460490612 0.03013479455107412 0.012397651688453151 0.08546118801729549
86 0.00593369576399889 0.03423570290238976 0.022562687239177148 0.015291717030905249 0.042887211789851484 0.09916176598255444 0.04005855159206942 0.04356789097200171 0.05920029700662144 0.00404391146792538 0.05632544459090828 0.06533127155019547 0.057182275873289085 0.08385182869263544 0.06153063668513348 0.060864023519963714 0.07005180921195964 0.07691774316507803 0.0650717989452929 0.03592973601804889
87 0.08010502906404787 0.10777122941152804 0.06438509025561698 0.01465933357415033 0.10256647512369926 0.06309453310609077 0.007581112549046363 0.07538626639558357 0.026365771215994434 0.08219007944152099 0.02436985819584298 0.022436133688459144 0.025078724866973382 0.05205023878126481 0.038410801599188034 0.042660237573530685 0.016370714907953332 0.05848858966527941 0.03715308061747768 0.05887669996675195
88 0.0843880106315892 0.0652215890073434 0.03413371641353329 0.06081909107495744 0.027768672000279982 0.06947401778697652 0.017871494585354187 0.06164873289206239 0.02958987637527066 0.022558786579422237 0.014277812688592656 0.056452407620789194 0.08461869490982195 0.04488236675447544 0.0893137494568504 0.09282246981003313 0.01868044950389849 0.0021929701373988504 0.04563193265575961 0.07765315911559101
89 0.012997639270872574 0.041784485892693526 0.03424546835005465 0.0883735656916131 0.021072831532564125 0.019899040405239297 0.07699126268175908 0.004758848769922581 0.0881551265374482 0.06397472638228784 0.0532663166754636 0.025490072167245255 0.07226229315108627 0.07691466249573872 0.04414121918881822 0.021313196402929124 0.030805526361663074 0.07835674002075449 0.06746685071118115 0.0777301273106652
90 0.088147810805356 0.014067742534902002 0.08665529452560178 0.0295983112216038 0.08566099388264432 0.07416170078434987 0.016438259152125906 0.09116135787197216 0.060593450304759246 0.062258620749000154 0.05293330931874926 0.05538001414363806 0.07523271607364782 0.02076807391874474 0.02843410951852601 0.022938736541418425 0.0004833487165102147 0.009233495537980857 0.04615352669594293 0.07969912770252627
91 0.07644139524924719 0.0705087059636939 0.08455138875102348 0.026857923665627743 0.04958473862466842 0.015631160112073855 0.06057686379863924 0.08216468829173819 0.061815653377014564 0.08966374891562491 0.07857697274933352 0.0310931011963089 0.014501817260610499 0.0634385136810985 0.028286335260338566 0.016046476547757704 0.018833766759732033 0.08372477987787012 0.01621786749752914 0.031484102420069535
92 0.017186935851553002 0.03445579271731469 0.0037939398108139885 0.035025271345214146 0.08545272162332801 0.0064978754069833985 0.03197436692150279 0.04871054773777748 0.031677369585971504 0.06933570278094067 0.026951129959794817 0.0822985890591955 0.08775992044057064 0.05912194529530756 0.02938522827369392 0.08118152497821488 0.022741436276343837 0.07469952629146162 0.08775118327382343 0.08399899237019377
93 0.036733112987662 0.03535826747541201 0.025529735823784625 0.025580296406583755 0.07954816789176446 0.09364799486791335 0.0437660269110039 0.07285779505818386 0.061156375904042715 0.07214454385302631 0.026309211395103137 0.06894034605883245 0.06869886591549404 0.055821302525746595 0.03907746141335629 0.07225686696776884 0.02531161923433336 0.037846351441331895 0.012761893616770862 0.04665376425188555
94 0.06633917999787015 0.05376573362726081 0.09303628862678534 0.05836837274305576 0.029042553655800038 0.013478254836847474 0.022669421142019676 0.02005606534511933 0.06606037179907005 0.09581519947663476 0.016345989353907835 0.015595913155889582 0.06364894554735043 0.0002994957324717956 0.0738729496309531 0.04711491745845938 0.1006427443211074 0.06706123279993924 0.028655867041883505 0.06813050370757429
95 0.03148087797083483 0.0873598960374896 0.024355320355642848 0.012282465705491217 0.04576574345877406 0.013677541986968357 0.0036569458314632403 0.06246702706390742 0.009292300742673907 0.06377005077829291 0.04654602949628636 0.07615849953291003 0.07298023170378375 0.046886667766457446 0.003924897308184018 0.09321329951633621 0.08970462592765809 0.0941291102293252 0.028381881659150336 0.09396658692837022
96 0.04330146521465301 0.01536086377023654 0.06372615037885793 0.07556531890571662 0.06716651388032371 0.05329989975000951 0.0479357586863403 0.057159521456451694 0.017490079336437026 0.06975293723926274 0.08019206797587207 0.04826378036684377 0.03584092185537741 0.01035761847196998 0.044251031368843945 0.06634297551006643 0.07493923368186027 0.019079716243739015 0.08009270713964627 0.029881438767491837
