0 0.07924493142987105 0.00963363038730378 0.06234579093811025 0.047040264784856976 0.054586230495974636 0.008217982974219353 0.09102543578230277 0.051664732531087866 0.08717335173059435 0.08483735389147785 0.021324251817402346 0.016344100379165012 0.04256249340693289 0.01949410636223351 0.08641111555940485 0.033425805800115095 0.03782278632835822 0.07826118643781539 0.05273198317155246 0.03585246579122126
1 0.07921011120398462 0.021175240320736484 0.08935798388339125 0.0021120373185689973 0.03121567484270348 0.05296322094192072 0.018750875601614047 0.07065202329615722 0.051230131413153 0.058259250907059607 0.002153794734629859 0.04649652956258981 0.11032361153938411 0.09288771352399604 0.03924003422006029 0.03822599836604912 0.042720018577606454 0.017099330109177545 0.06150972220977989 0.07441669742743735
2 0.06302918624065919 0.08530281785458994 0.08269288363029659 0.006245436289663766 0.07488677720654488 0.04011699365433037 0.0058454711493660175 0.08277998281691977 0.06510817090198125 0.042759192615893234 0.048612946695722116 0.03237861592130539 0.06374377980037071 0.010260612698953906 0.05628756012458338 0.04275860053781109 0.01855088661339216 0.07340728957391074 0.07498921214631643 0.03024358352738907
3 0.09435642829735295 0.04525575607567676 0.014098752567037503 0.025534240674591372 0.01897731909608378 0.05754170178628889 0.0849934761428583 0.00520605600941088 0.07565899418615997 0.08837305493424602 0.06672168970392539 0.07726733614971974 0.03143620203196106 0.06113619991698431 0.0797065240149108 0.09377569542183134 0.02987337718288426 0.0007208203597575658 0.0021298490679464706 0.04723652638037272
4 0.03209438081262747 0.028132478755211677 0.08789912191884985 0.11218473170331558 0.03311110574262802 0.012056200739383611 0.0365623239899103 0.10436913270074544 0.06919684299594414 0.017081810306038656 0.008850885658521736 0.048093958674554356 0.11404423717403002 0.07282678294717472 0.008737188953372414 0.019395299168210957 0.008951079747215427 0.10229966891207189 0.08032556085268427 0.003787208247509482
5 0.08475275975699331 0.024876612589231992 0.025331924628049198 0.006986602351376412 0.011396595731589024 0.06528209519898691 0.09050127413263913 0.09376562448152702 0.01524540501773546 0.05223996749647524 0.08569313957649999 0.01228534323998897 0.08046846851322748 0.10110010800377142 0.02810845781794014 0.09229387936910147 0.006688777506798945 0.01290114964506248 0.055796011714227364 0.05428580322877805
6 0.0768067876527004 0.07645601650484188 0.07658067977516145 0.04667963779549892 0.07076026061171614 0.028592242199930756 0.008644852247010316 0.07334178022238 0.0646094067386186 0.06460357780685476 0.06635449299720554 0.05539106011739822 0.048679633187816845 0.01651976227059927 0.050433684198597645 0.07338114555890171 0.021447039566905617 0.0006107285403452938 0.014841321441666803 0.06526589056584976
7 0.035412357615479215 0.08969967855948455 0.11025331317519631 0.03050629866240707 0.10422907382288338 0.06561091171119043 0.027315175000971154 0.015376124488630618 0.04403009813141169 0.02761246323998472 0.017820658117238337 0.021729730831314527 0.04781947634097912 0.02559444397923276 0.03279049538534764 0.002769651075916181 0.0826495276268188 0.04251934827087169 0.07033491589840475 0.10592625806623693
8 0.00682423312131247 0.003007215013581381 0.08489607034119033 0.00983820857801412 0.02484874903409987 0.05054141707379831 0.005587352151496224 0.06874345467611515 0.07193185649111382 0.0629745925506693 0.06381010325608559 0.04097014005788033 0.02169327975672234 0.05728712789347423 0.0973439570854743 0.1046840774732802 0.058623775077282614 0.08025042564313922 0.04941489025828753 0.036729074466982696
9 0.08591530701100031 0.023568015840820886 0.019804781716355684 0.0638205775837368 0.06632188814115572 0.026408008955121073 0.03363693089225024 0.04209046562249224 0.06265220332561762 0.08376745960007277 0.08653075725556435 0.06413520067660032 0.08448472671470579 0.005365179921012071 0.05146940082417579 0.010091589576957126 0.06224855246997128 0.02350844080008494 0.038461047761839326 0.0657194653104658
10 0.07642616761386481 0.009866710415210112 0.008719918749676142 0.010517795825560993 0.0685451594373586 0.0820689263270099 0.06209682640006028 0.030667713708675094 0.022986871921150096 0.02970135260567305 0.06228515802934158 0.05888601926216878 0.10067457138484712 0.010592503493767148 0.05292657597858589 0.013979475018636747 0.13339591010827132 0.049648988341537754 0.025656696758256818 0.09035665862034757
11 0.039191287240710526 0.07559093454145024 0.0746969433138595 0.04044610749114901 0.006388651625697704 0.025911084796663666 0.031072252357563175 0.06789894459526541 0.044544823875656406 0.04090361932425257 0.07545977834704207 0.07073788304936929 0.07184804237440164 0.0676223158563383 0.07291867924434349 0.01919483849232914 0.07478128572747023 0.012571171670772437 0.064324576537836 0.023896779537829194
12 0.06822834498484849 0.06997734090422777 0.07439864506122458 0.03430824867293003 0.025552166099806737 0.05154504998170546 0.07801238296017554 0.07980150529780619 0.04026287399435193 0.014738036976471663 0.0650343285825794 0.03956425070119292 0.07875507501406771 0.024040988120365325 0.06564418762816268 0.03100157144105323 0.07341843394888259 0.031382723872377886 0.00012932034549894503 0.054204525412270915
13 0.00038613127538734754 0.08813303554271884 0.03402454420575102 0.01810487053944354 0.058634972173551084 0.028831091229589968 0.01313306357526776 0.07833238557096919 0.09348688747183874 0.0813410905947823 0.08612608200498872 0.026287521549675744 0.035426674859111704 0.042225451906803636 0.0035901768544683074 0.09233914605251327 0.050130221993906356 0.06066630259684679 0.07630131931935806 0.03249903068302761
14 0.05477932863997046 0.08044413942815283 0.0039538527473210764 0.07036902543025379 0.04382177911336242 0.07848180413417216 0.07418868377861204 0.05980972277448475 0.04467421304232467 0.030166558864385705 0.011609733812311198 0.08064884913243932 0.04145602620706268 0.07067591255452836 0.08033063817680916 0.02508087346356798 0.04775362417600704 0.05161133761061785 0.026444388895758276 0.023699508017858178
15 0.05121883334732109 0.04819003502018464 0.05535631595955244 0.07842448716165847 0.022231774341111243 0.045101989123801964 0.08059502785427376 0.02867546407390035 0.0632198222320678 0.08222507666638651 0.0019537209936484876 0.05455235828248833 0.04358786386260667 0.07382294087560998 0.04943420225864847 0.04477525793505265 0.07826256917673152 0.06907972090019635 0.019961175350096064 0.00933136458466318
16 0.03170528965019442 0.006320665980962723 0.011027937541045798 0.05083381717600481 0.055291246840495294 0.10008943456455642 0.09977569466460182 0.0718336942219097 0.030314407748590334 0.007618790300823029 0.05106654869172224 0.09923766518456155 0.002595728229078455 0.07984953109140085 0.08048589013880578 0.00233657318520182 0.02985947503039016 0.08346143171789472 0.043043601883169275 0.06325257615859074
17 0.006586207959053014 0.006449046467471614 0.0753792726530373 0.07324636678441726 0.021380026378882346 0.009673455454451986 0.0002705764535082308 0.09492409434027929 0.06116019310416612 0.03937462914827835 0.09850959094856014 0.004812778393968712 0.0285228118997345 0.06943304249790404 0.053331323997563934 0.006461695024453234 0.09256468753724648 0.07412854527508565 0.09284377954364306 0.090947876138295
18 0.045628160120284686 0.0623817867834326 0.0900573411683032 0.010079530748144796 0.0838157565102832 0.040591965605579816 0.003264729505454053 0.06910921646067018 0.03049601023895378 0.004885341939175823 0.015269267774298996 0.04620562009201271 0.0028643531706267914 0.07144585330459548 0.08183773791993192 0.07897752555082775 0.07022715990072297 0.07826810136344776 0.06509468993831288 0.04949985190494027
19 0.0671982725973562 0.017599235577961517 0.00702749003769665 0.08397556942051937 0.0009032081611204931 0.05733482298820362 0.035123708997101856 0.02645478882884866 0.08416544462103656 0.10559578167422562 0.022852939460340616 0.01444563353150132 0.010127239261957861 0.004393603623054774 0.05659833362778785 0.08802204545752751 0.08491898431876223 0.07204347192648237 0.06851836233189246 0.09270106355662255
20 0.0205790047291098 0.07233852996160607 0.00428897242693059 0.06672279127308765 0.006565215808048774 0.038025837137166445 0.056235801351019785 0.10924378536737084 0.013219415863721818 0.07997107635001136 0.024603070190283387 0.028490147876258587 0.06327574988484085 0.09597359451758318 0.008480570466465427 0.02731283623534974 0.06536730814812051 0.09102235747332128 0.08167419505638598 0.04660973988331773
21 0.07545887350657245 0.028735862680858464 0.03917130315463143 0.05644765188946985 0.027584497162107105 0.07907261752887729 0.04606084235929875 0.02876339835624873 0.0693020550393807 0.08940657652989774 0.04327155632925856 0.019127064807060064 0.02463797748378498 0.08174930492763788 0.060905592464071755 0.08640037173374529 0.06349263457986498 0.044228896100415464 0.028919045201614767 0.007263878165203825
22 0.058451693632439336 0.028538880823649436 0.006525877980915517 0.004066168586392699 0.059422025166938314 0.05950537920969002 0.034806006291018855 0.00419363128556071 0.05326986721455404 0.08593323088629787 0.00022015202923909854 0.08620689303694715 0.08380857047339872 0.08194969278715794 0.03008488171152507 0.05344682138077709 0.0697940491090376 0.047179303628600414 0.08701430809201455 0.06558256667384567
23 0.06128825149125606 0.08301835478053006 0.040001874332544096 0.019395834328834658 0.03786936288227997 0.0589920638197242 0.08299456125531336 0.08314496149430343 0.06938904247402897 0.09581836328696572 0.015694035542504474 0.01924942232959929 0.009072506200799023 0.08105945870393713 0.06930055819036599 0.029367539130444896 0.013835082405134577 0.07506212841877247 0.03855934497165419 0.016887253961007712
24 5.715278425671798e-05 0.04069587303306249 0.02950422395481422 0.05130943909409925 0.04680484892402093 0.03759140063314209 0.07489671370644602 0.012057807598092846 0.03585259809810449 0.1156247570091685 0.009485062046326325 0.029202636473482386 0.05075667009684606 0.05169426906088345 0.09061950730258608 0.011045929778744957 0.12103403462892247 0.08536735388843944 0.04073251321840285 0.06566720867015861
25 0.03554316837538441 0.012107266915363764 0.048600280393512434 0.022037920139019982 0.10110479516382549 0.07498318869974503 0.00789978761813994 0.03440219167653159 0.04544647655227661 0.06868837985749013 0.010508462342772988 0.01608543501418204 0.10882055291418279 0.05755389714887946 0.02340026755333054 0.011007598332407298 0.096928410311737 0.00728131541834283 0.10621922974767793 0.11138137582519769
26 0.0549264397628879 0.09120166696864107 0.08373983416975153 0.02656136107362355 0.06009272034741228 0.05494995816505392 0.04696475831988527 0.05483918756258258 0.03889936743038354 0.006480201346066486 0.00929211784696764 0.018853212020166273 0.0508325309515975 0.04917398621726385 0.00704895242549149 0.031412421595856374 0.0704614299020972 0.0756596703052429 0.0744548472869063 0.09415533630212232
27 0.0691730291522125 0.00528002011257869 0.04823577240462046 0.030088806462737913 0.05028385483090166 0.04709199879033516 0.00035918541535610393 0.11043297213283425 0.027232929749058714 0.07958590784461511 0.01887343003297205 0.09974964167105893 0.08199029940847528 0.0035868410332368207 0.02614454886257597 0.09520621873359776 0.10305180519215687 0.020955411849430415 0.04774211495443217 0.03493521136681306
28 0.048130529291657016 0.058395404808385606 0.007609639786160702 0.06572716226132824 0.026060951143778446 0.031757551080339834 0.0561863270377036 0.026035608196370814 0.020146225771940522 0.08435210158420574 0.08460039765795836 0.09230280410344653 0.0913884494591065 0.031950000727075004 0.016389499909936482 0.08981795266330178 0.06783753846685084 0.04407402727840732 0.015475865445090851 0.04176196332695572
29 0.01299084393910291 0.05311448595459316 0.0036892909319643924 0.06173546341803392 0.027623237106580427 0.00710606646394643 0.02649526260732344 0.08056962904303416 0.10330221909643861 0.05464724665300271 0.03926269205088255 0.06890000361540588 0.013125016447320432 0.0834401688572468 0.06671478949834807 0.0708458916369992 0.09258324284846378 0.0147332489088562 0.025215994234711388 0.09390520668774544
30 0.03679958468970752 0.11374192133293265 0.005196867351562076 0.0448763911730657 0.103307865432513 0.01701048571092048 0.049128978376429724 0.06557337573617042 0.10686462981937637 0.03272978127536454 0.07247398550018397 0.005500608942241702 0.11366994894923256 0.010774841319464356 0.02107512926978989 0.053817522597087816 0.11989255394838166 0.010657009452639537 0.01270418943052701 0.004204329692408839
31 0.09789387321362054 0.016956033663771696 0.026018185069246323 0.0030709671555366087 0.07252640587996867 0.10213543222826864 0.027488883474781654 0.027931360726601122 0.10816987710684749 0.03456288632629556 0.08232476896602817 0.015979326515115803 0.009342941062821113 0.10680256876146486 0.05573481814383571 0.0740502147573305 0.01132440098802382 0.058478288854793586 0.0477575629562835 0.021451204149364675
32 0.05219236673866395 0.07331096544027882 0.02106691492045456 0.05936604548808472 0.05071837990582414 0.02799514875745493 0.08723316116982616 0.04105993502484747 0.013024958730293058 0.07926764965813914 0.04082201007592595 0.08793544304335886 0.06476748843985822 0.000620226402360352 0.0012654760297831932 0.08116978233588466 0.009311380092590615 0.09339062529629788 0.059008319886894325 0.056473722563179146
33 0.08389176726207544 0.02268351994739325 0.08573977730677405 0.026294693689250723 0.04359092914081754 0.044110474091659 0.050067613153184844 0.049703716713866586 0.026652107663986523 0.08049633276860024 0.024719657717290577 0.07432796090185192 0.06929663318573634 0.04083859864583084 0.06511058815833595 0.04957241232152775 0.0071181603371175675 0.08135259572866015 0.029252180755956775 0.045180280510083944
34 0.044479929134401505 0.08448994802663433 0.07029503582876474 0.056602168341067224 0.059844419472267596 0.03449033079049638 0.08576188563282035 0.028634633200272777 0.08102228811543345 0.03763701260144481 0.017401715080859866 0.028588954043937388 0.05844632669737267 0.05119250907409709 0.026363891875332588 0.025263733951486286 0.05653053042908777 0.04323406363658859 0.0306385447000861 0.07908207936754842
35 0.08163025303481228 0.03655593791139584 0.0658455017247053 0.029947868427229258 0.0745726436698063 0.08713664050190087 0.020945507880982005 0.06564685744882512 0.08136023529738791 0.03639741041783882 0.012869163405000264 0.008101360978786637 0.07426019571422249 0.028550088297791803 0.047103625328227615 0.04552720262663886 0.062365035010753786 0.027282075250991723 0.039140415358819326 0.07476198171388385
36 0.09199709305635641 0.027525414344649952 0.006995071475741894 0.005126085650040677 0.005267298825172391 0.02048005438776114 0.007319210054802913 0.04627643992246521 0.005643337281751524 0.007993196143372365 0.06527385120424561 0.10308209412036248 0.1050894582731976 0.11188844215289112 0.11256116268213197 0.003858264694373038 0.05664235959427537 0.09593284945152912 0.08304531259368701 0.038003004091192304
37 0.04863587414786933 0.005286192046362961 0.053870108742843086 0.07314810015904194 0.07633177384490743 0.02344209791305815 0.05165028750943194 0.023389986206959066 0.06377422062219214 0.06931051048410701 0.07832278476732805 0.00906685668916095 0.07312003304608351 0.06960928966488227 0.05841405871053301 0.002070663793312144 0.07715011945817604 0.0053503752946149384 0.06769784622676588 0.07035882067237016
38 0.07815222081961902 0.04051663958919009 0.011399672838200417 0.08877863843624467 0.01932136854241164 0.05265800583121752 0.026943319670351178 0.07649354172424512 0.07059553255619572 0.034969159331312075 0.07488950829927793 0.049719756878407136 0.052794412519877106 0.08927225818541044 0.019497286972979293 0.020776372046568358 0.04907634791905002 0.06294713842321904 0.0708103436812126 0.010388475735010711
39 0.059758522731219614 0.0379900708131368 0.09778189357884849 0.04046236622814833 0.09110002250381666 0.0226030729961693 0.02277582108248117 0.10351464578567121 0.03150139891620581 0.03162801356948559 0.04039752025244673 0.03303663908947899 0.015555591841525706 0.06122144226905334 0.01645386657829727 0.11466519462810992 0.030428996588274092 0.026148716995684877 0.07376110336635032 0.04921510018559559
40 0.03247858101808684 0.09364177552793193 0.03969838868408854 0.0034625788227060027 0.025751613337824376 0.043383676220385525 0.06273228738140056 0.006066246540634335 0.09986416779889469 0.019369405219968296 0.015831396620101218 0.0004986846071057973 0.10481624465972206 0.058058995554143934 0.10565293574957445 0.10324149488330091 0.09498201341298897 0.02898513732062459 0.033642287762987284 0.02784208887752974
41 0.04764557251954983 0.09115711696853525 0.0452022398359921 0.05167265732750119 0.07034761197462154 0.0722609796848618 0.08445687226876429 0.06387057032017902 0.007441492942094867 0.0620813750931689 0.03611882198163946 0.02127378855064367 0.05621700296256557 0.04418304318447133 0.023141005383639664 0.026652194511175398 0.022634092884854313 0.046800405426960956 0.039393164424868496 0.0874499917539126
42 0.013964785415025145 0.002924043821259819 0.038092699456474734 0.09696768019365269 0.042933182470408816 0.07602587385803863 0.08191727153564814 0.014667305938293811 0.08089392779321665 0.02303557702241658 0.06660382789116777 0.03010801458357795 0.07128153475891143 0.021537197700687384 0.04786237819694646 0.01778940826845332 0.09276862169494306 0.048079597502119806 0.09264023305666916 0.03990683884208874
43 0.06398138858741298 0.025475472261330814 0.09235234401525817 0.0013791589879215411 0.018383079070876093 0.05214091631452804 0.0947402888957821 0.021514589873784466 0.017705228223101235 0.05128572634534288 0.08232023531651018 0.06000093213228982 0.05287363211676786 0.07117360436285353 0.0849334732765674 0.07646769863577962 0.019799520032359602 0.0010163491073052072 0.08501547405442252 0.027440888389805903
44 0.057813172683153446 0.052043689396333616 0.07786700885196485 0.04064616316806624 0.07801956106732598 0.08080483221897129 0.024124247335559325 0.018135987950840347 0.043799818365216986 0.03684899382674472 0.04094029991932275 0.04668639647053264 0.002652123915117515 0.05588715746673647 0.08558520810597617 0.08487511335996442 0.027455801387036665 0.06018910742051817 0.010981612600061866 0.07464370449055635
45 0.03554053564849475 0.0193056710527614 0.003149227441153331 0.049091810615609716 0.04287979106135046 0.06057310749802837 0.08104315372676803 0.09377856249248513 0.05906704654871805 0.04350657441647056 0.046244785512792895 0.005294092630751935 0.06758563895833519 0.08993222738660338 0.08915873755466719 0.01891436947841437 0.007038938942000771 0.08387393224808451 0.03764737041697426 0.06637442636953586
46 0.0030767562383635693 0.09627325525905883 0.07067192386043401 0.05261826968329136 0.029113825200280604 0.07383727398784908 0.042567528397496786 0.020902830799739185 0.040306202402861764 0.07292414024269586 0.07481084412908755 0.025689055343710833 0.04175890320611381 0.06217864394841315 0.058054519620752476 0.0861542261699407 0.02424577098772196 0.0387534311230477 0.07804574768737307 0.008016851711767699
47 0.022216560537351535 0.03308418435872636 0.005580328320335998 0.08510234005488457 0.04456376993116648 0.07484219466857547 0.0006505186225381319 0.05806882596646695 0.08701819787537393 0.04123232220372828 0.07447377875150137 0.06749940692542987 0.019636508098622035 0.02694448591701643 0.006673703398453794 0.049840986455090865 0.0921434550113939 0.09509393812230357 0.05641997014782373 0.058914524633216905
48 0.005908271869403156 0.028305032513360112 0.05321609411147255 0.04363040156877945 0.0246678119797128 0.055279087256895634 0.059390828984965435 0.06007232856738035 0.03797596120394242 0.07094349253145815 0.07870266347595598 0.07737874584213841 0.04657984730777369 0.055561095526588763 0.0013963692533230303 0.07130453747580384 0.07263957158682993 0.033763196708689255 0.05708245116094969 0.06620221107457719
49 0.02043345153434023 0.09030022638896548 0.024837382046573486 0.10955156825812648 0.09147612795778841 0.03945659872049449 0.04789494564963793 0.03564465254261159 0.10222661248343574 0.02870713129878246 0.0030634538087181465 0.013923214611172866 5.158041026867931e-05 0.042040069574792414 0.015819204648163866 0.0862446395249995 0.07529069885215832 0.035992648967092325 0.07717575375472943 0.059870038967148015
50 0.0022411085203496613 0.08935911472157872 0.041794899063650096 0.0009356741655549735 0.014709381803256415 0.0706211104696897 0.07774458565405347 0.05160371311915894 0.07502068185638987 0.03424538881713138 0.07844387529279062 0.07871871305755826 0.08811710151459418 0.07618770282955695 0.04470691285673635 0.006540905638490979 0.08827699172444713 0.001795300949675675 0.03575368887368728 0.04318314907164931
51 0.03371379336538932 0.08819242012915743 0.043316063374900876 0.01300643857898046 0.09927136128905245 0.06027738261309053 0.01751897989248578 0.03956242537030318 0.09365679178375469 0.09000252053883087 0.009844716148589951 0.032004874227430605 0.00812637386168372 0.09073701848288954 0.03114570865825887 0.04647383327399633 0.003352390137206349 0.08405612117334683 0.039026081618256395 0.07671470548239562
52 0.05241333517637864 0.06493374708790298 0.03947170550989182 0.07951349138158237 0.08108808213301971 0.08604216799526311 0.047834987211701874 0.06754036413144582 0.006604000827602665 0.059111894138168156 0.06828269727681793 0.06402572680173922 0.001186885163417427 0.048851963055737926 0.034305660413865374 0.08788016170607604 0.020755004670889907 0.017551752062776937 0.06512006575636145 0.007486307499360605
53 0.09167446263747206 0.0831126761062536 0.006319449928276393 0.06753931361823245 0.04749241225265348 0.017065113188921947 0.06680980825082014 0.04522581832063169 0.027539709251635028 0.0769804369404194 0.014441976069701695 0.05723403054592745 0.0031627598954200513 0.05831367814577546 0.09492070783402048 0.02331378339643393 0.06423759915577332 0.05239042243120418 0.06077736092844475 0.04144848110198249
54 0.007640616631913166 0.05219408293829872 0.07814876806382921 0.01973233635877991 0.06791144616914745 0.010616653622059567 0.07179341933772643 0.05560583502178301 0.020071778543485595 0.06421855085003464 0.0673626305041669 0.03297838513123132 0.06970189813529706 0.08738593283804968 0.05568685677177931 0.016194640089324207 0.06030564117499126 0.08749377704507648 0.046033271804562785 0.02892347896846325
55 0.0037350620568229044 0.0340989236701088 0.03180611725900334 0.04768801511067024 0.005793357691466344 0.08177912123332615 0.05630423373840582 0.05201396082643933 0.04169959777487684 0.09140827331013088 0.05812129736214855 0.09614823872460043 0.048489264317318544 0.09193128396702101 0.05505595345931107 0.04627252572909883 0.006159662945024859 0.06391494723214033 0.027256260264278305 0.06032390332780721
56 0.004601806215260471 0.03163383347916365 0.10961559396053273 0.051507222234718146 0.0026620705831667812 0.0340039298577174 0.04972364707183925 0.021784398490525658 0.08562571249521443 0.026689782205561122 0.038263541127457355 0.08715427167071406 0.12456887122118648 0.05914412557950503 0.10104757560786932 0.11590009555805612 0.02366731064617035 0.030027469107424154 0.00030259334376279176 0.002076149544154756
57 0.005483746864873483 0.028132998243524623 0.05681957219539248 0.06685448459149969 0.07935106913752923 0.04622034189170557 0.07587887403059519 0.04694927885085868 0.08011289651552606 0.01424218761337919 0.02619322906537456 0.044912308889262974 0.027348051627034617 0.054415876282646505 0.031743888004124754 0.093648566918125 0.05545522624457482 0.03720216106132672 0.04189962388879481 0.08713561808385098
58 0.04790670568266132 0.0678828629379553 0.026365929044643036 0.07661313111947124 0.03250213839342997 0.03371944996701815 0.10645647716141786 0.010576217457950265 0.06021958003466808 0.013301145154927106 0.10649224973342654 0.027471070891624986 0.019041535431913198 0.10500523988555563 0.014255994222353567 0.09846505630593885 0.0461041393093076 0.07729297043624495 0.006452023880942103 0.023876082948550138
59 0.06299290533327043 0.009572672662791394 0.006865638861109809 0.09010596541288973 0.022563518578212986 0.06248610750243695 0.07834225590006492 0.035035424641756144 0.0520512110077869 0.1082413003976354 0.06924565315440594 0.04608982704879991 0.025633982230202888 0.005025752859958798 0.014134153412354538 0.09484927269819025 0.0563717528998795 0.0909671508131225 0.040786664084508685 0.028638790500622343
60 0.03493036632997769 0.0643810528560918 0.0843527796231573 0.08319519989307944 0.03888524272199029 0.06651804358665976 0.05064567729896073 0.04215833327013273 0.008510061098888959 0.07619627287012215 0.04937822228627956 0.06372426154307609 0.0036722015047244727 0.07858472114078421 0.015813981120019742 0.03018649242718932 0.07722746683843877 0.04745037155045376 0.024277883961322518 0.05991136807865056
61 0.08444292736391841 0.01736792597339694 0.03038452496342483 0.0015771271092912156 0.06887879331430251 0.06947647099643477 0.0700089358931823 0.08052162225926347 0.036229705206507624 0.011069994323659994 0.08354632415817456 0.085064367219798 0.0004051361020586288 0.044755110456397525 0.053905848610251474 0.06708583638529585 0.06354698289564557 0.07960863611717695 0.002823665068924757 0.04930006558289468
62 0.0428452000010203 0.004500867396105418 0.0844807063339286 0.036766769269234646 0.10378619311056209 0.010025486485346598 0.03545160479893546 0.016411852256544384 0.019879909548782257 0.07032559069084657 0.11021854125960752 0.05617462226876047 0.02038955078711655 0.06271943603132425 0.10781461669853912 0.04107871723905579 0.07326368318890104 0.02153963339400407 0.05335303799521656 0.02897398124616849
63 0.032832790800179784 0.07487070599830682 0.08998220054818196 0.08367282886541821 0.0447102548158721 0.047503965140637865 0.004001919187329101 0.1013983963393145 0.022759525931119167 0.041315823687301086 0.005989555294391016 0.06995834901177028 0.027313215516988464 0.029577148883659678 0.1019267094303802 0.043416488877895947 0.023263643164919 0.03803352164194235 0.022633355802951737 0.09483960106144096
64 0.0260830371255926 0.0007825079884988715 0.07236158575740437 0.0358360226873696 0.08274844202819397 0.06056991051680668 0.04242710993195469 0.08286130690017027 0.029577980582122396 0.043826710074305074 0.07921722796026885 0.00550383676137219 0.06025826733162271 0.09933916569916298 0.0014611171350805672 0.06761581511037572 0.04258037390943412 0.02086585883008917 0.09018439655300568 0.05589932711716941
65 0.0866372495197675 0.02289994649102439 0.08294407645417967 0.06183740483832997 0.04902880791093232 0.07499034208817043 0.0926185416167598 0.0020931939431799783 0.0012039425937091241 0.014446051372341548 0.06528563226150168 0.08207687917924869 0.09875916508523007 0.04053883072426106 0.06359934611939053 0.043461651571623704 0.07382441017583347 0.04081887615439558 0.0006242215039373301 0.0023114303961831073
66 0.020833940211706193 0.07872513778399588 0.03252336279373152 0.04792435172857674 0.03118010821443059 0.04029615368400621 0.036915680838871014 0.08308106459943618 0.07290479618737247 0.03525315642854506 0.04389179988453211 0.050391809259847924 0.014951580939579713 0.05488072005786974 0.09350079142800324 0.09254924452797225 0.08002797987882422 0.06578325932924368 0.023283871498885472 0.0011011907245698745
67 0.022603477397881717 0.013328738652253239 0.07690829360919552 0.07452540854562353 0.027813953031970234 0.07201448391043999 0.09070522317370723 0.013193792969204103 0.026427881890096053 0.08090341211997824 0.05235672980752296 0.08622160797236213 0.04093552803116094 0.08432841075674935 0.04331384214116808 0.0842735211090807 0.045381326405941544 0.005376730579124262 0.05791475198963767 0.0014728859069027297
68 0.07467019928968287 0.07548361336515973 0.0070797398999497005 0.04873071282358036 0.058820099292463734 0.0460759640323914 0.015034682457324281 0.027327167867480268 0.07680924186227016 0.07270793056547037 0.023882380484896548 0.04541549304566738 0.05860480849612282 0.009753781711805663 0.005649557603947588 0.053786476125529926 0.031667544091508217 0.08798431019465122 0.09261270211652704 0.08790359467357073
69 0.026352743398588282 0.006428367940687143 0.03984781703313891 0.03181849291368952 0.021696755668516338 0.056948136356090494 0.07268827744424791 0.04191641271248818 0.08372174544056335 0.08110364246457596 0.08759698257170102 0.06392650188905383 0.059692053378878146 0.033881859505519564 0.045861650133018655 0.07543989916068614 0.077504535825451 0.03885283639878374 0.0161253155570959 0.03859597420722581
70 0.07587060264765706 0.05809096351466517 0.08034536791557476 0.06597362010564485 0.05633438585938124 0.0700829210717666 0.008574803180191841 0.0160485514043057 0.01979393302428788 0.041801148263582354 0.08582229714906388 0.0160533088644801 0.07489469421734317 0.048133669914518735 0.0764407867960908 0.025223255200374904 0.08582467620058211 0.049372609891678486 0.00446579557642094 0.040852609202389485
71 0.08630474642631622 0.09332416963242478 0.02977027320906574 0.007475566288456448 0.06545909292024232 0.01667106416371783 0.05289163311482206 0.06184324619872441 0.030248252657465873 0.08250249225677847 0.025171701208893782 0.05388610055146839 0.05564969629410835 0.08508230754291493 0.08969126487216585 0.04767291633484138 0.028119789458445822 0.013400961234188293 0.0034838270427956985 0.07135089859216327
72 0.08261080514641725 0.06820281233572964 0.0736695354937195 0.05475062532500844 0.06826084182920171 0.05521470575309013 0.08321593158281816 0.05320898656424473 0.06905024686902905 0.00845189682060289 0.05007943588738678 0.02910925176655976 0.03480347557689976 0.03350326929456743 0.011055170063720534 0.05586503086886415 0.05613514111963539 0.07787406974314931 0.007978504703677815 0.026960263255677495
73 0.007093161752737737 0.05752906544192426 0.008560563986472975 0.09445108228511472 0.09188450829409985 0.08368126236579985 0.029375991393276898 0.05531326144789084 0.08099423124820813 0.033569632439917826 0.06640529510655939 0.02558760471863024 0.035892360970950145 0.07907861748912261 0.053026208621374166 0.06091642986159453 0.045659435620026875 0.04610670089485907 0.022996020378975007 0.021878565682464872
74 0.016631409323014636 0.0843112642706731 0.015795956234416923 0.059912510270804624 0.027364966388783253 0.05192488935095634 0.003564527409764253 0.08154925577919088 0.04466746172581643 0.059329886714753026 0.07715467497667092 0.07312958630429435 0.057795176492549186 0.041168122997145104 0.0695059697490339 0.027932306274394417 0.06468705861993343 0.06921179906099299 0.0280462639681974 0.04631691408861498
75 0.03147952996463092 0.06224303923498324 0.05776681541641033 0.08650318307898791 0.05286107730409626 0.08263402117180532 0.014686105604294139 0.004651981235523844 0.056508371770370415 0.014842772820170514 0.0654266132110728 0.02074750822084885 0.0782374450249661 0.05082755917294306 0.0681557492638592 0.014013027942611117 0.060156185025323175 0.08255612635807895 0.024780094603401876 0.07092279357562199
76 0.07227821231397193 0.0750204509010269 0.07076614891808054 0.06863876325943168 0.0827464634482461 0.035246185205011396 0.01836620762656443 0.04641805771413236 0.006027552152932956 0.03038631696096873 0.017405790728710697 0.07220872677347139 0.03174324618740508 0.009638867195326424 0.08092129197211455 0.06762530996434074 0.09092674726565732 0.025809780373422585 0.030238561625398595 0.06758731941378558
77 0.02864242485695817 0.011092892735411922 0.03975113215014415 0.0881913741051905 0.0332079176719953 0.061354986400046704 0.07285439560924548 0.08441495719330908 0.005085801100186638 0.04098285099086644 0.07516651506796032 0.09301279397270176 0.005740514758368579 0.08089973980700882 0.040170590043702124 0.06556489998202615 0.006487865226997255 0.006001136674725796 0.07396625252225188 0.08741095913090308
78 0.07271448127087005 0.031250645165693224 0.008648215945788615 0.08958120482732825 0.006158074875183727 0.0912046889453907 0.049349658695432105 0.07447141269490982 0.04777855885208225 0.08566468126145417 0.0354678155715401 0.05650949834667143 0.06548560652884355 0.000741717547744204 0.02602299189404548 0.05082835417787979 0.09136924486333317 0.002814629236467196 0.06619598905820111 0.04774253024114102
79 0.08453149850344355 0.07783871942662697 0.04230070327727951 0.025131360106826758 0.02420562576242584 0.04080039220701252 0.052352457335850804 0.028683833326761523 0.05518981001942635 0.04310141239425017 0.08521465283466126 0.08675433420720075 0.08574401127441375 0.06565942535040646 0.05877447061191504 0.0048352181388888575 0.010215077934375845 0.009657391113378435 0.05330746557915454 0.0657021405957012
80 0.0855508131135063 0.00965412075448412 0.08083348940647275 0.06308309301064938 0.014533673457540587 0.040214206216482216 0.09065751201810875 0.0038595871407228984 0.10245428389336328 0.11424909328570824 0.027805246955480197 0.11329459868556024 0.026454404479959528 0.004985803772923167 0.011175480079503516 0.0894383469319468 0.0028761050778068342 0.07092696431400612 0.016014277513356743 0.03193889989241845
81 0.05203828211956876 0.10189627560911871 0.010403869562408755 0.013708110647329921 0.02684515419722918 0.044909176021421235 0.07502118350348365 0.061182958752062866 0.011703526859823886 0.09230464074963496 0.0038054878553552816 0.11300060154498406 0.04544637549862199 0.009185237931062764 0.0965986654944224 0.02886813029634913 0.08239809658564017 0.043843238892555494 0.04097544449884281 0.04586554338008405
82 0.03119353409407616 0.026554371429459878 0.04144727003004131 0.08333012399570125 0.08773447429003932 0.007214970440431382 0.06904664773940644 0.008169037351228058 0.07902487774726598 0.0008016509511018622 0.03618256101018224 0.0624034177298068 0.05037783675993515 0.03770294708014615 0.10509628072661206 0.0379030510037065 0.03235962042747704 0.10126947229188395 0.011220117018437838 0.09096773788306077
83 0.08279552953224066 0.024802522060768408 0.032375129342121105 0.012004654011096199 0.0011811950329210807 0.07033227700287964 0.0421434352068456 0.0012945640528815184 0.08913442553259444 0.01757078200742935 0.08208087185626439 0.02669086709813593 0.08733230409118978 0.07812349980777145 0.06315985669676613 0.061231883488413866 0.0488917209082777 0.014614840640714596 0.09662433397547512 0.06761530765521286
84 0.03439265659843101 0.05596327787057385 0.05027381100627371 0.09297546907873706 0.05687768997988484 0.061565951558509885 0.004263704771089934 0.028346812077545573 0.09708367959341083 0.10276856086357779 0.012865010340420143 0.051929051993458805 0.039087802623505974 0.0011310818345532168 0.09829878809588395 0.029591833950430992 0.0013037001421748998 0.04456602825672685 0.10316721851812999 0.033547870846680594
85 0.060641972477517736 0.055264261001584186 0.027717054400533066 0.07406222072214876 0.07811587616695714 0.04979701960277597 0.07044147617453078 0.004675944492072206 0.0664479438227157 0.00962880777456284 0.03351877946927056 0.021094838248492193 0.037417336648481424 0.09166253712535204 0.0013743666883501448 0.09107816549081565 0.0534266564104897 0.01831376571373418 0.06476607175594334 0.09055490581367248
86 0.028814157226130566 0.07516095461096262 0.022214488706108704 0.023194606699930165 0.026028919677938727 0.01016013806335126 0.011983433156385366 0.012483005233668779 0.08774530636563345 0.09695746583338197 0.0859657761497923 0.06467795339330738 0.10158269144383537 0.08327772875277334 0.05094175814924085 0.052354650731828094 0.06630978743413307 0.019311050160261693 0.05340869271073595 0.027427435500600218
87 0.041629739447949184 0.08508374171192871 0.1097860768995859 0.03949641453456022 0.016613228210179125 0.10354691055419057 0.08919151550002542 0.009314399679126437 0.035697476292316246 0.004289738863842072 0.007278214292362352 0.10027120475939735 0.10164971650335766 0.06400816121771595 0.018767472803061392 0.03667250988514771 0.002732190371470564 0.029371527026841166 0.03681929936522189 0.06778046208172005
88 0.003618978060185091 0.0870447503197004 0.06458299143215195 0.04037120221533691 0.035923925962826994 0.04918355762154474 0.009804869850261685 0.06251839625794607 0.10130687029189525 0.037830801678708253 0.03717753505770011 0.06315340214276616 0.05876783498036746 0.045625463358353845 0.011589875588868566 0.08417125314734793 0.058882827502793736 0.047044694179937854 0.04214501638772187 0.05925575396358492
89 0.026493849631064326 0.0704353275458055 0.06198387296246188 0.016106898352544825 0.06385134246076335 0.02417234173919183 0.06476456823999675 0.0713428915822712 0.07513345499037699 0.07746689788604808 0.07146152331816247 0.05668011462323427 0.00557801225060409 0.048461890218598896 0.034124656437927316 0.05829529621521889 0.051705804820231356 0.006872102284675266 0.058349660484698224 0.05671949395612424
90 0.051292542131420586 0.04195108175193745 0.064550730012863 0.03659038643774122 0.04077756116959492 0.08186317943698046 0.01596421464844122 0.008415232492684235 0.09405591780976665 0.036591638692612095 0.07669574902042833 0.03682777731111513 0.0819216278087416 0.06307093116807594 0.0676339903342844 0.06924963759762975 0.007602891479000573 0.06405000262069717 0.011659108602002321 0.04923579947398274
91 0.02670927520155477 0.04675713162159564 0.061929600317493845 0.07501211081809975 0.061134932210387016 0.021658023190466395 0.05350617212438741 0.0794555890175583 0.023450245143421432 0.030004667309417393 0.06994539097092803 0.06654699459915622 0.09878053624965301 0.010252282838479726 0.06452551900288432 0.04617941408951754 0.041727992710813705 0.03887330144655782 0.032520362807313075 0.05103045833031462
92 0.05718513688657062 0.030672005341058656 0.06440179692377776 0.0700786724189923 0.05419762374499515 0.05795941551425052 0.0450717495456748 0.042322917347872586 0.07799171524847218 0.04096800052581042 0.06877527234762625 0.039594565959726574 0.04558079757123302 0.03989526793556039 0.025186391145723835 0.03956936308947862 0.047013059975291434 0.07383348636182402 0.07503505421280839 0.004667707903252491
93 0.02695171083779044 0.00016044395673764695 0.030650573722030193 0.057416846417193294 0.05091881932079069 0.0017614179230608167 0.03432821129996082 0.10518451165539625 0.0450118451540435 0.08032451218231558 0.004806620815902548 0.025323105254406262 0.10068257266593036 0.07251338901151426 0.0073649246266462584 0.07671037636492949 0.0740565752962594 0.09055828974996366 0.03145254284945653 0.08382271089567193
94 0.03628548640654017 0.09602063147714346 0.050162668759541715 0.10040687383215356 0.04161353631077644 0.11144622998359255 0.04080474649231628 0.0009575534633005079 0.06052849890588164 0.0018699140905941041 0.00953945377248882 0.04613815407312182 0.015614587925401015 0.03415170572681884 0.10605613311747733 0.04107743414141163 0.020970612916367717 0.02701747285442068 0.08520054595292467 0.07413775979772692
95 0.003932026771719792 0.08712821718957062 0.08846429383512595 0.021792651402453334 0.0013071215317389969 0.09191936596625819 0.0782008025570895 0.025318359733371897 0.0038055013185748754 0.038833869687201206 0.05987870261822777 0.04858961744270612 0.0881367292782646 0.085257431955659 0.017619674156713117 0.019941580904668306 0.048461490448995434 0.10459781216693076 0.07369953280676869 0.013115218227961608
96 0.08895797158301365 0.06416790052232835 0.04342641558692706 0.06104927242314579 0.03718161557182414 0.0641339871246376 0.04368365501090439 0.08080648149992088 0.006529791111730886 0.00891103101520049 0.07953412234708297 0.08109890290356774 0.07591940858100861 0.03755192617244412 0.06240965097988644 0.06865833602882082 0.0421439860669331 0.006433006311300807 0.024966302180015096 0.02243623697930692
