0 0.06349526597780376 0.0908095941722543 0.03508258273209997 0.009948223278434648 0.046872746449293894 0.058660988828831355 0.029089410289430875 0.010818118930369441 0.0597692005004116 0.025754120667748216 0.0627307867265124 0.09643240121993117 0.08162025909701902 0.026029543950619707 0.0029767883262835295 0.042866291640269186 0.06674035590222203 0.06808157365385024 0.07239083276683628 0.04983091488977824
1 0.0026197282906617156 0.07532491596385062 0.06659616247005086 0.05556897220650659 0.021486184295216523 0.06982478322104492 0.03416489202044009 0.0720174546054183 0.03170476694386722 0.07631049416108486 0.005622547569579585 0.07706421971644607 0.019203370034022792 0.08474183628279364 0.07778903170901326 0.00631447415475946 0.07724455875687755 0.05437072462586613 0.007618125660549954 0.08441275731194979
2 0.01797274334418648 0.06493970090480429 0.06381677685189165 0.07724549378122327 0.05678118654963553 0.057422778392839 0.010422659837477406 0.07345806045690387 0.01912844553135537 0.03576643752344856 0.07042312788181064 0.06736472829995853 0.04975268037167434 0.033351948522295234 0.06225141767754439 0.0325775291134781 0.05628985842358729 0.03777975702203135 0.036206214543370696 0.07704845497048395
3 0.08916848186191137 0.05380778015621145 0.00634282068713244 0.09452127124726192 0.08579061646132005 0.1083494795311145 0.007314356230744784 0.021025275146127162 0.009256752598126567 0.051508270393347835 0.011203524101873892 0.07511739091827473 0.0756907186083855 0.033730363367202504 0.05164985461811876 0.04684518243697896 0.051316642425973905 0.0805250225254226 0.03455438367020185 0.012281813014269281
4 0.018754988561818217 0.07548833421414917 0.07111925394531855 0.011415777251275256 0.0242367264474428 0.02290519142712253 0.027852260680405205 0.07548279171545039 0.09063962593834422 0.04512996158010979 0.02386186578560133 0.05713016344034228 0.09450882185221061 0.0958163543437199 0.021740592013006925 0.008019545908997715 0.08808227229420024 0.09406484739034106 0.015047789012976423 0.038702836197167384
5 0.04921029874097395 0.06186463065944991 0.04475847954515239 0.02218378877309369 0.043408305416011136 0.08552313641011657 0.07821613429559378 0.0444270263274344 0.0706164349207531 0.00741535274063799 0.027986553078128504 0.05322678479837834 0.0067003793383691385 0.05937782874942042 0.06513003041252947 0.08497999906845084 0.013379221397401777 0.027377723062044394 0.07069731472584578 0.08352057754021452
6 0.058895540280252394 0.08049962482166363 0.0012600468494012355 0.05644722407779234 0.02927941377793235 0.07948394406424317 0.04002654833925313 0.08471298948081397 0.03811097189185296 0.012203627490357265 0.037253156173537076 0.04476946549243283 0.10318865648321345 0.025237641792132906 0.038408872474396054 0.0523328662057557 0.08665543391555713 0.06413468557233686 0.03532838146769631 0.031770909349379116
7 0.03025360888826138 0.013792415281140925 0.04014887438744538 0.02372362410974641 0.05273726722243649 0.0840580146428268 0.07721273339269487 0.06147105194015109 0.006204909032990966 0.021790842675613348 0.006738965930015947 0.07801272465278483 0.0592670200379804 0.06780623680567222 0.07945178606148207 0.08042915122496097 0.07288857251919803 0.02268903082270367 0.06952458387042518 0.051798586501469124
8 0.07604861662951423 0.043853256710670974 0.07914641264512633 0.0013102040002435215 0.013365642357586967 0.06830342254075113 0.025928659033042645 0.04089049296625656 0.0027367589782307284 0.1083039084099317 0.02867074962329276 0.05776085350266194 0.03611644013571306 0.02341444704945296 0.10626744306174395 0.042344693747158275 0.07959468811234545 0.08532439851410628 0.07508697766506837 0.005531934317102093
9 0.07115691232353767 0.015362338784924325 0.0671469995083933 0.053665767209543795 0.020078942264199394 0.042977025567210204 0.0583872539768261 0.05211514991005749 0.03398223048529531 0.07995478528960896 0.07345653057703357 0.06463672397805274 0.06254004217990784 0.060595328667461465 0.06188435248051467 0.05680830266516669 0.02387240552451926 0.05025325972055422 0.020421641094735474 0.03070400779245764
10 0.06731744924032179 0.06128018912970407 0.08366767758082627 0.0018127829050756982 0.08595455289514492 0.09769491193336097 0.07105030107919066 0.04033450023871971 0.01733011884169453 0.08023728214653832 0.05632138524582559 0.00727307598520256 0.06487315234919083 0.0016599094333431413 0.08063498666645537 0.07905430013319718 0.01697678804977523 0.005530711374608958 0.0577668982448696 0.023229026526954563
11 0.05897127081351482 0.018394888174155168 0.08386395533444492 0.05644008418476032 0.030417505247687625 0.07331061038285855 0.025975107655287044 0.009882227562680646 0.06957489282893602 0.08315746582647884 0.10002921097300635 0.003957336124266574 0.004474241626404339 0.021384816993795252 0.10225224191882633 0.048731889754554204 0.09161328985439397 0.024385085355029593 0.04656877547034044 0.0466151039185791
12 0.06351193382192931 0.0031212804175331493 0.009058010149390549 0.04364803538917817 0.009434825533999026 0.016563805315010345 0.08597081770613203 0.0789484235444074 0.07476945039848167 0.031531476989174176 0.09752467943248715 0.04015430224404384 0.0750903312223846 0.021190161029652987 0.05582834127884853 0.09390985655251276 0.0965889494249149 6.735318265716582e-05 0.009482629281802428 0.09360533708545994
13 0.08514133094841812 0.07154659426132257 0.067764845820868 0.04477808768908536 0.03763392620997646 0.08493699258329324 0.05833316579693917 0.03579231239824545 0.08625236239242454 0.04075268431705899 0.012122344366913788 0.02132286147370625 0.06705644912638378 0.016544376169005417 0.07208489119324041 0.010265077120053178 0.07401854217481627 0.059263960528685815 0.04357825902410502 0.010810936405458075
14 0.030673812696919954 0.00360086284954811 0.09855790438845462 0.06416204469705854 0.053613209900535065 0.029112549548355234 0.014960119329690602 0.11177252129900205 0.0008157000523980541 0.011567457531700867 0.053856914320106884 0.03418128564441009 0.06624139725141083 0.07596664251991601 0.09337614849790743 0.11497621307194611 0.07700394485868158 0.03549462861936744 0.028638877796601025 0.0014277651259895492
15 0.04918444078017384 0.06421277392142245 0.05775471983690734 0.037885371322229945 0.0093510541609796 0.07891781597749917 0.08398352525561079 0.08229191208816844 0.056234861581815794 0.005484529155469144 0.0021294742571340234 0.043061563778368304 0.036396107501579476 0.07230488391321 0.007895488090152026 0.08860219521036329 0.0859046655670245 0.008071618282600786 0.06294723870719622 0.06738576061209489
16 0.09848719905607754 0.08802303566995762 0.02800033074785155 0.009480748016041273 0.09150957484726087 0.09350329199444272 0.04650247072858065 0.028668193351739982 0.03370610080667938 0.036900158686238214 0.07713907375338037 0.04741019545579592 0.029007559017823332 0.05485236808792465 0.07438042161528079 0.03919512757538535 0.045195383731831844 0.010913713692539984 0.045175355340458356 0.02194969782470968
17 0.06389376167593978 0.12415046745019723 0.006137159533956122 0.11948629230554056 0.06584733214071845 0.032886862826339014 0.016233249643503193 0.03407025370252743 0.008533261350474034 0.03027101505097963 0.08866029319613003 0.03923094348693784 0.044532104781261975 0.0072983072756694885 0.0787869703906161 0.06589606936958987 0.019155515323580036 0.06303974398663485 0.024620581222301274 0.06726981528710321
18 0.027969160364042133 0.01433091646663675 0.014066528761383508 0.009361089255433325 0.036730345293771706 0.016489274286600363 0.10465845119403078 0.07514196644037334 0.06016643689321684 0.04149976623038606 0.10499646507404649 0.007471565622526789 0.07748422678439174 0.09026084605585379 0.04005641778259045 0.01824761024872047 0.1134790160610687 0.07104907272982665 0.07396444596516431 0.0025763984899357588
19 0.02651447645449741 0.0024506443638185717 0.04051077842694407 0.061820009695604264 0.06987279128210074 0.07034594374652135 0.06322550283410146 0.005020925324345195 0.09690743593845386 0.05470717015964978 0.032176661978129434 0.08820291333924596 0.01861730320528122 0.011390616407549032 0.05502594627912837 0.06156337011578161 0.061992227757714895 0.009386503489929619 0.09191975091335812 0.07834902828784511
20 0.0240322265999083 0.06930047683074789 0.059241230162321704 0.04819177055140745 0.06501661457945686 0.046579034602339114 0.0375990689472279 0.08667946563723457 0.06542907352314827 0.01943240382178071 0.08056114347270313 0.0896087621988345 0.057242875991850725 0.048023425683296435 0.0831806671373977 0.00510864981112727 0.059175900534704784 0.01720872280250372 0.014975579882634048 0.023412907229374873
21 0.10467206705189915 0.014952852872961296 0.10091929894912585 0.07150110882890612 0.05155972045778095 0.000747314388276656 0.024142311566664097 0.011749030569362716 0.07493747902555478 0.042293310079504556 0.007954672384242923 0.09431066829348428 0.006379100931201002 0.10014285694976721 0.09799209085662305 0.08961857228776232 0.05558851486641325 0.016266969884408608 0.006292534314417903 0.027979525441643095
22 0.052417057730600715 0.07585623154998841 0.08667185120891896 0.0018129050238456337 0.08121704577904298 0.04082753657459854 0.08698784039005311 0.003151967375831221 0.016689205896064395 0.06343111299388733 0.009001883266499172 0.01854660555327722 0.053717080518600455 0.059578285189939274 0.0918559295292714 0.08402531618032805 0.027710283459506425 0.044387252420818486 0.03816812522002105 0.06394648413890695
23 0.024111634945834643 0.06030924885690534 0.059878688435625306 0.03082576965108505 0.07235905125377495 0.02269428532810375 0.04136593792189672 0.04067764825198387 0.09042289320448059 0.015615105826259445 0.06450064257711376 0.09188557901859697 0.05335238805156322 0.05669203661674928 0.005350815910307003 0.03099551948637499 0.05945942582807256 0.055465988797047304 0.03381488514683661 0.09022245489138861
24 0.05855805491809009 0.015109454646165298 0.027173578551875997 0.07407027463914241 0.07732405006295394 0.032902408022868986 0.0010583700343257333 0.11789243013162594 0.02978926367082716 0.08452022836375019 0.05241482011755912 0.04602207225232813 0.04001867490086532 0.06485753071818172 0.09155463860244506 0.030885638843480355 0.010579087818349715 0.009625703831775252 0.07726808172935618 0.05837563814403337
25 0.004330946469642928 0.03207167893967205 0.09307419006021814 0.03262743155378629 0.0022713328923415414 0.09331384401553441 0.0634693010651105 0.07143689863807269 0.09348115027294394 0.04520612639973005 0.044211708603424944 0.008831740543089387 0.0839762954746614 0.01962353332327595 0.05501938549946222 0.008387357497669452 0.023510986190201377 0.08734584667634561 0.07217313312744017 0.06563711275737681
26 0.029774349644435552 0.06724327286930999 0.016317798846222264 0.039907017087926364 0.07024136945989486 0.08375203285195354 0.02449083402173322 0.05389711138747395 0.04403185837302151 0.06491384127302001 0.005527985342245876 0.043071536744623655 0.0439547691496718 0.0890396987453231 0.06822551915619228 0.026581404408113386 0.05375106585571012 0.010918528510109814 0.06802883427961584 0.09633117199340298
27 0.009355975791334587 0.06578507277520643 0.0302303787515303 0.0059652623317088885 0.005564977999367267 0.00466831448472581 0.08334681658473193 0.08667448138810313 0.026732358671368587 0.08047351635804355 0.06039239853443138 0.09169327792518178 0.056333191485426336 0.07080323944039342 0.030148271150876968 0.11191876937107154 0.019948332607593943 0.028373673811042607 0.087808948158238 0.043782742379623305
28 0.06574620006703348 0.09786822584036735 0.00554009021849295 0.006637668056153627 0.03888629325296579 0.05761213869488332 0.026277852132279626 0.05075947022782815 0.02047200522629536 0.09585009677411829 0.03999855286363345 0.03006785228434287 0.05030028008996787 0.07481112706988302 0.010031326908553982 0.07014886203006383 0.08257061354893375 0.05236117239535521 0.06076456013723081 0.0632956121816172
29 0.1004633185283051 0.05977855695025597 0.012540058411512822 0.02540850664993948 0.050963590066484814 0.08927089862714466 0.08443603590061541 0.0501188945758543 0.06261552352122596 0.022639826518360634 0.05585225954450048 0.0458893046310284 0.07042475804480594 0.014350918389156095 0.0382325722640676 0.05365386837579496 0.04452448144686527 0.06736803664547783 0.017559800579309184 0.03390879032929494
30 0.08667617226949463 0.11147915414443452 0.09293837402575261 0.09702900679661312 0.03485019904376735 0.03253238197568381 0.08537564051972424 0.0015224334068683447 0.06905994636967452 0.019787203752191538 0.009305591024815816 0.07473205350727798 0.015513164943945865 0.014927576112773481 0.03035029105947687 0.09059141958524307 0.0995776876208518 0.007279393720847377 0.006056420763559427 0.020415889357003704
31 0.061814417760193634 0.06387796740399364 0.047586701516702884 0.06112665268227308 0.06046282639250998 0.08612887686513673 0.04866838614555827 0.030500385663617666 0.0858086134797346 0.04118595797269515 0.03143201505744444 0.007974307177026012 0.02447116348469081 0.038874682932876284 0.086895428560379 0.04588923030593045 0.04407969057519336 0.06741022052777666 0.0029973541274288464 0.06281512136883831
32 0.04532273125572089 0.02423543470466257 0.06613438746391775 0.005737808546067702 0.0032419634409306345 0.009828687188884303 0.07407266593840756 0.02250965555438519 0.10129585545928121 0.02861671497649123 0.06735318849429256 0.09945088259871931 0.02693386651386933 0.0673756557212388 0.03985086574668381 0.07332173893213102 0.012619293119160394 0.09301616193371233 0.05676167543567598 0.08232076697576748
33 0.060148194099402995 0.01916184512086614 0.03937281940866899 0.03444870684498367 0.08102275459687638 0.08590133655694872 0.08603039142932489 0.05936914406455651 0.05622613781499391 0.01385271098628402 0.010958227960279739 0.09234883656813135 0.040157931744098846 0.04199632202058094 0.00012116054804149492 0.06515667293674351 0.03805053427746414 0.04801958645281373 0.05945157887785344 0.06820510769108667
34 0.01925693506583273 0.035203376028433986 0.03445070946810017 0.029038273511818386 0.06975417234978103 0.028996103766280815 0.0006646377120973423 0.06570090191119773 0.025845569243962876 0.014210896566836967 0.08203586093612923 0.0721096055588423 0.089141492694444 0.030223079372512302 0.06345148277327188 0.07598955200003088 0.04487913081072394 0.06153874610201402 0.08761880797948954 0.06989066614819968
35 0.06347431027362313 0.06666321157713706 0.061484323316788915 0.05699092253789529 0.050709202873223204 0.08457903529910646 0.07228128630732442 0.016439057686283093 0.04268302691805706 0.012035679346317798 0.041253872637635164 0.010183366509536074 0.0034943998269367626 0.04318938457162733 0.08361792495611446 0.06738596476586511 0.03333267393956936 0.08957435020523129 0.012726242239364952 0.08790176421236313
36 0.017395617723212242 0.06547631887489148 0.021670804949448716 0.023332016606261066 0.04677456900497922 0.08780172304983594 0.05291649762371102 0.03562463807314712 0.001844406914648225 0.05313854709030486 0.05088044933443052 0.09429162283428191 0.0807842016140911 0.03963611901358295 0.008143749587077061 0.06131509787517497 0.058653752515458804 0.03797039061471713 0.06833064286308811 0.0940188338376576
37 0.006804190107207323 0.03903547152500129 0.014358109889468488 0.04206371337926578 0.09069611142519118 0.0011510719432184214 0.03583242363445663 0.07734135381690792 0.06371832253082813 0.08937292163108873 0.0756844047348551 0.015602550675913544 0.03973312520433814 0.08467304858918594 0.08022686082494451 0.04465075648175983 0.05425474093181146 0.09064312201206655 0.006929016764208165 0.047228683898283094
38 0.047436362808819285 0.06707907911366467 0.006238159190596531 0.04864762096964119 0.010702482253013557 0.08200077468913326 0.0037479655651137646 0.02376908632105274 0.08500323873179538 0.07831073954907279 0.06479917444541367 0.08790075052678058 0.015996312391106556 0.02499419256149926 0.05710021448451352 0.09749973217282969 0.0946883735820819 0.05627513629944632 0.0038079070666356294 0.04400269727778963
39 0.06336585885576933 0.015620124569090075 0.0962526209655872 0.05634790337507038 0.06865155751640109 0.02028508165773132 0.018366998152682085 0.03537578231296609 0.0015420073680161737 0.10083302960599451 0.06465406051011253 0.01616335694788039 0.015414572697633539 0.02884908212225421 0.042998908246026576 0.0547361524094809 0.05569284101148333 0.07456138389217384 0.06148594626960982 0.10880273151403647
40 0.02608907774681987 0.10430730327087372 0.039308927795710255 0.0867521751985422 0.0716403234202744 0.011688826054813264 0.02348526593827741 0.02146195966512358 0.07982488483308342 0.06393655386923787 0.10381065724526614 0.017582074072806996 0.001662788169607338 0.08352733420180573 0.0922096487180745 0.024127939795721563 0.03934298600697593 0.10328514836165761 0.002173083528980895 0.0037830421063474026
41 0.07817652671745637 0.09711950111636451 0.032783208785989795 0.04967939660115027 0.07480464248845686 0.0013174265875327965 0.08753595491742593 0.06098337335818446 0.05061557565932377 0.00524061614244368 0.009634563681133933 0.03848097397224028 0.09113171317214885 0.013782035705023003 0.039842651851628455 0.09029959670741336 0.006678470894049265 0.07333108702513784 0.015034755885691378 0.0835279287312052
42 0.09524288120119107 0.009093872428801096 0.09999148523161488 0.08080998325881456 0.08331302183668512 0.029769303880733657 0.04173404178175434 0.018748214499665353 0.031337488505913544 0.04056655078546426 0.04754315559052959 0.032382275726263184 0.056560997595647554 0.061479965472899654 0.06586941508119247 0.07448049464717668 0.05173988297717036 0.004742756978949753 0.04679633533512376 0.02779787718440918
43 0.06891879448708624 0.05579045546129636 0.01958151538834187 0.005408046635562609 0.03319078558663428 0.0456849935436752 0.07886213439983081 0.02955838904377762 0.058585288463870774 0.07067955430836097 0.06814528904454731 0.06346152615714602 0.06938317151887004 0.022174849654425562 0.04343236107075685 0.08026706126015946 0.0657532501696298 0.010952827097723872 0.05508742160718561 0.05508228510111869
44 0.055554769158458646 0.040187213288962895 0.0825312313406992 0.002855826613551598 0.03742280485862312 0.01618432196195536 0.051044182566235496 0.0499255355431998 0.04546034988527734 0.03851777461308456 0.07120204721896024 0.05545753277781174 0.0802765113989327 0.010649908548036276 0.07771714992238218 0.06487852657663641 0.06919135647081212 0.050460525744894125 0.04027501922026376 0.06020741229122248
45 0.030540190454839827 0.07369149386193387 0.010759823347048772 0.10160463203895084 0.0015920665326465482 0.004222155864725479 0.10125780258281321 0.11518038937714781 0.019756248750294015 0.11288523807175052 0.015136971424536936 0.0018123247720491632 0.020202886095549624 0.06912254056815116 0.058429918905230034 0.017750263904136445 0.09669144430742388 0.021659407011744014 0.02051745846768655 0.10718674366134129
46 0.08099659717201063 0.03728320057448536 0.0648532993204985 0.06723160808378666 0.034117008129141105 0.01966457835464276 0.05000845783619167 0.09354574828695682 0.07996642214700438 0.04755070926516052 0.01959650694242083 0.0441425572596817 0.04495273642900569 0.006415286228761961 0.04281058381534775 0.05778231550971335 0.02191810728003578 0.0842003546923299 0.061124781510236426 0.04183914116258824
47 0.06849582132063708 0.02763408165260008 0.040215375418698324 0.08206238876109304 0.05310937653173026 0.03712199189544867 0.07843900144390992 0.03918343222002938 0.04167074513075714 0.05901736294616345 0.05758781019911984 0.014278250930056798 0.0632394777557114 0.03254053302354096 0.06303471107811842 0.0003558095691813033 0.03170885074967865 0.09337277195390217 0.01899625778643851 0.09793594963318457
48 0.047646013888415384 0.041321578725815516 0.012156815191065184 0.034207293175863275 0.003723538160265805 0.02293960347327439 0.004964849733633693 0.007692035332954648 0.05030666135905408 0.07302327938573176 0.07321410585895062 0.011369973647365835 0.10017606888117027 0.07225680878522434 0.1085826852915425 0.009476235115183772 0.08035728618852335 0.07769827725755984 0.0984999468389042 0.07038694370950142
49 0.02819055539302263 0.007268611405332571 0.052484283717295376 0.0650591294998943 0.07848039016504982 0.05995791406491763 0.09530016720829251 0.05828357534751711 0.047866527031156146 0.08110080348763908 0.05757469709259835 0.007287019058191592 0.02320879624370667 0.0007521448661429666 0.05371646479051331 0.09216353209604942 0.09705127437288455 0.010994159942110813 0.05630990966892209 0.026950044548762882
50 0.01910034176608356 0.009194694883599353 0.0010622744038102075 0.056258086726266504 0.12400459789544863 0.014838149147916977 0.03209597977884338 0.1268912837015496 0.018292555358528036 0.08326835799569048 0.10068148160837402 0.011317116630196246 0.022340654940710084 0.08369681314452658 0.07516486856196614 0.022891282717183162 0.006032792251248137 0.08284379294756175 0.10828739183668819 0.0017374837038090828
51 0.06077923290054617 0.0458799947586062 0.0879341146512828 0.04526549643954452 0.029664709219651798 0.09434227428985176 0.09170906079539118 0.019532635211257716 0.03631551036746443 0.08118896156930197 0.029469264404701056 0.06246725114258448 0.025287748381014795 0.015637604286493884 0.07879520983626179 0.01858892236013461 0.04024042259015467 0.06194227561748301 0.03895964740319446 0.035999663775078614
52 0.007600074384119555 0.06631435427464723 0.09789879401127884 0.03791333377617605 0.007719001995091552 0.0017391695154931473 0.05694899948075627 0.06847162075783256 0.004827280702624941 0.023414141237765425 0.09626194595241615 0.00040635452434478124 0.06529158962871144 0.007390076888990095 0.08742586727380063 0.09889960095297586 0.06933867939855505 0.08413573628403033 0.04811713768504915 0.06988624127534092
53 0.02845575077057056 0.0012335131524806508 0.06504006892725422 0.05457897528793858 0.028331950268982983 0.07912278971650476 0.031027923874513585 0.030983131461936788 0.10136201684837504 0.02873868040109016 0.09567284318005252 0.07719359729464907 0.08279360469717692 0.04740309275878747 0.0986888658705794 0.016239673766045893 0.03937978247377653 0.010176494787033977 0.04170187210193302 0.041875372360317735
54 0.029365388154308506 0.025319449616982292 0.023973991292194175 0.06890281965048244 0.06670286602745806 0.06685996269618048 0.05198051830361134 0.04922222767813056 0.07803814404035263 0.021968972154072272 0.06527276227382672 0.06440299199531116 0.04744501928440873 0.059697367487542306 0.022764098825475036 0.03976104150446594 0.06579740629204996 0.08030788185105507 0.06669014903696974 0.005526941835122571
55 0.02512082941653144 0.06351514924069199 0.0491898045197297 0.06482650619957504 0.014464237821071011 0.021352638331836336 0.08148069701825701 0.02379591605044523 0.07764182488907974 0.06644924293995232 0.06528632763154459 0.02384339531392723 0.056846133834449794 0.06439448813699078 0.01636131004072046 0.06464905710160056 0.06781187448003968 0.04946720605734004 0.06903892075880022 0.034464440217416716
56 0.0015082056051939092 0.03389236104087107 0.06703151346818242 0.04115306651539904 0.0928702271374726 0.028634625420184728 0.051013664776157014 0.005471730423912111 0.030842225776316914 0.02232279442023629 0.07322136216064407 0.0758049897903892 0.08716583804660316 0.043909977143667955 0.10889471889447827 0.08293778596615334 0.015153003959548881 0.016180820711406897 0.01744192372170717 0.10454916502147481
57 0.11348343595521292 0.010621381322476078 0.04364535002711828 0.0507988486593346 0.02189975288212653 0.03145495582207892 0.01846130349996626 0.07409357150530833 0.009786176153690748 0.05814276266615162 0.06100600247875949 0.08597120582992268 0.08321816042213624 0.004183423102108195 0.027429552775138675 0.03866539910002891 0.09873572084331912 0.1092151960374268 0.04952975028423925 0.009658050633456403
58 0.058907072320523196 0.059189116583715916 0.03649326849786745 0.07444553617101918 0.06068584981883543 0.040566119330395 0.05536587115123232 0.004535485088677107 0.0584909585491053 0.039133724169711524 0.07262566129851437 0.06915852607813908 0.07859938197701102 0.011622118581533268 0.046129785589723485 0.029805519512823234 0.025185858913792564 0.07624795471817926 0.06588614731883305 0.036926044330368286
59 0.08422068711583033 0.0002396389525101252 0.0075114655387510335 0.096737924072318 0.027321741207708115 0.024923064444749204 0.07889913396039536 0.0456543904820273 0.08471700006249516 0.025424541403740713 0.05882190674925803 0.09711297914147367 0.021598397834273916 0.03919962935358881 0.04452073784831619 0.09493720226015971 0.011154531336982717 0.018396131688226326 0.0646298359657107 0.07397906058148472
60 0.024355408441823705 0.014919709048148844 0.055293041776449156 0.10115221624462221 0.06140682973287469 0.034925509968770765 0.09838077078934168 0.08831440380179743 0.09862950633664122 0.02555943443214406 0.0506577855141575 0.01681616793609596 0.08573083046451138 0.022736417747232403 0.007407031269741468 0.08094528044423283 0.015448349803074706 0.01375333500282604 0.0460886595126513 0.057479311732862484
61 0.06313882437946418 0.05507094414578354 0.04215533183927498 0.019592888954649525 0.051131243587515134 0.020953233483337982 0.09175736639933506 0.006637370923342514 0.006179933209560953 0.10479820205933736 0.10565451519534416 0.06592019471022105 0.06821017225914643 0.025054012877791323 0.04791903204696116 0.05959390595050437 0.06009462223086341 0.004145669920072605 0.009870354445769535 0.09212218138172469
62 0.10016346441281757 0.03659661682623475 0.08012941181066899 0.01602447862412917 0.0026137520202541525 0.06630483221256829 0.014509412094172985 0.004079986763238012 0.06581962950548191 0.03690579218256181 0.06131405930114208 0.08045701598375916 0.06285143369127051 0.04939471099009045 0.09698982115454476 0.022312220602473648 0.035498185577005695 0.050961594744414064 0.02967072185123845 0.08740285965193352
63 0.008695142708942801 0.05637072564052805 0.041937944658937194 0.04550143517677933 0.0995934546044396 0.003539754137445594 0.032360137896418666 0.09789464022018986 0.021954456376976503 0.06371208217808352 0.05833547375355751 0.07148771642251965 0.10667026172482165 0.005918227105683287 0.04667709944767671 0.0664400398352415 0.03163652793648373 0.021274930525454712 0.057094242411894654 0.06290570723792534
64 0.03516816401919186 0.010051479139081075 0.09201449641291279 0.01700485856468137 0.030998568508418426 0.0887902846633889 0.054343847545944964 0.06551274996120653 0.05254985007618824 0.02206941903739471 0.0512951954664992 0.05166262046813822 0.06254898883242674 0.08377305608855841 0.049740214809643295 0.07761725673436756 0.04546355349891472 0.05968659961879812 0.0377411356401536 0.011967660914091113
65 0.0737390226672921 0.029684755039933272 0.03054990454961194 0.035289507019860084 0.09277934875853523 0.062477289769304105 0.06020829932331306 0.04555125637026939 0.024833487743516236 0.01485758485222256 0.06401806786023666 0.0879446048667908 0.007597422270672349 0.041983697407342306 0.0737746040188926 0.0967036764825598 0.018798079566982182 0.07303940823700766 0.05869938162119003 0.007470601574467737
66 0.041908530734901514 0.022818123218102775 0.05950526937231488 0.08108483591008607 0.032728869340269896 0.037009911813903014 0.03338385722786313 0.03821408889129309 0.04193779507811236 0.07076395771701506 0.06537864556381245 0.09770996459244959 0.030671998858109516 0.07654939773488653 0.07130790248153258 0.023783272028915912 0.005231954863152802 0.06709195298459185 0.03224146870560258 0.0706782028830844
67 0.07764446003766688 0.08047706140158208 0.019501966927080217 0.010829590767832954 0.058752842783731454 0.006363271364840167 0.09854894572997011 0.041365612461113505 0.014758835298249067 0.05479573053156784 0.054903708868899996 0.015422803872006124 0.061742417118641264 0.00309581659588255 0.04135782845023225 0.09765776822362844 0.07729995750973277 0.06721770650014686 0.06211595731666774 0.05614771824052785
68 0.0723626946574801 0.08266736603019811 0.08183679839805819 0.06630348132259889 0.08188036594100473 0.04285607400334966 0.01489830662160794 0.04600165522822635 0.025584467786097728 0.03730008978211748 0.06028568343695621 0.06759630882050834 0.017697554282343545 0.011675805178088238 0.056640627782935375 0.06899840393482946 0.05695517948351194 0.03397054535000544 0.05399098314965418 0.020497608810428006
69 0.025246477905014587 0.07931587838748837 0.02705198635496602 0.06311653019107194 0.09514819580269807 0.058010256398839465 0.05090246019666093 0.027760027908248382 0.07293582435124012 0.00363298207651468 0.05716472123987944 0.07285189100295177 0.02144030432359266 0.06503001655326496 0.06299272063488252 0.014152845058714203 0.013828101199622448 0.03798387175750897 0.07030770841032725 0.08112720024651324
70 0.03171669683916769 0.07661356752192484 0.03587556681950902 0.04176228407477969 0.007677583101482761 0.0814940469439497 0.07141091599548254 0.0638803080012494 0.05857427994332605 0.02833665407562956 0.04078261814264002 0.07140573238899109 0.0748352650003392 0.024686363254121917 0.061373021611211574 0.042442466138471455 0.06958664413706074 0.06737462409861689 0.006059759753799697 0.04411160215824618
71 0.09879675471773137 0.012423924011278268 0.008533533812780091 0.08256080839829931 0.028222513950381747 0.031646802087757955 0.06852862182066619 0.06446510306056476 0.08837287055962433 0.0033772803909555417 0.09405706088526396 0.0020886534870081254 0.006813851760138965 0.059772472764341535 0.0837950927941532 0.03554764932889802 0.07441262833278633 0.07235452424193538 0.017616491726636787 0.0666133618687982
72 0.06890740318157242 0.045980717171240235 0.0371776584691602 0.06347878367736572 0.07041807631484151 0.07464812827143928 0.01975195809174003 0.0963975992338251 0.10070316541733265 0.0227923529218957 0.03168117754252254 0.002221435414696104 0.028829321330492517 0.005200545171733739 0.08647975201928633 0.009392959125233694 0.06012560274682047 0.06243564742343118 0.036984350539229736 0.07639336593614089
73 0.0902594566097759 0.029713473313991334 0.06116352312396543 0.06763030797637125 0.03846595669026429 0.09908039833985963 0.02986951763574066 0.024842273474194983 0.061672470850007516 0.02987211703112506 0.017792325020975348 0.06300823823043959 0.04538039739908574 0.07176402371388488 0.01602801043988964 0.03819959640373073 0.013034658840959588 0.06743985039266212 0.09065121518664045 0.04413218932643599
74 0.10937271505930475 0.0049111292402129044 0.1253736381945907 0.005209413846033938 0.09087324016420002 0.0930019877117689 0.01892494886489259 0.0808774558449086 0.014418523566704844 0.06309897715836475 0.0004674114627237386 0.061963600022610595 0.07503001653783722 0.02284761439502857 0.012921585865206128 0.04464871989062142 0.037991488881572964 0.028615728319834582 0.06674741105357962 0.04270439392000307
75 0.03296817420582492 0.062482044668227314 0.06856283050580461 0.0625203665577066 0.03294283278597147 0.06544051001975675 0.05485023733789952 0.017702921956580468 0.07323896444581642 0.06523239740629809 0.007146651313853434 0.06272972218160854 0.07039668982317245 0.026296975231398186 0.061915573479993144 0.0514665635752854 0.039686097593938895 0.07564202785691758 0.0652645212699114 0.0035138977840346924
76 0.059280065678171456 0.08393214853980521 0.07411039754573012 0.01152310834734192 0.005747861521013175 0.003924371689828017 0.05408902925337245 0.10132241334877883 0.0988545264987755 0.015487485020386235 0.045426929825010176 0.0900319572013343 0.00941272147578606 0.045377301778828726 0.05891058604962432 0.01565478260960033 0.05789982751101764 0.10878757946431036 0.011797519191488123 0.04842938744979707
77 0.0394387915199755 0.07346106695476178 0.060030943656590015 0.0470279799974268 0.05066144148886748 0.049734238128770536 0.02763728783921503 0.005728841157723378 0.06937142925967957 0.017423962041329545 0.028311416738362648 0.0881329143729301 0.0423074519339803 0.027448725327576265 0.07894781166498996 0.0843361879039546 0.012171086579999383 0.08073903119629944 0.04405451884637977 0.07303487339118792
78 0.02097456747769076 0.1231239087014631 0.024358358319618613 0.01261790681864027 0.024125484514021866 0.06878473642951193 0.004131193250960479 0.05339714394320995 0.018444175788223157 0.06303500073462526 0.058524934397880216 0.051598770201355885 0.05410914242595933 0.11129649286616614 0.007483264501791466 0.07137519020624486 0.06950225421477775 0.05388925896267522 0.05573803142079131 0.05349018482439219
79 0.03172216402896912 0.03359946172062793 0.04053346363366189 0.03435510239765895 0.07719510615929277 0.0774097826893445 0.014824276714203272 0.05012419684717872 0.019003212912703425 0.07321249556319837 0.07380705320160773 0.052768957804824296 0.07549061391656686 0.050826675582728 0.009760302859779357 0.05417182207706152 0.02526005241328031 0.0549416479085447 0.07321661250419335 0.07777699906457494
80 0.06495964567629729 0.09234942984419796 0.0678189982178942 0.08110603219815261 0.07792390359728806 0.05525935540436418 0.010326349257012321 0.027673339407924897 0.033677294126683244 0.018703626101966565 0.004331337955511974 0.004975201330164038 0.054029570164374284 0.023646585938639057 0.08876086832796738 0.05242935877082892 0.09006926323959846 0.058194320314308115 0.07761215921491518 0.01615336091191103
81 0.006292757531544237 0.0007586959950187694 0.05395922226173343 0.018892631124955202 0.05517635381096623 0.04986851115054442 0.08351589420388143 0.08838362186350879 0.04283866528472173 0.09821207104597948 0.06980755214011573 0.010126653424808684 0.07915579982463483 0.0749751432093173 0.08826740611872062 0.07897107431623242 0.030460243999110567 0.012770509247816985 0.03807570582765716 0.019491487618731984
82 0.07122571995184852 0.034145403692986874 0.06875036875592686 0.024413410250917422 0.08532476853388894 0.07969261275184915 0.043665601482815355 0.0562417874330533 0.017593031943914345 0.024427139908920918 0.08716343882033102 0.027865440402869007 0.03379362739519872 0.06200787763148664 0.040796472708742225 0.02034497685573117 0.07695534038949779 0.0027750343360844663 0.06988986229762255 0.07292808445631503
83 0.05125449666209554 0.08685771369946244 0.0740103414698666 0.0017705787255746562 0.0018787106786420443 0.0039164705721163404 0.07582659647233643 0.03317267148847117 0.04731498049121205 0.037647570024085725 0.07445046960320464 0.04688120053634045 0.07797272165294976 0.052318950838143266 0.024437946757559573 0.0912191937591282 0.07565614922150582 0.08763847119186786 0.01880508291681099 0.036969683238626365
84 0.09618044145543722 0.08230700365200576 0.03272964073836114 0.07174095038239635 0.04903232941686209 0.0016934085466050728 0.07739880304118266 0.029727013500981607 0.0020657239671198735 0.04274964188241082 0.026707017832829198 0.026550517047681972 0.054002434198524234 0.03610674141440938 0.04981937271602513 0.09149132289092944 0.010827297302810547 0.08399579173674945 0.07314141721849783 0.06173313105818025
85 0.0507438630032643 0.037360729824192467 0.09271194532997779 0.04135571210285784 0.03814129507333502 0.027340763506907017 0.0605495349262188 0.05390681364338467 0.004744516352662297 0.08738330888759911 0.029368186545608667 0.0728271605071893 0.018950519697953097 0.041331655941408266 0.03057086301650768 0.09207818534299851 0.003101439192986533 0.07391178964981429 0.06547531922963049 0.07814639822550384
86 0.01845140533495076 0.005866968258963086 0.0588020447808129 0.0038273498269188943 0.04694210559149637 0.018304752230507114 0.01497052296776367 0.06095834211493403 0.05366956906515808 0.10833978764283182 0.05506429231879991 0.04917129648185452 0.09004744027780612 0.04855549009182063 0.05091401177831808 0.03409699170985648 0.017751842314168664 0.10723202380131175 0.08178075713328053 0.0752530062784464
87 0.025008980437241604 0.05380953554968396 0.06510537055793508 0.013958472288313841 0.044742130653616936 0.07100136490009935 0.037051845295415865 0.05686515045861611 0.034726797366753506 0.013348101512700711 0.06483054293982826 0.02847329364592853 0.07540810520265782 0.0361257937555697 0.07613813317492613 0.031933121933737874 0.08598406010028152 0.07819720715900247 0.028670650737705635 0.07862134232998523
88 0.003718609637488799 0.016478926039635623 0.04731461623202792 0.1099665511523714 0.05965631327342744 0.009749774397777838 0.04480406838534576 0.015911670952453428 0.11357450104463244 0.026347066425609196 0.06498152616362932 0.006507943694592365 0.10260491170492037 0.0022814562981608834 0.11277754469895156 0.05098644251500842 0.026049023914072246 0.10368898691312689 0.01114258634860634 0.07145748020816194
89 0.05158710222661389 0.07229710409357328 0.06677902728117902 0.020310192405152586 0.04082861137359022 0.0890318086457689 0.0378892124461461 0.0147700346779075 0.027054026027464043 0.02411369743881332 0.03850020166728599 0.018592272314733684 0.0903551318256197 0.0931311024692095 0.0733216166983749 0.06543912613287575 0.024298415059343135 0.07488965482045126 0.07015244622569125 0.0066592161702061356
90 0.06249396947762479 0.0826836487895884 0.03457049737788774 0.04472313493498553 0.07087947874195413 0.04938220045042991 0.0070688268637639036 0.03158270766976066 0.07833529479068932 0.08084062709259118 0.021944691116564823 0.03257787790630728 0.024078285756429885 0.060953913317351276 0.05457328249939134 0.08789763723989227 0.011379395592286365 0.024555799087478233 0.07231660725889018 0.06716212403613266
91 0.03685034510927011 0.018125017802667055 0.001981174139651984 0.07551303178904206 0.03867436834082418 0.07309138185293956 0.07519208649802196 0.043172653822828304 0.07842789837170065 0.06393291088701512 0.03151381798622694 0.027881333331925863 0.06190733247632129 0.03209370994666115 0.07239541510870917 0.0802021888819662 0.024072199785747206 0.0811273389097228 0.037189777365168555 0.04665601759358977
92 0.09268898545306162 0.055888954953188706 0.03526154274207966 0.011768302560451513 0.0994669335218847 0.06003305459085831 0.08154104608229194 0.04024007002221183 0.08374426348600235 0.01851825627161891 0.02957333440092348 0.06247630959637654 0.0383046234404804 0.027842720368881194 0.043258502150085955 0.03160094017951038 0.04492739621440103 0.0813419462853381 0.03419073134612581 0.027332086334227484
93 0.10142948024575865 0.06671752782681659 0.04865398018720711 0.06259695307574845 0.011924640489615106 0.08519809476388615 0.07740786416945622 0.06656773917579689 0.0943506560055181 0.06323874136619079 0.07868853622892891 0.049069502463394025 0.012421659908848007 0.05652322448948678 0.0023956049463382503 0.024733795816378468 0.018542165238696406 0.03674019569425605 0.026201997983138173 0.01659763992454094
94 0.0018430864116921657 0.04059458437051031 0.06871587627978788 0.03666028860691529 0.016565434111195442 0.0615320861405338 0.07730471749767141 0.10935506191944552 0.07147006337104812 0.05092267339307716 0.08188305023435058 0.014528378354439174 0.03340951302119059 0.04266950646130335 0.07490707734590735 0.07306323003415893 0.020456403032544104 0.04374894640385962 0.017348902959861745 0.0630211200505074
95 0.017143371950110228 0.0443606986529922 0.05316510045723973 0.019218949109624694 0.026649426134907808 0.04531885096566501 0.07017299606365612 0.06869180731597291 0.04061051108218012 0.07519812103692178 0.06044837727226984 0.016498592818695115 0.0638313131007426 0.0026715137474448316 0.04612662821712251 0.07508770786020483 0.07022487311760307 0.07113661785239557 0.05700717274078224 0.0764373705034687
96 0.07666737800045749 0.0627157965226228 0.06636384660656819 0.06875993409188157 0.04294487519357113 0.06420284064118456 0.000522056696826508 0.005699443747059743 0.07123801258165481 0.08135593145331177 0.0002725051149928423 0.011701870271614656 0.0702796884595728 0.08549732536312062 0.0025792876259563167 0.05590232241573351 0.042048425339378886 0.06547168738115582 0.03324299181659783 0.09253378067673824
