0 0.018199985201218623 0.053552410904663256 0.035664658789846204 0.049099651174217 0.07696856656560161 0.08483770525857269 0.031580485711361954 0.08350425988291314 0.03164308868961562 0.05833784749793965 0.060596473533578284 0.03948758598915145 0.046184123947554834 0.05987275514048739 0.0759358066695766 0.013987457454217362 0.013455752279796375 0.0811796914068004 0.020689463168182803 0.06522223073470454
1 0.08207351930203867 0.007220086184103226 0.02666999707989716 0.08028492244965119 0.044849080434050684 0.0224578627331385 0.0686081363934068 0.07878915688660106 0.027318579641008346 0.08237765873297483 0.007067587519915829 0.05716944317482759 0.03766466650703931 0.05834902980006129 0.06799930701216184 0.014200483857077957 0.08115316640272249 0.041536642053198736 0.04433934750344988 0.06987132633267462
2 0.06301156927340573 0.08923653461761007 0.011714069207353928 0.036874708831761784 0.09152223757065266 0.08815373993306828 0.008608272807956367 0.04243813109740619 0.07683292632212982 0.09143348368359185 0.04194743174782166 0.024775237764020908 0.04195348239905199 0.035283545454446945 0.10349259689248573 0.0008770043013371808 0.07473093760024516 0.056779975291642824 0.007068351238086005 0.01326576396592494
3 0.03196313874324529 0.07195022494762908 0.003573369172701001 0.05684164829833661 0.017231683200559542 0.02157650099825039 0.018928378145744766 0.12706193646755942 0.03734587552850425 0.07590072404795102 0.011106545559066693 0.07107772643119685 0.00671327923094907 0.12242513949622073 0.021486533857625112 0.07580675189205652 0.08350337564870904 0.011902793767325368 0.033021470834212134 0.10058290373215692
4 0.059190739460932645 0.03319929792775115 0.0708456662383705 0.02673026110071854 0.01832479008781494 0.0529224874320758 0.05875016413941355 0.06886465584726846 0.08414563068310495 0.011547135102657318 0.06091318476349161 0.056591157052992 0.054632200726445534 0.003929630652503677 0.06257332689195858 0.04605033067965339 0.03400506363519234 0.03583456388865428 0.08507639374342134 0.07587331994557937
5 0.02326368045652682 0.08604719394276503 0.07495130363294024 0.08789675495822578 0.05891583493808208 0.0067318222207958895 0.08198560530481007 0.05020923932348321 0.07632035879201811 0.06384302018216259 0.05028892930021758 0.03566986310836853 0.024923661649938224 0.029443501206431938 0.050287454098489844 0.010561126470526554 0.01823175082691427 0.04967574384588875 0.037780143423048806 0.08297301231836576
6 0.07770965251241259 0.07153159645484665 0.03775336591175428 0.10010243261538641 0.053782577592436855 0.07083735423457331 0.005831782139018103 0.05075736519570668 0.10374308281647197 0.061908828564939 0.0033135883715926053 0.04872759739867321 0.06829509973648047 0.024864231342549788 0.028485639768333737 0.08072873993598405 0.012004148181508053 0.005785139402160156 0.07795692436620745 0.0158808534589648
7 0.025152566824633106 0.080670024643143 0.036696265569070706 0.0017587880425833711 0.08081997883108419 0.07735711338744708 0.07615139815661051 0.038454343608348915 0.09231683438659025 0.010126056040529966 0.020309574551278062 0.018517898878478774 0.04375070156176063 0.04194385242729386 0.09221621131013709 0.010270565954018094 0.0565565487085605 0.0769952618199455 0.043272784376166724 0.07666323092231953
8 0.04851444514631473 0.03422324975673386 0.07858710508113456 0.06681144469216008 0.0726036661683447 0.07855362970997264 0.051126333097914964 0.05221023917289717 0.031652691050485224 0.041501129205659584 0.07618031552107933 0.028165893924613914 0.04552453389519869 0.021180652607921683 0.055454073518350695 0.0469819048820418 0.05405000950370832 0.03153028057957426 0.023196993217483964 0.06195140926840983
9 0.003906387539030742 0.015499285243385433 0.1142467031265106 0.05346894870478826 0.09780186676562061 0.017844635182126208 0.028671778577940118 0.044660980588254295 0.047734205271355315 0.0921830987640267 0.12373275907717668 0.071516434641254 0.003837209553150278 0.014884800788063472 0.0009674597949756905 0.07623812825508136 0.033700785002166334 0.05383087437260244 0.07892506787855624 0.02634859087393537
10 0.00022874869352714167 0.05349487823752814 0.06232073342015232 0.010894819365561748 0.0994954652268626 0.039504030689228094 0.10767058852402321 0.024177403213481472 0.010986462511759857 0.03226580032606006 0.0633192223665669 0.09676793961734236 0.02695315592585768 0.08823096239776866 0.016261552348122398 0.08736946810977327 0.03411421068586257 0.08424964564120405 0.05440904374229624 0.007285868957021165
11 0.06461339195543538 0.037938262834164675 0.011254998327841692 0.05619183523030768 0.030639140401973606 0.08635455484885757 0.04099180764687471 0.08815689272232488 0.04866959280109766 0.0077552543972115254 0.0022270372149245754 0.038182011776646374 0.061505567036057154 0.0718263660854257 0.062404185742302984 0.055603129332263336 0.08714972616783484 0.03415067708019826 0.04994522222573732 0.06444034617251987
12 0.08189421271262212 0.05311432522553265 0.06457598530114693 0.05104784304757388 0.006387431934427751 0.059834721745363785 0.07597021833684352 0.05804394676914043 0.03387907628169062 0.007787938006967686 0.08162904171904002 0.08763926578256577 0.01347592196456719 0.047311797261158174 0.05318828359256527 0.014624153175807616 0.0458550275023956 0.08974564308016152 0.047205608771245335 0.026789557789184078
13 0.007092812738294039 0.0464612742494846 0.07187672833209588 0.08938308553489206 0.08769417252131921 0.07312914205550321 0.039576931398926464 0.07457924158891585 0.0889976313566508 0.020539982982479277 0.07656328574481955 0.027070954284495824 0.08719481487676102 0.04493858792663019 0.02042054709766187 0.005509771649325206 0.0002579869178338508 0.01669582513552668 0.0587267177766263 0.06329050583175816
14 0.05211607195532421 0.0684120668869359 0.03640988755715564 0.05844076155144267 0.018853485178262627 0.07378669006305454 0.012232253930281295 0.038759359747515695 0.024909561693177068 0.05521202762544721 0.06410314109153285 0.06651921075745021 0.06557733989274588 0.006480810160501099 0.06278035458588638 0.07815974254305028 0.01874710215127993 0.06290569409094367 0.06650495402175291 0.06908948451625999
15 0.05811398567965648 0.0004872493595259631 0.0512666273189049 0.042116832913300636 0.022174687620439885 0.0112979139370758 0.05875678103042199 0.052140670706246235 0.09396582583327043 0.07711326167023139 0.03933049848099105 0.013816973388911712 0.05680567496412084 0.036078160755751994 0.043007649385963256 0.09215140543879739 0.047358542224668995 0.07278498487058085 0.06825741869189743 0.06297485572924262
16 0.07547264334156466 0.040947413649673546 0.055737077126506156 0.058253892468684655 0.004138563095555512 0.03423193886780147 0.010070140614196602 0.05531237309681341 0.041814245661240375 0.10414177701172588 0.05551550103498175 0.057955806601810746 0.06704994610344978 0.03474497442579993 0.0890132839593119 0.04207093107635911 0.08553075428354166 0.029623555642498297 0.03155164695837401 0.026823534980110503
17 0.08388761142298407 0.029153460429193166 0.0342089534114665 0.04861735269960012 0.04259334784776599 0.03822372003539099 0.0589849922695177 0.0395149620527786 0.08512043743991822 0.0767384697267234 0.08372304119186132 0.046110599255613983 0.00703033058572223 0.048419060501485756 0.07689813398877884 0.03789690559144063 0.028409607560753274 0.08224320657506835 0.039171526084648495 0.013054281329288493
18 0.078544747347786 0.06385293707870436 0.02275684051878028 0.016508553410309403 0.007920825156013642 0.09172954536920723 0.05408449990704214 0.06005763128380072 0.014001838944301147 0.060275069123804835 0.0021353558845785725 0.06112953738675823 0.08218123797674703 0.05421459053466714 0.10152405287842231 0.02804086203520438 0.06386723847398917 0.05994025004477654 0.048300419135245604 0.028933967509861245
19 0.05633517107194249 0.05571863689199658 0.07319984441170253 0.05062915593362916 0.022092418420124424 0.06467459810893007 0.01838725691550246 0.07584346094083938 0.04945648933480143 0.08074537925604647 0.05702783368461393 0.028279679335277513 0.05671374838975935 0.04795403166792406 0.08031664220330045 0.029483368809489544 0.010187782294386447 0.08015059103229127 0.06076966007502589 0.002034251222416378
20 0.03403764427713231 0.046593089026908514 0.009840120295843606 0.09573033552146332 0.019696527285871648 0.04317357853388992 0.08263068150008865 0.05457495023554 0.06622628253626946 0.017849012640922382 0.047028711878506206 0.00571467446976724 0.043091045902404264 0.02740482677782907 0.08166999604890375 0.009421313909142083 0.07427644387384343 0.05544616604068821 0.10905687600759492 0.07653772323739108
21 0.038176291163066894 0.021401689200498987 0.06419419377800958 0.11031374163342746 0.0687973610972913 0.054252862419439836 0.012932859591404363 0.04109123242934473 0.06763051879465558 0.003823300984627364 0.06661473088254188 0.09797300414725899 0.08848954256765934 0.0387870944761802 0.04370627069067776 0.0162653834315746 0.021312576400105653 0.005443976837227773 0.07723373475466737 0.061559634720340234
22 0.08170112847031467 0.006427898171795672 0.05358908834989674 0.06957662466362348 0.07133079692916257 0.015989209798408902 0.054991010365044606 0.011242863606485258 0.05009332504017549 0.1077452594062422 0.10059100010839879 0.07473832844345762 0.004270522223816464 0.01966113245878579 0.004309324972704025 0.048203196245019654 0.0014649856699886605 0.09270585604941854 0.0991439575919057 0.03222449143535511
23 0.03693544142525147 0.033942573277628084 0.06541673847422419 0.03559898540402357 0.00017417732359833646 0.05695101759045092 0.08470117841640856 0.06502117524066789 0.09052223669517691 0.08445066195999974 0.058066351656051826 0.018311105584682647 0.09113056954477208 0.021354077168966392 0.022436858610745136 0.06512390673064306 0.01382705645501112 0.05371659820718045 0.06292938665954627 0.03938990357497101
24 0.09384503811794491 0.07988901191008815 0.09764744205078334 0.05390565153056632 0.011292500119703036 0.043785439356831345 0.026158682524263534 0.005928598425110973 0.024331329763886737 0.0327246207304415 0.04817468453328188 0.024881617332319816 0.024508698376086914 0.04026629267165027 0.10446788383074067 0.09014076790873973 0.09596694326710375 0.0025100895642592674 0.05295047884815877 0.04662422913803929
25 0.06097038800192171 0.04604206195456735 0.07878931250900788 0.020973283605102862 0.02003777799446215 0.08239808205737086 0.07809365862350535 0.04048539685893679 0.055444046629085246 0.07638511488057105 0.02148203547847734 0.04816618061804173 0.07502955504397017 0.04544611249236883 0.06875713205006599 0.04063851591893656 0.022211804565002023 0.023632508352676967 0.01476033705449664 0.08025669531143256
26 0.06050770192092327 0.058081565046172956 0.026821582253567684 0.03843906408673793 0.04963047429070199 0.07352549109631201 0.01594389336324454 0.08449776517375146 0.08660019505309034 0.06546570359095792 0.07197728127557013 0.03697679810174527 0.0660796573315366 0.04563176767008958 0.008781780392023717 0.038919734679163744 0.05358178303903282 0.049180845292061 0.0312532781365261 0.03810363820679082
27 0.04741950006367282 0.0004037592713551292 0.11841986878359619 0.005983825689773118 0.08043765150407904 0.0024912788066361407 0.03765737772219842 0.023017462067771634 0.037454905128425635 0.051714384091065664 0.04286769405697096 0.026024331536979882 0.09245846644995108 0.11087388405067482 0.08679326380136063 0.02525276419375679 0.0524680755273466 0.07792699349298393 0.06732068013544978 0.013013833625951795
28 0.0013297785439485964 0.02934355428363197 0.09018979833152328 0.007099518444226426 0.06950803979501226 0.08427087325095899 0.014404387932323535 0.06848694531762126 0.05887833879203173 0.02108440409186891 0.06563115550275528 0.09716039917960947 0.012441562160265337 0.08459836786447185 0.08341593867237668 0.015849765116562404 0.05209390857839724 0.07953808695393366 0.04697329634520717 0.01770188084327407
29 0.0487862564237381 0.05207907080275907 0.024458326899792784 0.0984359847573513 0.02963431452129245 0.02091602965970209 0.0025989211431716674 0.026440785692149485 0.06812630314281899 0.0287244947301383 0.10054526122833889 0.012979889795842366 0.09484302522144382 0.06177589432910134 0.023538028875957687 0.07466939165137695 0.08620563780966593 0.09930916624845965 0.03996993072603004 0.005963286340869095
30 0.03996673059710034 0.0609167295510881 0.08618757300003202 0.008112986670959482 0.01074324401555153 0.012352228344214494 0.04328827588808435 0.10697967623100582 0.06020919455350525 0.05485820494447005 0.03944893155897023 0.015045133840441092 0.054782658178018466 0.03759356387848272 0.07565970897635611 0.08337603689126309 0.06430151581947899 0.07787492342683638 0.005844435505596806 0.06245824812854475
31 0.010850704657367512 0.005800714768031856 0.05185875044775883 0.08214285932611 0.050248840044046506 0.02636298570689749 0.06300377069998757 0.0687147050928236 0.01882840087722363 0.04477426668381164 0.05998479647508577 0.04928678049346856 0.0681216502803233 0.022785885092443538 0.030296836855471517 0.04037755224468734 0.08355794822309635 0.08989266367970883 0.08314880221454223 0.049961086137113885
32 0.0740203993501004 0.051108085342149 0.07700890582525424 0.0583368678900284 0.011421114098636472 0.060869720219056345 0.0896021704417216 0.03394293407616713 0.029799164434318952 0.09372672170093922 0.07761577034191154 0.030681827870095043 0.04408949763645178 0.0033998943124744514 0.06955822246546409 0.03260275171576087 0.06635802640814482 0.057120727020296136 0.020309383081044543 0.01842781576998491
33 0.07945878486236789 0.08527321592856146 0.047086009286442014 0.05357469492169264 0.0285259923324754 0.020168177732841467 0.026562652283307692 0.05691732536677477 0.049173465831092 0.10202028718731937 0.040672699161440486 0.004834606754669715 0.05221518026604755 0.08224745436931054 0.07871350104982419 0.08034492576068172 0.0318997898107081 0.07087074494707908 0.005451929533585323 0.0039885626137782975
34 0.028512317753978805 0.029356375785662914 0.02120176141941673 0.058942723910024315 0.08550613815509303 0.030076880905253938 0.02406791982067267 0.07315084535413406 0.07049740667695008 0.0122525208645139 0.053417507106463244 0.09463601190358137 0.08232879711000035 0.0042515964894078205 0.015144123314680834 0.010186373515830212 0.08720534576893958 0.05034178166695946 0.08849882201512713 0.08042475046330949
35 0.057576485401144926 0.10226296979292179 0.03927625757451705 0.06559579854675932 0.07585812052429394 0.05145477033469702 0.013429307372938041 0.015127936600274249 0.06058512113780044 0.04504864099558897 0.03826189770951911 0.04962656693919485 0.08643243031136161 0.007649369442835415 0.08920466509976466 0.00679582807480002 0.02475421666344353 0.059770145078591276 0.03984669378117917 0.07144277861837468
36 0.06905264372431028 0.062050880634999424 0.04550931109224622 0.061623141035542506 0.021394302043138858 0.020137230799816632 0.054896699710281834 0.017169849728646002 0.07114797495706532 0.06499510897766995 0.033148696134014034 0.05294283527957706 0.055355002722065505 0.07257762937882242 0.046831460063447544 0.06124939176423669 0.05851335871994882 0.05781826841837588 0.021402016050173178 0.05218419876562206
37 0.07980275304929743 0.06983202479823676 0.006742401342315278 0.0005371491337279361 0.08315638082390908 0.07217479660921337 0.011425938446209202 0.05403589163560784 0.023993885357151672 0.07268869027696076 0.05923022509688085 0.07249765186044507 0.008535709600332633 0.0694939508033404 0.020669322911570674 0.07531174665130973 0.041355930316476365 0.02737447668451344 0.09060726001792319 0.06053381458457814
38 0.06961776455867526 0.07466090938280644 0.03992940315880065 0.02634701494304713 0.07676270216726742 0.01915732582369918 0.06254424699046006 0.07867130186254596 0.043366370615313836 0.037818563161149274 0.031095579142156892 0.009112166276315711 0.07871267386907722 0.07144784563959315 0.0352950676810188 0.056210239343240556 0.06442716316358744 0.06210337520169515 0.03900700118734485 0.023713285832205024
39 0.03781034556627398 0.03289858270836578 0.04908410250539029 0.052809642296874404 0.07150055026442405 0.005492474034542947 0.00782860791403815 0.0558496436499827 0.04752517384968862 0.03941384817543889 0.07772831878213547 0.10344497784506616 0.05662320659923137 0.08069363688858765 0.042333435702393084 0.10407663533470823 0.03250405128202725 0.04891509960236625 0.0494107995146828 0.0040568674837819126
40 0.03756264099406725 0.014871153733356617 0.0643750530824391 0.05768307143198992 0.06567217445720265 0.042996413891186705 0.08579129627155999 0.05258209227387396 0.05505618481826837 0.006052344767201473 0.09279086049370228 0.008285710248819095 0.06791107611238473 0.07107826922842138 0.03919735683307707 0.06453125300146961 0.015960670622775106 0.07148736513871182 0.01616536997346436 0.06994964262602865
41 0.043954744970166285 0.0961313421083144 0.09512592198835045 0.000388415298552348 0.021651638314273858 0.01163750676841363 0.03328452536451052 0.09968301298904395 0.03654842351955028 0.08142902892086318 0.06514275248581243 0.049131033676971414 0.04938697616241248 0.007519794618763088 0.03152340519809392 0.018897408985564076 0.06492529419640215 0.10120582622490155 0.08618828245218343 0.0062446657568566415
42 0.1014621723327676 0.015346184825619572 0.013510237200439475 0.09711571647311311 0.035939535996646337 0.0841991449089031 0.03130285369911334 0.006479825491390419 0.043013321054583026 0.04960762689177773 0.010282700608635478 0.07003874366370778 0.037541071799034126 0.06287261969094632 0.012938044383561992 0.05857020972345685 0.029879287270360152 0.09438697680551339 0.06994442440422335 0.07556930277620708
43 0.0010419993863546014 0.06432883904765242 0.09197167800944402 0.004117442327489293 0.03137176969006797 0.045393566187773536 0.0249047824447979 0.0331148780836543 0.06979539749655381 0.013869150581592212 0.0952174569329428 0.08994221873107318 0.06135752783348033 0.017515030126964558 0.0969750303786729 0.09366404124889462 0.008618737973130185 0.013521797639889357 0.08323730354174529 0.060041352337826794
44 0.03647384806913163 0.037349543880772204 0.08425946430015878 0.11578436926816356 0.012986714557844994 0.016004666166778682 0.0020880539564442505 0.1196559631748555 0.07350741109478331 0.13064412726433117 0.03551520670054622 0.03016660984454608 0.08907382119837856 0.02099193285055148 0.06146842296720998 0.0028432504679172087 0.012438454992182036 0.026862848201118582 0.07027992473420501 0.021605366310080705
45 0.04049409252316241 0.022415012425561334 0.10660982337928909 0.07342434262237213 0.0619897988526604 0.08517277433545728 0.09339167530571511 0.019626954437078917 0.05397651224764019 0.009843930112597793 0.0036695453313246446 0.014600630052952679 0.09423620379654168 0.01832472061468171 0.07519620943068671 0.046019727914006735 0.07604585388488821 0.035391145237754995 0.028016078876846057 0.04155496861878184
46 0.0899277152703673 0.07516686557379121 0.0002094274049911775 0.06031643665748558 0.0745784659101731 0.06295786251733573 0.06051617202178632 0.08634780248205629 0.021481707967863025 0.007157169840806964 0.0469589208478797 0.04615181298005601 0.05592638666492565 0.0709869617657504 0.06615647286631623 0.056301600900375774 0.042200269558209366 0.022544445350881574 0.02769545806823173 0.026418045350716835
47 0.0002521722801247137 0.07282757158906135 0.07682476052236671 0.03290812464964682 0.09503186494862197 0.06316586037266007 0.02257287322439238 0.0256846843721996 0.08346529489221653 0.06427266553388185 0.01873444468514394 0.08396292815804286 0.0005726363003536414 0.031062552470183656 0.05634948790080668 0.007277756550564801 0.0824628061938005 0.022863212143160835 0.07436538421234246 0.08534291900042877
48 0.03452666324207445 0.04754483666879482 0.07158506785518969 0.037403461622758066 0.03900940003965123 0.025412408090551782 0.07631861007314099 0.015508989409203828 0.029995982983085933 0.0871379561557832 0.042873033754129784 0.005550099488742928 0.074824957944741 0.031781331115476395 0.03332084860189893 0.07771234598546811 0.02533783709173387 0.07748057730848819 0.0651273698906804 0.10154822267840631
49 0.023823572502060866 0.08033142284469641 0.0098584625708235 0.01843647368038576 0.058064301158876175 0.08682163997122784 0.08462690128660526 0.0474467751626291 0.09648566492367541 0.02141190817960571 0.04487227442889253 0.08359214468704335 0.08472801128513435 0.0014615063542492124 0.07472832775006698 0.029520512295049074 0.07625128467759333 0.018604004779313885 0.052632470282273594 0.00630234117979773
50 0.07042981647051844 0.027465365172926262 0.032139046468371284 0.05836294519970079 0.024072955076041954 0.08791701676115124 0.09941803726478844 0.017452436438511857 0.025764524669434862 0.10228809645550144 0.041237138198171534 0.09163332768357055 0.07752161837144096 0.012209930948613047 0.03964687382243492 0.0516798423204283 0.01810525002097225 0.003980763720527262 0.051920734330754746 0.06675428060613987
51 0.07109115506097878 0.04432892108956576 0.03366988871018344 0.08546635599710665 0.03814289447760473 0.08099703039969805 0.0427556076430276 0.008291173882237183 0.08426951343855463 0.061820146404323706 0.05944266281341885 0.06100438885918114 0.0026507966259515145 0.034145009564412264 0.07953943070950269 0.04337096567433606 0.07119148874654882 0.030661630287814563 0.024175080471283666 0.04298585914426988
52 0.06946468935328903 0.05761977660871552 0.0036427935543896024 0.028772773462692032 0.08780928057778081 0.039511901250117755 0.016332123118318886 0.055154775939082724 0.03375449109806545 0.07257323017234908 0.03805392572441243 0.08209467452539282 0.0005363220757392868 0.09244003673043612 0.05384859521964711 0.01853059671124936 0.0759740352372572 0.08010888613925957 0.07053946725097145 0.023237625250833564
53 0.08701430279391627 0.03974642096448111 0.011048848166810486 0.003529335495508948 0.006875716338249437 0.10583333103929093 0.06466864267934497 0.05962991667882424 0.08808050889333323 0.0675959783105851 0.025481758596794593 0.06127892285354192 0.0008195932567293789 0.0860816094237244 0.08561625118066389 0.0023448590785498514 0.0998365252224106 0.0030480632123419072 0.08187757125469244 0.019591844560206243
54 0.009666287785956849 0.07198666437979052 0.04129225200852797 0.0727116906947289 0.030869544499638895 0.06843602506134747 0.0269642132783286 0.08345662285155497 0.07977863504232449 0.07328290215018686 0.06255820132718522 0.05415559807883187 0.020604752022668888 0.018863793506742176 0.07434137497003505 0.06452037596597301 0.01735563825743224 0.06959710122446998 0.026746960724460193 0.03281136616981574
55 0.06235313934346216 0.0806957385309997 0.08433408527387327 0.0891920308106963 0.10063025286004108 0.03443646190546535 2.5834181430904392e-05 0.02435875629725722 0.02060781867104328 0.07438789440669417 0.060142974582328854 0.02411574616367212 0.0744900336319823 0.07363729374898738 0.04619087087241361 0.034236205577347925 0.03287862881167027 0.07671062403240184 0.005487261132089071 0.0010883491661429093
56 0.06610831897235771 0.03351238455734593 0.049533873269813775 0.013363088991057636 0.0706278253120235 0.045672651061815846 0.06267365601436897 0.06242067845443046 0.038313950886800306 0.07033235811318131 0.06683901543005107 0.04104311948457513 0.010900097281421672 0.03680927885043075 0.06494884306680831 0.054588105075405555 0.01918075689337166 0.07380932098478815 0.0660881492354637 0.053234528064488466
57 0.019292160776209905 0.09138885574093746 0.021748907365643874 0.0460744515657452 0.03792566803457623 0.0138886277189542 0.040448593036056586 0.024378584099381432 0.09835050669817369 0.08074645284197002 0.013227859976543422 0.06013792416816036 0.0735862798348218 0.029252863818589464 0.10150057228839454 0.09639295109670311 0.06559344088992318 0.004343670208705742 0.03420494307172715 0.047516686768782686
58 0.03826609177177773 0.08213144591961627 0.03873866878369406 0.03507516348812096 0.07764324363835196 0.05698007903357971 0.03369487814429172 0.03726210091550648 0.03456106756174724 0.004713687546678992 0.00013242274221938503 0.08772154861848691 0.08267514781709845 0.007228077829262941 0.09449482450268533 0.045225152549984486 0.06662996643041331 0.01835186078661962 0.08812674891827933 0.07034782300158521
59 0.10406441041286861 0.030507053249403622 0.09430689843483452 0.012877976241458202 0.054068281816954576 0.08667308864302613 0.09144536299292431 0.004075798253452654 0.001139916378180014 0.07103843098473982 0.01381410847262136 0.021162795208715782 0.061988876264929875 0.024233029678264708 0.06163898486436212 0.08334864251031136 0.08665983985473241 0.07350493312457985 0.01071287076928317 0.012738701844356881
60 0.08519190464346446 0.07243069070820529 0.016592198640207292 0.012784540387849014 0.06354760734918023 0.09135839554589983 0.013477434645559191 0.03135422626403618 0.059781415216858536 0.046010238980256704 0.04201274956391067 0.028256241705106194 0.0856977465540905 0.05742987090117477 0.08991225815098111 0.008426371110411574 0.07614199147632993 0.030342056537289643 0.022366529371462773 0.06688553224772602
61 0.08061231425569913 0.03934072336446599 0.054867570077971994 0.026944279359733425 0.0400547975896095 0.047873807207245433 0.04421878712802432 0.06015222909427072 0.06229529728094823 0.06756713902208243 0.012738562171617316 0.05007614047816377 0.06543934409044246 0.07888434135385743 0.07291480072954228 0.009451045257057202 0.06233300383765534 0.024646955936656677 0.0716292683584661 0.027959593406490395
62 0.06879437759225786 0.03901781433443286 0.07555436682868079 0.034641335501744155 0.02708620509304317 0.08042659205853936 0.01983528638447404 0.07939175694685596 0.07182966719375357 0.008422143037667184 0.08342812132735727 0.026710893059859093 0.020919832452556544 0.05684187445588756 0.05884759410727406 0.08227660989850225 0.06246352571248853 0.03047186453715151 0.050323691733510444 0.022716447743963832
63 0.07843989650847964 0.08024183776971366 0.09192516334494306 0.09376383461108084 0.06958806146298861 0.03811571671687002 0.03713676244756147 0.08342470580897564 0.018568398915290045 0.0009934784262791612 0.0686875004952636 0.03960910885442624 0.00902928459675553 0.025006804408598357 0.07029303430959553 0.0376674046108261 0.011684733816407302 0.028952962840091894 0.09022622516656459 0.026645084889288646
64 0.000990926506456225 0.019523107338352223 0.01159650415419796 0.04451296250312024 0.06817836504418096 0.000362643760400858 0.09709564905225938 0.03420229110850983 0.08469793605135856 0.028704325552934947 0.03249467251471373 0.08872656947260203 0.0712029126547239 0.05486986365995863 0.09872217383919768 0.03332453429352382 0.03979634374298939 0.00942549192026998 0.10420352285350877 0.07736920397674095
65 0.009349093209407092 0.07963673114705219 0.039353267199065234 0.08279809640828978 0.06150059631941752 0.07235074188973722 0.002232816796004321 0.06090666903989492 0.09106301610298799 0.054929017954380946 0.022518988325658417 0.03240798010052813 0.03722130903119626 0.03016897628463849 0.006879640824074199 0.046475088428740055 0.08010167459416949 0.028396632276086933 0.11196114633566004 0.04974851773301083
66 0.03426546258980368 0.0009050597302144305 0.07736247141816743 0.06502615166700951 0.08566851343568667 0.05147636653871305 0.09153409919204841 0.07735985608343099 0.09014133603007513 0.07904853113100424 0.0392940380504088 0.0076063017224184005 0.013242747447011148 0.05225073916920847 0.06695152271842436 0.022388026555122207 0.015382187633588595 0.017417518292147174 0.059952333469022276 0.052726737126494894
67 0.09576937302855072 0.08612443559315244 0.08680242467523927 0.05345492468577565 0.021111999682752625 0.002714510194902512 0.004931789131875208 0.0269875829836807 0.09043628018078309 0.08071938321380118 0.06280337300173225 0.005763903141278174 0.06805513786837358 0.07391243593826954 0.018262138456885017 0.004334190142400261 0.0886949414412442 0.028527397857651803 0.0330663041806161 0.06752747460103582
68 0.09110273372190397 0.08409450266427862 0.011330024600814049 0.05526088065013279 0.023078090270736006 0.04937512930500856 0.025688489704274953 0.07695786103057162 0.09005172434156089 0.02826278221036441 0.04178120953847944 0.006562638316642577 0.03597314740699721 0.061885387900656036 0.025900897245644275 0.06991914236478126 0.09746873666182604 0.0736506169107821 0.04859894179996601 0.0030570633545792696
69 0.03359616117748391 0.07920558873237628 0.08022059900739545 0.04287544472732576 0.047140678482381744 0.04087298286999187 0.02038618216343528 0.005064310283305297 0.0740042719808016 0.017441342442296302 0.09296928980738497 0.07237038136206302 0.034723694734394656 0.07927480534476063 0.08885558173148514 0.018661659698629773 0.03644834717207634 0.03318380054523699 0.020135394596395243 0.08256948314078005
70 0.04570423566932464 0.05985674204107554 0.07283932146492071 0.028471815148129468 0.07472672626358688 0.06975071502578685 0.063962438454844 0.02014890965160606 0.04084967737738928 0.06830617538870062 0.05201075513699256 0.03481437163334465 0.003636389814566985 0.053491669737861555 0.022072672694435677 0.05182738816566071 0.05920098828749268 0.050780721297867405 0.07740598354391726 0.05014230320249648
71 0.06355561812016008 0.00726840199372792 0.020168826813162066 0.0035493442531984954 0.05487797406963199 0.020489328433506718 0.008725896671320387 0.11351264101867607 0.11533311318357121 0.009508423445753669 0.10165185982792119 0.07116948135706296 0.03270927418284115 0.09085910048546646 0.04904063130912768 0.1033558758306856 0.0403648178148351 0.00781230581977296 0.06386928832323105 0.022177797046346905
72 0.010918836256303806 0.08127431982153341 0.08744664671823336 0.060070262406391677 0.04821356697360184 0.04499464636237764 0.024454741715975253 0.0411531516204469 0.026298923156659177 0.09192816407457696 0.04070387574145874 0.07099713492936426 0.041601821935522816 0.0478137074608641 0.009895599948980106 0.07473527013827592 0.06601947812100319 0.03188280823461865 0.01798248844543165 0.08161455593838077
73 0.07816022701914872 0.08239535773039292 0.03424803679498753 0.08328292521040934 0.029005207867441877 0.008633486820013445 0.007822607464179933 0.01811054750045871 0.03953158886633176 0.06678399071298478 0.07867051319379693 0.04563559493657603 0.07237334577899664 0.08202473535152381 0.0849775728029884 0.011574256938680022 0.08611925653190047 0.037365678418632885 0.04197841107261654 0.011306658987939377
74 0.023669545668549834 0.02043946406318087 0.10612532457592948 0.03909390707635615 0.05852539827602756 0.08599221304861492 0.04489216108260124 0.08050967725005254 4.9791372919787124e-05 0.002282441251051538 0.01687582397601646 0.04445608706555742 0.09592458856281681 0.028580685299518193 0.08729477501590263 0.03299998154596942 0.08269635740105842 0.04110921882841226 0.022898044210139516 0.08558451442932506
75 0.0026933587041140434 0.10438419638756744 0.019319409376278015 0.026405533661979383 0.05174338185032806 0.09752705723802188 0.07519033551637322 0.05744268630066005 0.012341017287930094 0.08390346945345616 0.037570900229185626 0.017491782059734454 0.011809734496231655 0.07533125311465524 0.075481156783077 0.0761785757312684 0.02928757667280913 0.043382426903155205 0.08206288775029412 0.020453260482880837
76 0.03763510983625901 0.05434069717132209 0.08380091389754511 0.005647414152260957 0.008361980066164662 0.022689121321723526 0.05636115385740767 0.08526694941463761 0.08268207656198823 0.034791827802586585 0.0870821348636038 0.04980927171751448 0.04013818824133031 0.041823022573761914 0.06272365637988012 0.04727012908008946 0.027951373439957936 0.09563476437343027 0.0429002494434327 0.033089965805103455
77 0.0842102684747098 0.035848489450540436 0.014818503267281236 0.03220913527088803 0.08313898723601228 0.11414967341176875 0.02645708302741146 0.05120548097837362 0.11730679648522033 0.06306262960752586 0.026298033300744348 0.057786752221447184 0.016180260731038242 0.030756101937886943 0.09781928266238692 0.02126276532523133 0.10905341706564899 0.01746106832214242 0.00026665829915948177 0.0007086129245825867
78 0.009432928440016532 0.0837664977567397 0.005723098191589636 0.032535754603186626 0.04329641579041144 0.028154106756264886 0.014300430823425553 0.009086290922299588 0.03073949627458579 0.08355440961678691 0.11571856459499485 0.11325883700907853 0.09605415719832357 0.03209168642006546 0.004698864740797356 0.07205066277867729 0.04510461069559214 0.04590523495557553 0.056803481453456206 0.07772447097813232
79 0.09444493210425925 0.028119271481287126 0.04409421624183401 0.031653767210555156 0.06705291278485412 0.0952043362099253 0.04573052029219366 0.08798275615609438 0.05210192059927339 0.058796094578456255 0.055857871071821046 0.016556014329047204 0.06352883712935327 0.04428988372976068 0.007463355531996322 0.05746033223561031 0.033195729505041675 0.04373406089631375 0.06878343378181623 0.003949754130506822
80 0.07132857952503259 0.07765018614056375 0.03870572636599925 0.040805069586365574 0.0836296009360113 0.060905494578996786 0.08337520470805077 6.236912705646639e-06 0.050508598022814905 0.03215202289118801 0.06752462419591379 0.00888037632346113 0.012733466126199069 0.09809271170316017 0.024390413264773196 0.06245115240855611 0.023333947142055868 0.06178304515650103 0.0179885592971256 0.0837549847145256
81 0.038277700911951956 0.03409970745247909 0.011391483340468142 0.07692210720708267 0.037207451253523496 0.10430536563898697 0.029879805944904365 0.07589152556042959 0.03847704512408081 0.02980154009594263 0.0686551008257867 0.10620250063080834 0.04884778629237343 0.0329134280249355 0.043316888042797985 0.10591485015613053 0.004816189505948615 0.031288301450122 0.050690177437895584 0.03110104510335138
82 0.09526387570121686 0.07129795750271246 0.01741806416839207 0.02016400852105711 0.10480574186720237 0.05794615986647229 0.016030142953873717 0.10969969373082865 0.06861205584124842 0.007353207173050751 0.011151694367610064 0.10840191713530675 0.054963862980784005 0.04901780795909072 0.05913293748754018 0.06661620597769995 0.0021053004446205527 0.019986191724249248 0.043723867040775494 0.016309307556268186
83 0.008739240364093947 0.08308839859104605 0.055436755957502505 0.02152551623150497 0.024273643626106574 0.03632894055017355 0.07889509952346736 0.05536712676604159 0.02370708084420445 0.09126594761165603 0.09008755514850844 0.05040021222687033 0.06140052038522641 0.010680787698347837 0.0003315516917061021 0.05960474369991483 0.08775711995035322 0.0520317975904495 0.07465954560715249 0.03441841593567381
84 0.058634509367350526 0.01661890335728871 0.08762037161478067 0.05012787402217636 0.10810762373117148 0.0927002985809394 0.05686701595802924 0.0538010929267186 0.09284864803988296 0.06522537966430933 0.08340245155972988 0.015755858235215987 0.022806866514342928 0.014063633817824777 0.02416420073038004 0.04414641148340944 0.022872862923503372 0.011923355250635315 0.0389305871746146 0.03938205504769652
85 0.130163638558138 0.026112346260823694 0.07229032442257993 4.822735773115659e-05 0.04977980273854022 0.06737758784744295 0.023749224852362014 0.06579060666444649 0.02542252911390198 0.07319534998582106 0.007474938398363508 0.08984047758100319 0.06436431573300899 0.04977247556385477 0.04259196427064207 0.059089825654827934 0.04655135802230552 0.039570791965232464 0.05758005057619361 0.009234164432780514
86 0.03505158045460801 0.06275253695369236 0.020174143189544518 0.062362120803777184 0.002251429861791848 0.09143262589821609 0.05240389681718681 0.09045981445056482 0.01746733413480025 0.03505653585278307 0.029623350180417677 0.05915909821773792 0.0109329531263607 0.006512502757445423 0.0186457371298301 0.0880006119591813 0.07188777230089499 0.09231150415881773 0.08530910048586647 0.06820535126648276
87 0.07735627980111373 0.06670200906001084 0.06294474393686189 0.020589707969543757 0.07576967932683669 0.046869780356630135 0.08439745608639722 0.021759116907208526 0.03208282571326448 0.0013910958538824532 0.02276598626505401 0.08144082273244642 0.024512887594607864 0.0318560383164533 0.0676414070630101 0.07477051559804554 0.013190036572878339 0.05285312790500143 0.07482612586906773 0.06628035707168563
88 0.0535192828503267 0.10526447699623291 0.02417788163472442 0.10005406368418225 0.009720012577665771 0.09838685591050977 0.06511336010514182 0.05000997010598355 0.057311522358294835 0.025402020475187366 0.07029845518697375 0.02778108498681648 0.013812956633930399 0.0808969703121645 0.05912799742046474 0.017188509225224927 0.04649452183274497 0.03650356305392252 0.05875080761230926 0.00018568703719905446
89 0.05957274234910835 0.1113676187380725 0.07347414799763628 0.008105810309499011 0.0707444288541545 0.014114626059980581 0.020530251505102966 0.08165627213896279 0.03138023602887644 0.025296531032777597 0.028599261023750572 0.08077791430823443 0.06601281671767768 0.03961803492932694 0.012772319121344067 0.07979770329904265 0.036449246770695276 0.021108865277650598 0.08622927804981487 0.05239189548829217
90 0.08392277151819218 0.025279678067145043 0.022183270841035618 0.07821692686603365 0.013200856569266006 0.011493994878123016 0.017841252649042683 0.042429048904000274 0.07613205269858168 0.07800755441534062 0.07302844618686112 0.025223534167344658 0.046120634883748284 0.06941779412948737 0.04245400294117581 0.08817973757108385 0.07320190751794656 0.0691875666315285 0.010424685751074872 0.05405428281298827
91 0.06182237938861108 0.022459754745435836 0.09257481322143041 0.04850290610361176 0.0700987563365193 0.0008875397024256973 0.014317820627486797 0.012288832716865108 0.010183393388644258 0.040365060754031006 0.04558335978014537 0.0772269031997369 0.06354920875552071 0.07848502396131954 0.014771696129255702 0.05283902168519689 0.049365959358773304 0.08960126354749215 0.05642671403025553 0.09864959256724276
92 0.06620679711889745 0.03950278840667884 0.05644894924506145 0.041568859353696586 0.017954544307277928 0.006200515471599142 0.11524919257337768 0.031603593219964865 0.024311985507169037 0.03272036072336517 0.09501977844615778 0.09283925349439924 0.06695975945145924 0.04337940639948361 0.02557929105969689 0.011993972932559261 0.03165559160573462 0.010505890856677686 0.08040474979273818 0.1098947200340052
93 0.02889288731424658 0.00973683317027933 0.06152010659463572 0.06187185261157456 0.040408766457924586 0.07201624594991027 0.0793607926362575 0.019377001603379428 0.07357661757257518 0.025607579056911002 0.028828142690149487 0.05919107389093963 0.026437333527136134 0.07214566610062556 0.02419240562158767 0.054146090349910664 0.08982783529663689 0.07583768249175422 0.052949248471527155 0.04407583859203819
94 0.08062643313776503 0.024082633055311747 0.02895193840851716 0.07926346140298347 0.05197653348305414 0.11060539506254415 0.0476535558545806 0.10895720161794517 0.03425580643789456 0.10083044164548959 0.045561735888182256 0.01904523230170258 0.06153184254613195 0.021103515154822474 0.05558512591159149 0.028464391905323485 0.0521961056841418 0.02340832690395443 0.011282421703453427 0.014617901894610532
95 0.005411430171514254 0.04303289779335164 0.04825359985299532 0.09076366901913877 0.08020934677800935 0.06357121861612555 0.01624946705133423 0.040228330138180016 0.020875744818410293 0.01883767882036726 0.06865434409910143 0.0038425120969540058 0.03694487579556025 0.030181824980833022 0.08034449065455998 0.05286879206440429 0.11129729493513466 0.045353478078088046 0.0851083961724234 0.05797060806351462
96 0.030541498606482104 0.0362647396615059 0.08628795783370652 0.07787556297362813 0.03784504766914727 0.014711602648240441 0.01034009365891083 0.01423425810247281 0.09089102789454527 0.07576903655809426 0.04406781342920768 0.05582137318021664 0.07735517458559002 0.04886023978722392 0.08132758904282389 0.017466528441010504 0.0672586082142835 0.07402432392999872 0.004961735093725802 0.05409578868918563
