0 0.06541898000220141 0.051425206723853444 0.06593754883736848 0.03516179789885715 0.018734447888501496 0.0034319708135749794 0.08215038712837934 0.052079712556731605 0.08220205628345163 0.008539170741386666 0.09498980145831501 0.028855185831978332 0.024051194911546895 0.043021133953090776 0.055322440379428066 0.09023719408946472 0.005525957958039349 0.06574792595261644 0.0839081518121517 0.043259734779062864
1 0.06464152876388195 0.053496474194772416 0.10183839875849865 0.0290900274739591 0.026387123833734066 0.04006768153618929 0.09036490001877136 0.008172541951421622 0.07282647941950394 0.0590668518701645 0.03720396633820736 0.02579667874286408 0.010239104166109222 0.05432470309578354 0.05196886235310096 0.09418963069528175 0.07866617891243834 0.0008955874142825898 0.0786080079571282 0.02215527250390704
2 0.06359955051546498 0.00228708587823601 0.0441955156174536 0.07654567291685357 0.03693849540882379 0.017730396092702008 0.038278225528315675 0.0002791524243902098 0.02632158069851638 0.07879668920553827 0.03685079613079353 0.07277590109116673 0.056105240726391885 0.011365964272208809 0.0825519568532129 0.04532371894658108 0.09281371595448788 0.08223871174286644 0.09735188723074374 0.03764974276525267
3 0.014230059826891602 0.07145297070390288 0.04645343708248194 0.11043249230073376 0.06564161332269514 0.10899004419586769 0.03139079911728323 0.049475957071023646 0.008244657767273221 0.06533563131491033 0.038080432240708735 0.09942771809520626 0.01947134532303236 0.05893372889889171 0.002113504607355531 0.02375398068445722 0.06091395744479205 0.10607923154220367 0.012427983411785188 0.007150455048503682
4 0.009828285114087154 0.0772082256369525 0.06866653555794497 0.0648389931603821 0.019659141680082298 0.06321943525706804 0.06603823314548744 0.044505685309697764 0.08821314296338101 0.012500319155063912 0.06605079334220255 0.05440239225421509 0.10343244311332213 0.012858090592739683 0.03774314169652486 0.006341763936877824 0.08546401014515335 0.015056219107788751 0.09255244108126705 0.011420707749761531
5 0.04484602843034003 0.05698679187301208 0.02944850387816814 0.059241898226456334 0.04632796463166909 0.07710241794863162 0.02271713270917755 0.06784318952429615 0.006393777189516235 0.06628682352235561 0.0011872926903908256 0.07091270491131098 0.07754071605170088 0.05899905690261144 0.027708064251264812 0.028125694282128 0.04436604974622037 0.08045974850138238 0.07378613662570907 0.05972000810365852
6 0.028854762101582915 0.0770158617241058 0.024948418349447492 0.052865987555412434 0.06881637079573402 0.008761050937619643 0.00046879706431009833 0.06506218714516773 0.0626484901570725 0.08033503363744372 0.10180920685958122 0.013286078546223785 0.060854288574966366 0.03388202114850195 0.03174479774639988 0.07965938740840256 0.00857122518387271 0.08058719870987617 0.045849159666709875 0.07397967668756919
7 0.04951351991205554 0.012927947629485318 0.07884101981496307 0.003115774130892106 0.06127010647122243 0.06236067295796644 0.07121340368138793 0.02964239746370553 0.033457948937443305 0.030942010226817907 0.08114406604871997 0.039217510958970546 0.02221667079366624 0.08646053729394933 0.05664219845737469 0.08222665050053193 0.032966028788303875 0.0885183761098332 0.01848005875737074 0.05884310106534
8 0.05649239310948957 0.10752308517567417 0.04594316216157776 0.03244815397366996 0.0402140809207218 0.06729936088953581 0.034923790380141914 0.025552047180009297 0.000720403064299601 0.09414470726673253 0.06605882412839663 0.03495936386558133 0.04105219072502059 0.020919705900535043 0.05498129375589119 0.07491931885083235 0.05909050808452333 0.06576951527228872 0.05087391952927857 0.0261141757657998
9 0.04749973312883315 0.03568300078256293 0.0585756363605579 0.0806116946314252 0.006456313141326868 0.059654067298338956 0.04386042798130119 0.06583510264736721 0.03222510340146313 0.09251834749480924 0.013291264905982297 0.06641708660690122 0.045613261751657426 0.07225925121543363 0.028862340881471233 0.005578278097554848 0.019713260504414614 0.0885682160811962 0.06180750169914306 0.07497011138825967
10 0.0876437415131488 0.03699766582604007 0.06994536443523716 0.002909435978146348 0.07998810488639622 0.06137821947937063 0.0017923409469586074 0.07061350759935162 0.04050131973103987 0.06179701665538634 0.06352471788169511 0.05271206218084609 0.046732393449477966 0.07266661449374025 0.002624504403928583 0.0268772395302949 0.09272171642046947 0.0172484333897255 0.08926227323013004 0.02206332796861627
11 0.07059496676835644 0.05050961070480926 0.07200359152300159 0.05416791536846309 0.032568466421450885 0.0008001115637882357 0.00032607869773315233 0.08167268628878503 0.11050162624213472 0.056005344046112134 0.11988114257205508 0.08177390960997885 0.00834248334789631 0.045620454029423885 0.01698290441757767 0.012534031261540022 0.09161567889170415 0.044173902456508776 0.025674261253819077 0.024250834534861675
12 0.09502161864533105 0.0129890440670501 0.056855649976967015 0.051804458316083594 0.09139999161765847 0.06983243537493594 0.07551717462115183 0.08395938569370061 0.005328771040811257 0.013167340609088108 0.05795200184104369 0.012822953940608096 0.015059378047876054 0.021207788351992416 0.014631999641229358 0.08934912128883299 0.08467349095143263 0.04821801890091381 0.08524307791191053 0.014966299161382552
13 0.0768207748574001 0.054158398913371354 0.048567658784664625 0.006695610250962511 0.00963946240218353 0.08557926056032991 0.0910594866708445 0.006945612086055651 0.05531257649015099 0.05431499805997968 0.07506422358739746 0.006241574135126868 0.025754556007593774 0.03953578500258967 0.08562133059400057 0.09599564121374303 0.02017636745292737 0.04664726597049072 0.0921478309028205 0.023721586057367336
14 0.05271466395783016 0.061132712927921835 0.0566788312035799 0.04130733898514634 0.02991475864055143 0.059468396712182396 0.08584551452766863 0.044836577106197366 0.044130261524261104 0.008475160303728477 0.08010653230267317 0.0811808967023536 0.04919768003959883 0.043437855434360816 0.02105970100325375 0.02552349717657216 0.02260968452748255 0.08648643744784328 0.02039670822247937 0.08549679125431485
15 0.07718224134454732 0.08166223966559283 0.021147005586094458 0.06399525087199874 0.08093349275327204 0.060781004438554956 0.031007622055760808 0.051895310435286446 0.07883578847071653 0.018958832528868257 0.022624670380107785 0.08675588244313456 0.07207482920822032 0.016744307695194176 0.05241862193353407 0.06511775639804387 0.015181721206403173 0.049284029748365085 0.041282901694170725 0.012116491142133678
16 0.03288830573027336 0.045831782189094256 0.02687791430940554 0.00205723534632179 0.030699174949187953 0.07497495992219529 0.10412824987820256 0.10026940332778173 0.00700650813640645 0.08810870199598893 0.07301928178189972 0.03589131663860293 0.02844583262090027 0.024753072074551685 0.07211747224784808 0.06595374010556458 0.09597151899775412 0.008954468052430591 0.06635879649458863 0.015692265201001494
17 0.06411879910036992 0.06950500090100852 0.05364817095717172 0.0003235569895481209 0.07997635641409179 0.08614065137122966 0.03505622133647035 0.013722260127746149 0.005930163558692975 0.06265381217531832 0.06843230465417072 0.03350506000679347 0.06585734619217008 0.07696585493420435 0.019022434079946977 0.06644278007789119 0.022249249477207623 0.06384991553792628 0.039619959512350554 0.07298010259569128
18 0.041882728034144535 0.07680186042292755 0.06927147484217354 0.020923581706234956 0.06247966662803015 0.07426554957544529 0.030998743562391223 0.04922433153904168 0.08054819116812334 0.07580836788395207 0.06565142207684571 0.05635986568070768 0.012993729462647943 0.015179466451984163 0.04917145607127909 0.032345312758594286 0.03433575622830459 0.0713399103259967 0.003917862857150445 0.07650072272402514
19 0.07277628739146379 0.0519588848046836 0.06411321781890947 0.05038513240010905 0.07327598896054811 0.04489542841668853 0.005242871494836983 0.047209161370705875 0.07749251607049622 0.041227500179431886 0.08254607132098264 0.042653763117758335 0.09158486104752583 0.04140017164142469 0.08461452456765729 0.022480786919332 0.028891265079597984 0.015637491034898098 0.02659624359062332 0.03501783277232607
20 0.034499419067893104 0.0028420332822427317 0.04394334341280014 0.0804239335064629 0.017136139429609197 0.07896251222095742 0.07907799656754698 0.011491827281425768 0.053488330447591936 0.07139356865691507 0.004317270340745027 0.030094857363727006 0.024475289973355418 0.08932558704242581 0.08542351000719267 0.0612927837316765 0.04915176846642978 0.07385786162411932 0.0945459078617366 0.014256059715146577
21 0.05966848767011674 0.08844721442799022 0.09068231532141688 0.08673747136429318 0.014649833810223124 0.019219356997002123 0.01639162472940111 0.07425603333851358 0.005449202322783963 0.040932005699156296 0.07500131756979288 0.059477691046380905 0.021869834182839033 0.04457440218448602 0.004938024954876381 0.012033726655204186 0.07801709495437908 0.029193013864131437 0.08423364761913055 0.09422770128788242
22 0.10252850586264584 0.04993778092745414 0.08405098288406344 0.05412210488798824 0.09288064321604851 0.08687427620625782 0.02446229036172426 0.06302326713818894 0.0018517241949311447 0.02469180071760826 0.017621766432770473 0.012011267396540529 0.10336193600821054 0.031551698470814966 0.022039041094356095 0.06730949980690847 0.027722717186493707 0.06376764758296372 0.02474607488051023 0.04544497474352033
23 0.0724238334826399 0.03141252185608003 0.03945211534547506 0.08340139489463927 0.011814270601236564 0.07906692499618771 0.03336517584723488 0.06591201053318259 0.019028606288143436 0.06706241601621722 0.013941933976248645 0.054649685158159045 0.02309602950214556 0.07893922345670434 0.04200969357692321 0.045893927418632637 0.07833236921635801 0.04082535622164587 0.04491521083578686 0.07445730077635893
24 0.07156636858585178 0.025499426903796512 0.01102090272732427 0.02533021954422804 0.022497495535748452 0.015052133565685731 0.027608626331329277 0.06594135995353405 0.10149596974826235 0.035283173752066736 0.05393380271614907 0.07515842260475906 0.10365356329551276 0.09238676508224966 0.03674513907529008 0.052338025814198816 0.007121582003742917 0.07318015963853318 0.07203967370691348 0.032147189414823626
25 0.04886597208822783 0.02466437019772243 0.08123308321953786 0.020344283045344923 0.0808560949185281 0.047047478406147356 3.7672146827580674e-05 0.07568585153155667 0.015429066527913277 0.048902334413600666 0.0008184694617269968 0.08231607680087882 0.008783183941702808 0.054879202117206316 0.06588515637019854 0.06983676801571634 0.08403333369900758 0.03688763048925034 0.08740298859700336 0.06609098401190211
26 0.019270285641626705 0.006220279813007691 4.228564226151011e-05 0.013332832054838683 0.0916782831316528 0.06967610536829068 0.06849282129806933 0.056813927611385234 0.03280479975387032 0.002473139259385128 0.09720528863376503 0.07803684837521528 0.07467589509838682 0.04071579006126121 0.096186049645878 0.04285174848893769 0.04814346941141123 0.018346524384725064 0.0572493306710858 0.08578429565494589
27 0.09874747112663015 0.055444067311629555 0.025150523247683326 0.10209590921460365 0.10472878689621512 0.01732412877404747 0.00013320706188678166 0.01854450255435103 0.089129386577776 0.042280756805880684 0.005801330866786852 0.0047396006097816315 0.025910593966328502 0.01552426901152668 0.05021438389730141 0.07854033939422046 0.09098538893096046 0.011778730611595751 0.057174467700852855 0.10575215543994176
28 0.07314292431112902 0.018742029235282363 0.0556591824364855 0.050590782041813526 0.050685959863507095 0.05153212897735081 0.05831321995563388 0.0693128551453607 0.06366513898294586 0.07650888263494378 0.06360973979993767 0.07188441330683923 0.047167311308183066 0.048633205001757156 0.02940819423504121 0.02431310322068587 0.05192208551319987 0.03316465184248457 0.02615075160774253 0.03559344057967629
29 0.05777248013715875 0.06935157007969453 0.02995223632068337 0.06399904016195915 0.034456563830076274 0.026988198624091533 0.08910258582528559 0.05341238324422619 0.0402825651714088 0.029760737119527456 0.07448186617174794 0.06947719001511246 0.023736874398943855 0.02155240787146125 0.06084784771063339 0.024210677961613365 0.05083888046417302 0.005590580116490965 0.08667505973172754 0.08751025504398437
30 0.009697903904288738 0.08009244055110876 0.07008078723268593 0.0642089010887479 0.044854307818940675 0.049528217386713806 0.06225154189910888 0.05136569779203553 0.057200114063479045 0.017927954614444828 0.07868156557352626 0.08407028955828211 0.024194479646828068 0.02532119811504335 0.06748888935005498 0.04759899216162712 0.046259097042264545 0.06709758733712494 0.0021793282126278046 0.049900706651066724
31 0.053474640807723156 0.05133242047402356 0.012497584982093806 0.07115618964198166 0.06376445323508965 0.07622609320017584 0.028344101799212196 0.027200559031896634 0.05557625792833479 0.0742288119052904 0.07320664250503872 0.043176821862920794 0.0766682057733295 0.0816798166929915 0.022993678676788726 0.0089302997897705 0.06309138157561878 0.010227865345487757 0.0735527755724064 0.032671399199825694
32 0.07622511066392962 0.07740817749200535 0.06775787430071381 0.03966355536318481 0.03207958255243447 0.0694471428658201 0.05189984268426278 0.005876969226742501 0.08043244043408762 0.03188249488777084 0.05693383203168576 0.032668273014023766 0.0753682872290593 0.07213768649692716 0.06880883639285494 0.011432141679924672 0.020141160192524182 0.030796183489343334 0.04727375602320417 0.051766652979500886
33 0.04670435325324143 0.03110416869258213 0.058664667577366506 2.463233141317483e-05 0.10340311735949881 0.08166555997377464 0.09029367038474828 0.002446810413152109 0.042731700965561184 0.057842641265976 0.09938419682217221 0.06658497795668493 0.050653210935029044 0.06513399663346377 0.0007173992338317336 0.08180466120769427 0.010624505135172204 0.041025470067806304 0.06286534448515568 0.006324915305675623
34 0.06870374902769003 0.08335515866879635 0.06824733128377145 0.08504707276125832 0.044126865134107324 0.08003871214722834 0.047848154754202246 0.014803651188708121 0.0737910638415593 0.03673569035230005 0.04040854405989029 0.008080457068489805 0.08490444340495361 0.03744560028109559 0.005687621585737332 0.07527609578474664 0.031108246121616383 0.06738949816234195 0.012945324284976521 0.034056720086530136
35 0.000967858957236166 0.09356276741311816 0.0302800377562262 0.1155448088660943 0.03132961728534613 0.05893812776215275 0.01686846630318345 0.04451901659766535 0.029067962144614174 0.034575782537670914 0.04343141504679993 0.07517366731984501 0.024945887385144465 0.07755184277002042 0.06538430523620987 0.02444909954418894 0.09095476346802714 0.04421735632130557 0.04270628498048349 0.05553093230466763
36 0.08783889685999735 0.053980440904192115 0.08505583680630766 0.03780086564252621 0.1008956928565339 0.08535588052370999 0.03775010069736096 0.07486579738474981 0.06298759696513698 0.020240735877056364 0.02347447193566827 0.08635455541654688 0.05009331520978855 0.00826266063030916 0.0019321015586710036 0.09752652892462027 0.01878170894764946 0.04759081051073174 0.007102442126492527 0.012109560221950614
37 0.042040722958853735 0.07154738446001598 0.04840689330096409 0.07907724906160671 0.028551223065945645 0.01795852392740743 0.05152661893786131 0.04353691913140332 0.024796172354105844 0.03705655797400501 0.05659835705272288 0.06429559719167788 0.07729873313330637 0.06567702875822273 0.057266000447946504 0.05126505685668178 0.05248968792937849 0.05884290572194304 0.03821761744148978 0.033550750294461404
38 0.06473881291253292 0.05984197426288974 0.030006722110149674 0.007805402396430841 0.07873159899470918 0.08149657032618104 0.044995971557439896 0.0017698398751876652 0.11947751290799931 0.03703602338698777 0.0075187330358382175 0.01464716635615557 0.04936447252022002 0.054116240806384 0.05408885385180523 0.058132966762297275 0.04171537542537899 0.01284860238371629 0.06255122044239524 0.1191159396853011
39 0.02630248284563684 0.012343131227902784 0.0583570953810725 0.07178000960019977 0.010609062239658826 0.026585069763430943 0.06272142384119475 0.03745080165806544 0.06558803751668109 0.06417885892371979 0.05910808560488355 0.07220179812610428 0.060214416360702676 0.0649928212853262 0.026788947406887434 0.009276850896395671 0.06078615190669287 0.07452716234654057 0.0738081038383952 0.06237968923050894
40 0.03615988429767806 0.02639306709112665 0.08728195349561481 0.08662568698261051 0.07247926208269599 0.04911960873511743 0.0006982158132248719 0.05644840263902915 0.04085724325887859 0.06744710965976558 0.03549574413627965 0.01358003677818853 0.05500932746200891 0.04435235081478307 0.04361560354611806 0.08783379508441988 0.005449523028947654 0.02351050033517326 0.08730882387707717 0.08033386088126238
41 0.04517588288945929 0.008829710392175434 0.0992598039936522 0.01937685399135603 0.012778038398449798 0.0411072375731578 0.03353339190022146 0.06004866125188259 0.0398382498702049 0.04727994294714744 0.08320840494539236 0.07222203496317883 0.04040129757458301 0.09251516753162771 0.026815485793211948 0.06548797540965087 0.09926046538468272 0.04846099544481468 0.02837466094027856 0.03602573880487226
42 0.012434086623116257 0.08465719900392787 0.043616853438809514 0.0012023735057837329 0.04293741654196175 0.0060303762313461615 0.068299695777309 0.057474300768002536 0.04892001305852937 0.0670344084029411 0.08440464212047995 0.07687412253285637 0.020886975421442713 0.029333942448258744 0.08425333386898519 0.06728923331489146 0.05238602835794306 0.03052954247543599 0.06504466311594549 0.05639079299203376
43 0.00023811881909851303 0.0568767661714046 0.028000238633116407 0.02549018481572378 0.05016099633182313 0.10057973742227835 0.07214275223292034 0.022760474464025175 0.10619922344819474 0.047120706189280936 0.05795723694565289 0.000633484509059009 0.0378454051750076 0.09087734039292292 0.06195419546209448 0.0821113391788696 0.04827990946905813 0.0950474126215118 0.013387982410659027 0.0023364953072985365
44 0.0023348262427742485 0.04408206158622953 0.1034100941857633 0.028410318611603477 0.07162393109285817 0.04624396327028519 0.03959216549580042 3.7759016489184977e-06 0.07474300010917248 0.03941337043249633 0.03421352593494905 0.10080970469376606 0.07707069602532006 0.018332589955205945 0.026110571681494846 0.02912703795702362 0.08562879487721128 0.02225583630322614 0.09526736582561074 0.06132636981756044
45 0.005452678917375754 0.02873374723111558 0.06945402453344388 0.06684346028518588 0.008591475745468723 0.050452438105620896 0.04597879498744169 0.013152614804252664 0.017809002500805103 0.019657374426748347 0.09621170498439446 0.036344519834848675 0.08045421514399943 0.08780176387881566 0.028354147984170745 0.06595786079658893 0.037613407482102776 0.08866875366054551 0.057347244070793925 0.09512077062628131
46 0.042305902432899355 0.03067037161231564 0.036122752034249604 0.058645555974732526 0.05920274546866408 0.02095552589521713 0.011847855602067268 0.005683875312737138 0.040286394937600264 0.07697584618635657 0.06933479099096194 0.08391411828518859 0.09848064725980014 0.09259189942862474 0.0711267416611178 0.05055169376347817 0.03430498386633261 0.029949738715586663 0.07802505581242279 0.00902350475964686
47 0.06169438447396391 0.05044358774702471 0.03969690227441991 0.09681781555371806 0.024567459017512772 0.030993599688589692 0.07893719337690167 0.06651921874085921 0.06406878505882246 0.09291008987981639 0.04273245618436482 0.016966801613329852 0.10460911940042301 0.06508672639708894 0.005322444462028121 0.02684702265477552 0.016607777429679494 0.07672022992589893 0.003128109463828576 0.03533027665695397
48 0.010885226154993816 0.006458949043567451 0.0863104261436565 0.07857061417358298 0.059999569359806694 0.035672269275071014 0.08282910320247963 0.02848814126681299 0.09078331802191353 0.011297501562694993 0.017154095176158367 0.000573897315608406 0.09315997076858137 0.05981874061285578 0.07837344606640896 0.010877630147855248 0.046874374486300725 0.09375147545711225 0.012950542370748767 0.09517070939379055
49 0.03193789740470827 0.08631587614640035 0.0636466379862725 0.07222334970637752 0.0651069532025132 0.06997385027729039 0.05764823864067395 0.05820678313475081 0.053450645039891866 0.01019677838189253 0.08802949515736043 0.07095403364205188 0.02146157313664891 0.03022292879803479 0.0075814081459596805 0.04747221817253523 0.07569552274186457 0.017172749818645045 0.029407588634574162 0.04329547183155393
50 0.055352563210870634 0.03608888962187546 0.013764469774145482 0.03329179813373329 0.06731210867528652 0.07505069506600398 0.07406787331719523 0.07035830652976179 0.06426497540310905 0.008939415974472231 0.02987577250809859 0.03153419812449954 0.06637480262090338 0.06486627540679765 0.0050344768191591055 0.07461676161261863 0.06508373646546348 0.07505988832274406 0.015707934374516952 0.07335505803874462
51 0.047625158958503 0.07251766710484073 0.036081001063397046 0.07879976886457556 0.0682589773840397 0.09205211627606776 0.014062513105910321 0.06805022987931283 0.06091259652829864 0.0702002737172865 0.05491952340232729 0.0666817181036577 0.005894734202511519 0.056293337148485875 0.03158376348448146 0.06316715986607076 0.0034573662717792097 0.039889674913774695 0.03200527516499586 0.03754714455968354
52 0.07702123096065708 0.03601333794955828 0.022840303605375995 0.03551277141407612 0.04099849622204893 0.04498899850939543 0.05980490205158839 0.061636811462197315 0.010545360524146594 0.10156829844414025 0.05069864417534553 0.03186786094550609 0.06568901148709184 0.03301213188128179 0.0910511592087273 0.0684078719163992 0.036242205341892 0.023621434221906643 0.04695201540487389 0.06152715427379119
53 0.01035044568869931 0.0835421700455509 0.011094518431815109 0.11081756959243687 0.11677463961133605 0.010480965030825618 0.1137960966310691 0.032664119372580645 0.001193105959890036 0.10953336450304392 0.005800144978149377 0.08332623570686291 0.024056968438195634 0.0563898468242615 0.09881628408989075 0.07117733875528626 0.006348720889222889 0.011447800229247415 0.005188046077716368 0.037201619143919354
54 0.007016715745667303 0.07466954965405631 0.09195878814599402 0.03932753520308768 0.04668301499944712 0.08603138784947124 0.06037901777648416 0.10309303076475416 0.021582128994478634 0.03429126125381322 0.017535266318383064 0.0588704444905628 0.0906590956140077 0.018041908908151588 0.005479960239289694 0.059316194660482824 0.059214205919458425 0.028791204100879774 0.00529939310012996 0.09175989626140015
55 0.0710991743965287 0.08737777498127307 0.03860242571220805 0.004049010656331146 0.10279454631518642 0.08338860934389161 0.028206525153939618 0.008898128583785267 0.09503342194712379 0.02818813614689898 0.024477544125948276 0.05247399325137141 0.005474214933328912 0.051660408910508174 0.09032810008745153 0.08856900665241892 0.04007807366561784 0.034415593003361444 0.058884085438261666 0.006001226694565005
56 0.08179195451252234 0.06005930980990014 0.04033791576472569 0.01740294291509298 0.08461419357121198 0.02244873917240078 0.026219998226987288 0.035635410841948496 0.03694258172417341 0.05040291747531376 0.06260782324204386 0.03443298620924146 0.05725888207017936 0.0757729876102198 0.05913638150672053 0.027940763087349933 0.05168406749265465 0.06478938148980154 0.06631529021339788 0.044205473064114084
57 0.0722823569140792 0.05155692013175642 0.023578787019737705 0.012113277152779489 0.0682558372532875 0.07159563338299947 0.011912800409041501 0.03811960058633378 0.06263582424405914 0.03338285962832248 0.05447561109882321 0.003676098848616339 0.07961693166680345 0.08288034048420773 0.01910363936586956 0.09526842355730436 0.06215568143480693 0.05104206759986457 0.02283438415023946 0.08351292507106743
58 0.003065726422543093 0.02653544464430201 0.0825027152796633 0.02269612792874259 0.047267548922040444 0.062217267817514535 0.005368685457059932 0.008767185638346478 0.04099565869858629 0.0770224245734775 0.031018944502033356 0.09179416050789602 0.04801898204598211 0.04119605512722768 0.049553263802752934 0.09086339560277132 0.03379631402112803 0.09146022921151352 0.09349720132286767 0.052362668473551026
59 0.08735557352318588 0.09042206968093562 0.02235549185312015 0.013742581525403865 0.01947348893746367 0.016557180910701998 0.046808347897258976 0.07774401379214173 0.09245718831578655 0.027137863194271264 0.02548028424031814 0.07422211940426626 0.0535665283228987 0.08663291950932728 0.050774216416833474 0.04180059806195438 0.002863062881260059 0.005459873765079686 0.06970774320588967 0.09543885456190233
60 0.09543872585077055 0.014360006407581923 0.05070226883599829 0.09105131463587776 0.013969758591769653 0.0017812628752493156 0.06052432414561948 0.038719082944762936 0.03774032752277219 0.028893987462143802 0.10473213954115633 0.10281683110108447 0.00963434379811472 0.10197290902532952 0.014588292383527959 0.0022249747392831375 0.059283862012516446 0.07770505295006214 0.03204023929192666 0.06182029588445281
61 0.049114794152948615 0.08853265951807895 0.03652957659716014 0.034724675629270875 0.03705850359031226 0.025017803741285188 0.049123563914638235 0.08249908175672294 0.07343208416733164 0.059982782822897235 0.03953344498191348 0.03794813850200228 0.004342626394737303 0.08208723405164717 0.0392525624717803 0.061804275007754615 0.06359815124108896 0.045961897454492376 0.08385813888859858 0.005598005115338885
62 0.049783860421571735 0.08773382825601499 0.01506276740823076 0.057030441974965686 0.08026308873784009 0.03680601045359101 0.009168211079436422 0.005121570986276497 0.09166836688378481 0.09321585052001294 0.08282761473254384 0.020129134037500718 0.013329114049864752 0.0274873177005739 0.09252910120477391 0.04939265228342782 0.04127925208710467 0.009500709193989296 0.04506587590561555 0.09260523208288067
63 0.01948460704489661 0.04925268662408369 0.05200808808653597 0.04081218917501622 0.09348596913464106 0.017848443258690293 0.07155463682288453 0.07660971277095648 0.0205695084299125 0.09725706990068475 0.02572303447581308 0.03258619246877979 0.05178678283585464 0.02232625563026867 0.10648034157663644 0.08086591916331833 0.004099625102079824 0.032786483532540656 0.09128413000455561 0.013178323961850825
64 0.009196248603031166 0.09427687819665337 0.1036812651023681 0.026464519963120842 0.0579742368824733 0.06098002468851348 0.07946546119269658 0.0028519241182240647 0.10073753954327402 0.0697664990784737 0.016876410912464824 0.005109542932626607 0.026027878561637068 0.006116933322772156 0.010628438894697907 0.10709364305310881 0.10289820879961366 0.036709235047901155 0.0764502634216663 0.006694847684682699
65 0.030343933223507813 0.01716595902207523 0.022694646954016334 0.04130987328245689 0.0942715473085731 0.03085383831078226 0.0963083196594469 0.023629585373238993 0.032262760822160785 0.08765171988330327 0.07915126973246109 0.03654743014868857 0.029643207386703598 0.08124944645982911 0.05532904598307323 0.03704581132419841 0.09115350720731903 0.02535655514785375 0.03494123592443572 0.05309030684587596
66 0.08082259404771279 0.09288290129269927 0.06132579564261034 0.059849953677276996 0.06672054106268996 0.0810504570069093 0.0049542306951253345 0.06801073460138601 0.0693784737929698 0.030792234899519922 0.054113509935792156 0.04703885604048869 0.0029101989339904606 0.05288640196511509 0.010931844887340836 0.006616687591396498 0.013604912662677004 0.07573302025636931 0.05484543340138026 0.06553121760654992
67 0.05176438106705166 0.03351179312907133 0.05666548817065333 0.02729624819953976 0.09228801953148809 0.07719664306993182 0.05261238216510778 0.03866201932935527 0.09167305531651065 0.0176516118633224 0.06263528974080408 0.06302326152129972 0.017374879624905925 0.08846314039599311 0.06368570221450764 0.03843989859479098 0.037653635550142006 0.029675221194891934 0.021841836581666576 0.03788549273896588
68 0.07675841757951887 0.004456252029656023 0.021193113832851985 0.01209960280458674 0.09796363338142615 0.0993340107526405 0.03883304777184174 0.05074955966865229 0.0948158615212948 0.018794051887470957 0.07752377193111867 0.09097593248669834 0.05805035887427888 0.013714979390584865 0.030785767464783034 0.08356430901518244 0.028389465154344002 0.03423827018125502 0.029273186008767542 0.03848640826304696
69 0.10744010786430207 0.03561203219626616 0.060013774046378976 0.011199023749666021 0.052865323105406856 0.09932880426189344 0.08433974483293341 0.030939295696954444 0.06037795561973108 0.09685406633881297 0.09340388667673655 0.022725065005646517 0.016952230492244535 0.032448023923314515 0.05170362470640067 0.021135949242732408 0.03122570069026477 0.02628599033728837 0.00980681222158875 0.055342588991437396
70 0.036756402286494634 0.05117505188528138 0.03401643515353915 0.041852002690330264 0.0729625552674185 0.09261670354521044 0.04931187934759803 0.09974336581450498 0.008062818968172307 0.08465326997609242 0.028218427396448358 0.02359292391901793 0.03524878727787582 0.09035157569742573 0.06248675996456609 0.010779731450245274 0.016869916547881524 0.08001228952249977 0.04951400304225926 0.03177510024713792
71 0.026692844512689454 0.009031851053546152 0.07762883420084642 0.022684689471979144 0.06765856802202971 0.07141559175591775 0.0034139673001225236 0.10490362253999659 0.02413289904538949 0.0014478825302209483 0.05741683796180282 0.09766151244370354 0.09160349636879862 0.08803153074546566 0.05232897249253881 0.09888345858047272 0.005867982646401163 0.024785388663713347 0.009817001751630266 0.06459306791273489
72 0.009690294569500576 0.07342990798417615 0.025642113345796382 0.015175751621720274 0.058134568136028256 0.03915372765909614 0.07719956718334435 0.07544811404424097 0.006783086758120609 0.05780491918833626 0.0736882151787465 0.03796501193647793 0.027134320750089688 0.06605742074180326 0.048151139831549915 0.07897448134593661 0.08566977509603266 0.03426075828435076 0.02495814411880055 0.08467868222585219
73 0.08430999802405796 0.04683661594290418 0.04533893398950072 0.023353141592144543 0.089578439613005 0.06426287307040039 0.0571595195560079 0.0007342438283058594 0.05713504811855286 0.04302982630141146 0.0959287938040944 0.00555040653246416 0.002615638982814474 0.08055702862661031 0.10058459500769064 0.018293949138253295 0.01728616177534596 0.09453759690561134 0.022263091428783428 0.05064409776204096
74 0.0007720973774427058 0.0550063568112128 0.0033487526810858214 0.08491843214705658 0.09391963818438603 0.07695893653922192 0.017018569849322613 0.06692714704747814 0.04707198773159645 0.006766425814765884 0.05614715310241932 0.08585973510549665 0.04295001261970869 0.07190448951745619 0.0017871514194266734 0.0807228067643159 0.041643848620018985 0.019912843972774062 0.07152995696557643 0.07483365772923811
75 0.11109272615478058 0.020679686832077004 0.015979196635143005 0.018903813952490925 0.016731634563526946 0.0071468552749422605 0.06087871245810705 0.007892450003751848 0.05022136677347128 0.027061584869104465 0.059673168678347745 0.030388520450535316 0.06350744555016782 0.09999307067759328 0.054095307531723216 0.06038329988862556 0.08282413336872926 0.11471249239330895 0.06251760401607202 0.035316929927501364
76 0.06342900298649626 0.03247595995333601 0.0840101135629699 0.04067252480358231 0.04866618868658812 0.018937101284258642 0.06476136070351428 0.0066991698202684205 0.03552735703962023 0.015413266268821758 0.011443439722031728 0.090350777594656 0.008241543588609257 0.040595650775688885 0.08652988019512288 0.04248584167489237 0.10414315226707856 0.04781793318329755 0.10977175492345957 0.048027980965707255
77 0.009383004703053841 0.07679815826430925 0.03609186398965608 0.02637903623306643 0.10392362244058842 0.011051242385714559 0.06080428780150186 0.06966781683571117 0.015589782151189058 0.09202736220408263 0.056565022206589655 0.058249735209479785 0.05743236387254248 0.056612253295199616 0.01229667639279396 0.041169600273684014 0.023988049999494037 0.08635410964717145 0.023569262979357485 0.08204674911481435
78 0.03718452292879085 0.09844602601812621 0.05821225704849729 0.031162889722774513 0.0329866845897416 0.07821990998074264 0.05345329482076578 0.08281281920182505 0.07193323862415156 0.048989731629456884 0.002267944119199862 0.023525242605795235 0.005550362971359677 0.06119966564276937 0.0811901981565278 0.024673182410599567 0.11710972827863626 0.0760162806801844 0.003781195256363336 0.01128482531369217
79 0.08229670595509353 0.036772391501434784 0.035558032093107636 0.04169989408770373 0.02489370970536578 0.00816817137418142 0.09456288391214891 0.0831086536136195 0.055065509597060726 0.03265562035118012 0.011113364070723348 0.07670944775623609 0.07080045688815159 0.08100652214888891 0.01091537324004598 0.08889635922729348 0.008174482465507423 0.0013916983670966931 0.07145228513264683 0.08475843851251366
80 0.05571296920198863 0.06621894388700837 0.061326379729779626 0.09167412311901603 0.03676668002986057 0.04059720552789228 0.028080966385912003 0.030716420838242435 0.07154702540447953 0.017246468306368397 0.007795942168091239 0.0431489450048032 0.09758483641843073 0.04738251206313611 0.044085922364260614 0.009830775543275612 0.06883448747055909 0.08433970281384708 0.0963107656081477 0.0007989281149007092
81 0.0528296608707361 0.05979457396937002 0.0881565519402721 0.02311265454085428 0.07418118017001157 0.058867909843724385 0.061845041844258535 0.03621466534362676 0.08826779518034458 0.023113913101865467 0.026965457532382064 0.036061504237375475 0.04895428542491945 0.065902163044157 0.006030408209337815 0.09009825204248617 0.06573913003544163 0.004006463322637806 0.06368188584816235 0.026176503498036432
82 0.035811903417420236 0.08102400375294973 0.0593434740104635 0.08798690342674138 0.04726188863618942 0.047777407605338655 0.07133220887092502 0.021198161974799363 0.04983944618846046 0.03696571317170658 0.08900954514015863 0.034762563445507516 0.05969456763791554 0.033070355723501144 0.06943814554164145 0.023948449456582956 0.0356002341561786 0.03213373364332751 0.0521514612290167 0.0316498329711758
83 0.09281863251911697 0.04226037822179828 0.036514384478611134 0.07406414094887726 0.029171053621555233 0.07107126336506117 0.10666747805011433 0.010534652517163434 0.05133835659864745 0.0619389903424636 0.022541808181681312 0.052716884459271 0.044221924968088216 0.008602967732805097 0.09852498148469928 0.01315975095881144 0.08679965966194611 0.010641106397006512 0.020014171267589476 0.06639741422469306
84 0.009746877159680615 0.06438704647778683 0.042187785998648246 0.04025501738118688 0.013082523623897896 0.05646316609541931 0.045215176716335514 0.03981901098542752 0.05395928880838665 0.06119771985362147 0.05759498468452824 0.05636229945015116 0.07073070121252847 0.022836451641260597 0.0632590841978744 0.06722767124833617 0.06105703876381846 0.05290608051526075 0.06934784247124892 0.052364232714601784
85 0.04807057349875715 0.08151554932994211 0.06577030062621456 0.04134663172814305 0.0464501519208652 0.025630611949077887 0.06820773020693094 0.0011275880328812326 0.06262528992941699 0.03643096125819493 0.015246209988007364 0.07141765209220802 0.053295020807630045 0.07085895523447303 0.08588786355543093 0.04922809682531243 0.04413354799699116 0.05008932031465485 0.053797251729645945 0.02887069297522236
86 0.06731136225620529 0.03806103557675848 0.009384385296510955 0.01563550789578081 0.027092596256570275 0.09160489733067773 0.09152811113376452 0.05603269574679976 0.06281258236682784 0.06220488830918589 0.020569845467550214 0.02931034744347006 0.039534330142996905 0.09358126468345104 0.042814498841158226 0.03062273705315734 0.02238007102416092 0.07570678218628969 0.06354144673533912 0.06027061425334517
87 0.06407809740309632 0.017791631121081532 0.04616114744798461 0.0012123359230540147 0.03451543162045085 0.03290786317597901 0.06769683714949695 0.05560157240742446 0.013779596943654911 0.045042919917393 0.09779074395392293 0.11348951457897537 0.02050109802868467 0.08610175607866855 0.005086446321133701 0.10755654942874689 0.0073250060597155565 0.01674628180811321 0.07283939946624199 0.09377577116618153
88 0.09395431052443048 0.045566000193756166 0.0897993220769477 0.09284020689024818 0.00024012883627138663 0.036775022750225594 0.03180614099272505 0.05512899323331426 0.07194577266642795 0.009313808763970349 0.05658025341189783 0.08483346755093832 0.025175134673981487 0.05716139681030047 0.02499922879582922 0.0542416354460123 0.010720163218971509 0.07147255330139642 0.014614768350650275 0.07283169151170485
89 0.024990089294107475 0.0398820160235968 0.0244780781802222 0.011645969806813244 0.023797138023374943 0.08996415137744891 0.057330013825636766 0.0859115753290767 0.04661838734803697 0.07152274334700554 0.048356826241269864 0.07059170334950575 0.005881391407816301 0.0814964818343453 0.013721539939620938 0.0370770782161441 0.08270513063566712 0.08961893983611981 0.03862928172820207 0.05578146425598922
90 0.10005008335964548 0.07208535386354414 0.016181107968112365 0.040516421723686344 0.0552462465410283 0.026043287597919438 0.10377122228532852 0.041849666754456304 0.03501731599288711 0.10663368597075237 0.008358844303729868 0.06935934184830268 0.07107298137861995 0.03320339411988186 0.05386686743982546 0.036768822321637064 0.019074360728573027 0.009177268125244106 0.09202708323451451 0.009696644442311258
91 0.03003080504827529 0.06706401344832005 0.07671846696339757 0.022812953751304682 0.07634360134546637 0.06469603145247885 0.06778103735252128 0.008025905621533354 0.007897804003853962 0.0012619366750278988 0.04545725547327402 0.07081939811127869 0.11113049852069215 0.038829483537801336 0.08453846949201177 0.040134063902950774 0.04058198791667377 0.0788361399487356 0.002447829282148285 0.0645923181522544
92 0.027452581143674944 0.04065640170117673 0.04470668015031239 0.036703399819721434 0.056906644626183965 0.04618717066099923 0.06718761742982032 0.009293553204968566 0.0823448778073793 0.07657987005381262 0.08742199038471743 0.08374610386911174 0.06993504439286373 0.06991518706982906 0.046778777156836454 0.050324000539907175 0.06241646335852499 0.017206313689163533 0.011257202788922905 0.012980120152073506
93 0.013621826534611935 0.041192572066814134 0.07388543916736064 0.06237904591213062 0.014031473248837828 0.03870782109250409 0.09974367103188352 0.02000890500307462 0.026066747283181736 0.03997876244246051 0.05504553893107311 0.03976018929293738 0.053982888610799196 0.06525281316626541 0.07260832521568679 0.08959090920576315 0.003566179062475432 0.059175537156595515 0.038488369225103715 0.09291298635044068
94 0.026165926914709176 0.07958838061297706 0.010474879865428464 0.00025180487037464877 0.04551235094560835 0.08551165758114211 0.058769529748325035 0.06061300232392254 0.056913543325815955 0.05883861181477937 0.10101450671558307 0.055451546738671996 0.008982386844109739 0.0591085234125853 0.0623218228962592 0.04982007971906505 0.024382414546771387 0.016193468690433442 0.10627334593557385 0.03381221649786443
95 0.07680525571180868 0.010438915388706647 0.07326340191250763 0.03422181694123526 0.03997886281570621 0.02367584649589666 0.0793185290787412 0.08896192785010722 0.0906401960956507 0.026439452690234306 0.023279458743837144 0.028709798816226175 0.07612172756197849 0.06113007995358401 0.04578925368126353 0.05581395786830523 0.007407793890619514 0.035584643189594235 0.08372027465963386 0.03869880665436337
96 0.04951037131472775 0.08386419163082985 0.08051521154236568 0.06806136900753823 0.057880846166649944 0.04895579800042938 0.002889347915722503 0.053496997692658345 0.050837396954670634 0.06318539188436222 0.07180789437540992 0.0313660268258132 0.018520315924797803 0.08624677404266566 0.00011849088221417576 0.005853105809196208 0.020379522413576125 0.07349071903688124 0.09348202481579503 0.03953820376369605
