0 0.03874974015215486 0.048335057179753345 0.02024445032059808 0.05490170671761633 0.0866361936869629 0.08612775220214688 0.05987258732515756 0.0465510644306353 0.08013316901894313 0.08511997696010459 0.045092335215622295 0.003941296144144703 0.012413388106951737 0.031277395476342236 0.08346332552654726 0.05572402233589724 0.022865360776303013 0.04182271033056194 0.055201779954847215 0.04152668813870949
1 0.022385562191737738 0.08099815108123612 0.022186753091946627 0.003961612325241727 0.07043216867305745 0.02588116999418101 0.07029103879265425 0.03975662257138463 0.09511116109311907 0.06022758248036894 0.07523449944563114 0.08786599700751425 0.04225483767363554 0.013561267304530689 0.07894265980822315 0.02069795874304598 0.027596332200464858 0.06867274460240011 0.029349149248179038 0.06459273167144766
2 0.03274584757133102 0.011277362380406783 0.07713415279131462 0.06113594944704154 0.06130820052885093 0.0023841853247538393 0.07871870580137891 0.03710552309569075 0.07829831063037838 0.07640023261511142 0.021940825572474953 0.04314215846807345 0.04629412850285205 0.08086879811183036 0.05313328662219519 0.05346547258745948 0.049869908981803705 0.043074928180088776 0.030500056578358282 0.061201966208605574
3 0.07908934284176408 0.02524017851574606 0.0625826464918864 0.002665639178189108 0.08086780145965781 0.05577893751742317 0.04422073747719142 0.0569160986847478 0.00871114315399749 0.07832242154231994 0.04129510963812918 0.06708901208312183 0.07585337637465227 0.07491467294498498 0.00897117763542921 0.017049570533400973 0.0448376224309745 0.0742594620499656 0.06857204748393282 0.03276300196248539
4 0.10945154736121056 0.0475537735453581 0.10910294439174986 0.074011553878729 0.05670739321500035 0.04819685905433132 0.08596639670768556 0.019346467663585568 0.05804955513990631 0.019326570480280483 0.01667551795271169 0.05023502200277257 0.0033320718200708873 0.0519396998800933 0.027822715611843647 0.008534379298109334 0.07770409246094057 0.032490950200329785 0.0602674077136984 0.04328508162159261
5 0.038643064021708064 0.0639169178410511 0.01287596139287837 0.08940905089077612 0.032057141474441754 0.09590264190227286 0.07923504485333747 0.008478159555411244 0.06447412688248813 0.02047640803386171 0.06087770246247472 0.05411541800791193 0.014423203459134839 0.0926847923233925 0.02114518692403343 0.08879896634483705 0.0064431336980727465 0.0982867588500785 0.0363167392951043 0.021439581786733115
6 0.005423258392504522 0.05458603827666325 0.07615206443671772 0.041849940216206624 0.09083253169491677 0.054536928603741625 0.009884085309869296 0.02746477804943111 0.05148424285646109 0.09532599456126199 0.0801735224079716 0.02380414200858033 0.060230271927522706 0.04865938108184094 0.06680028581463009 0.01885057046138207 0.08201769587284712 0.011140282404877227 0.05770012054296743 0.04308386507960639
7 0.03596694955884167 0.08505406526436587 0.01955789601731822 0.08535088676936546 0.05770893859888576 0.006120642822429284 0.03763878462434372 0.08360014460792733 0.017139891356154856 0.030566954359378676 0.05303774940799615 0.04093059599815562 0.055713394259040955 0.04947994461353653 0.008853868225109068 0.06776650478020094 0.04250307846232439 0.09655157067676207 0.08129545889535703 0.04516268070250638
8 0.018671013264676226 0.062416187503525886 0.06307405213595499 0.03232876594835795 0.10001877273731019 0.010561401518406871 0.06052907403808494 0.07003709694725321 0.012804338779697081 0.10589742270600346 0.05578801325371519 0.053954585658523936 0.07571411810846349 0.011712677436466302 0.014794890717570267 0.07901085473056353 0.009609320198161493 0.03206047849074605 0.0701817880311772 0.060835147795341826
9 0.027556933438123325 0.05231893336171662 0.04593524978010299 0.05329280815690205 0.022095904931381007 0.055741192015429875 0.05727678955047354 0.03981680272854071 0.08765828629696772 0.05039174355799169 0.052687799037207765 0.005378678330450515 0.05368432854111645 0.0777952836703377 0.03750023054044826 0.05477216888023989 0.04948987016428743 0.10951719321666481 0.046800043212311265 0.02028976058930638
10 0.01631642854987457 0.09009689214271631 0.012977503365848882 0.09658840310394831 0.03291757909854922 0.06659098212741739 0.10276910327013491 0.018469490928817948 0.03653250000821305 0.00567300505385852 0.09648261438782936 0.023824534925467895 0.06504124551367771 0.07569273381829357 0.03134072690544073 0.02204015614224233 0.08529604562434097 0.06018928161592928 0.05574951289798529 0.005411260519413757
11 0.0583955569445472 0.08079440457588179 0.04298338285742432 0.060484487053065195 0.03610358302403148 0.08352132011910501 0.016678710389099963 0.04405645688521608 0.020131073268058977 0.07546400639328704 0.02067634546543905 0.06800185336463017 0.016618497142226657 0.08060772191735241 0.08209722665515402 0.08301406241644559 0.0392127687969277 0.019580505144278452 0.05175552982932365 0.019822507758505414
12 0.015777194216888273 0.08765815887840038 0.046097222756589507 0.07140861782439646 0.016406505946262997 0.020222916101875394 0.09985130956150061 0.06374437586360923 0.0946705399748127 0.013995754356763595 0.026697735134700064 0.08690224568311619 0.10454030003850087 0.06577240549532351 0.04111242575627112 0.041522154125513536 0.005544791980209389 0.08200875529142328 0.0027936627159359136 0.013272928297907018
13 0.036093925347174864 0.06459014621015652 0.04552825735665911 0.08482979990535157 0.0826971320458041 0.051146260615680256 0.06967382447842418 0.0005464600020100776 0.03083527840398089 0.02386657571456578 0.07732224657291509 0.05526554341340031 0.07314394133168471 0.0851656276493205 0.07879863816192985 0.021678680377407566 0.018719245789197796 0.03298101640157742 0.004878353859219428 0.062239046363539934
14 0.06112585925323946 0.06450882748796374 0.017503464838623264 0.09646716099656374 0.004338914580862336 0.07309483999182678 0.05529678486546436 0.018224962522543926 0.046318919077994715 0.027001179597499477 0.02614751285806469 0.09570804964553578 0.09218680076208043 0.08246518645470362 0.00620818279069336 0.013541027254628885 0.10107021841597391 0.04337055933432814 0.05028957312300011 0.025131976148409372
15 0.04240836098820237 0.008524536625864169 0.09054304686291291 0.015517143676713302 0.023535330606542604 0.0592922836409462 0.01507429255832318 0.0643569684038247 0.05743073600559657 0.03540961112528644 0.0787624282621181 0.0931703484775045 0.07049215609012735 0.007436892092737615 0.07440158809472529 0.07314128400146434 0.08228408532735818 0.0058940376479088945 0.030294945813129113 0.07202992369871425
16 0.024023183590044288 0.08588608996211539 0.003013759914615208 0.04099171432886709 0.0815021155771194 0.09810237304851299 0.06934226304906624 0.00869089067613033 0.0784062983262869 0.0029367813046732158 0.04625678484176141 0.07305092851632654 0.032555776432357256 0.08088253284627986 0.07435217876245992 0.07238740360930826 0.053686574570505706 0.06378590421205269 0.009416520190342672 0.0007299262411743317
17 0.020081154207325074 0.04560445100203201 0.07223310320069434 0.06029326935146251 0.05786428563431216 0.007791449449492568 0.08288600562095937 0.0394960772542974 0.06351468106942813 0.014529806822373939 0.06938005683840104 0.08925723144148542 0.05704755282158651 0.0031494639030708233 0.0027313156269837143 0.0836689842733099 0.0769535993905864 0.052223904816213924 0.07962318160243598 0.021670425673548765
18 0.1093577911681674 0.10845677011873953 0.06931163043292879 0.04311069232932079 0.06479074380085838 0.04995816275257162 0.034845379994568486 0.06019105132888218 0.05089526135788718 0.04680054418073279 0.08938697625179723 0.004792251303371824 0.010052502762357184 0.07215236361609119 0.006012834832685738 0.016201196085444125 0.03336963261194386 0.014892546997104999 0.06016437388605418 0.055257294188492685
19 0.05886155400004947 0.0010459842399658265 0.07740512609450971 0.0815673953254193 0.05213250677799297 0.013970617539075345 0.027058442199366664 0.08256788709510154 0.07721469653879236 0.03219498071410868 0.06917520959164984 0.08494219190027974 0.06044035822609273 0.06235086639962211 0.05360541513807995 0.034822270624594795 0.009432386570659345 0.05222163122435426 0.017152145527968985 0.0518383342723166
20 0.05742560287956438 0.09358525663690566 0.06988564606698609 0.05184060145661862 0.010813390323803402 0.09530622847883152 0.06751313497907159 0.02293682407841265 0.046636831662389314 0.04971927124649241 0.07977265652560571 0.04702001506355566 0.024922914347216434 0.04914559954495699 0.00967772565067475 0.10263838480973102 0.09833556569255586 0.004773233949810654 0.01696184832106348 0.0010892682857538143
21 0.06311968743267599 0.07432266749879551 0.056417932960793206 0.09427459081539272 0.09395997976718497 0.010802205508776976 0.029733196847566718 0.03890561692468798 0.03376116235933018 0.06315320258737922 0.007979907929660777 0.08794786812712338 0.016874065559941507 0.00861773084406247 0.009995920940655474 0.06903508728036181 0.09023218227571565 0.03296164239256655 0.0790760937662258 0.03882925818110314
22 0.0488056845375465 0.07014913887657723 0.034580299779990976 0.08683850908821326 0.03321474717741763 0.05681499702261339 0.059794410512078996 0.045281368375362244 0.012684456879870116 0.05629189727270592 0.0007620670729770153 0.031474533718580444 0.08737207687423465 0.0649715698257561 0.09594476638754688 0.006506944746995136 0.029717950937017363 0.014937969027668179 0.08877126772783661 0.07508534415901141
23 0.05519697348088777 0.009452517171790246 0.04351734174705485 0.04668244811578171 0.10486258828812114 0.049046218949227005 0.07593097591963664 0.05039036508118673 0.014490654117402673 0.09864989995243086 0.018990155387566616 0.03828774136164767 0.07863404633598543 0.039400816467081164 0.06965503193621415 0.00395115299097279 0.007852029719975432 0.046402904714401526 0.08839480406899637 0.06021133419363918
24 0.0531002184576671 0.06845639886107674 0.07860314151750654 0.08287664973639929 0.04558276661521747 0.0861161789342379 0.08003189552961547 0.04462555522739252 0.02711506397158516 0.07704836372776756 0.022432608066476994 0.023201461654003736 0.06350046790146363 0.007985421606036965 0.026909080658441883 0.06258656691396895 0.0032330669664798186 0.041341619560920626 0.06130601804194426 0.04394745605179755
25 0.08075165813831414 0.068321389165889 0.04796120876874222 0.013519706025865275 0.0725031543963657 0.025732576645252827 0.09585577833893523 0.024044717818498 0.06316553312980863 0.09095843223780817 0.009737847882679436 0.007074664411435472 0.02976967089226009 0.06655165421221002 0.08201944273961106 0.005839728066918168 0.0674396758365008 0.005051857683656435 0.08851863683877063 0.055182666770478686
26 0.04786196209645788 0.0569434932781173 0.06490399504557268 0.08118991707234674 0.0458111584504081 0.01839036939909194 0.0715034912462053 0.04056876872895151 0.08041861686753025 0.0665583810033125 0.052379990496211476 0.059805715723358285 0.031167473106098346 0.005004664520347623 0.01509691625356178 0.034413285621960346 0.06479592086855128 0.08100560003185872 0.06436890338849126 0.0178113768015668
27 0.07003978353819434 0.10896893844005054 0.10521061626274211 0.05894370637161286 0.022526473549139548 0.06559691786741847 0.0034062696139378857 0.1014681243471242 0.07363868428336019 0.021054681912499162 0.0286791325384776 0.014141208832687364 0.009571832104522457 0.023500020121684326 0.0804928509217711 0.047922978197902484 0.012215978984295592 0.006519734133701027 0.0934120318843552 0.052690036094523406
28 0.06587713667703017 0.035129636699605914 0.07450886204698488 0.0258922429222425 0.06168177427860993 0.07980996977910099 0.05451992719280619 0.027742995546204095 0.0789938018098264 0.05875784655511096 0.05975060634512504 0.031690101471507436 0.020523527688515585 0.058106515908405904 0.03025354530147066 0.05239016981889156 0.08507224774971432 0.030844528955759513 0.05004668377525072 0.018407879477837185
29 0.08530021225534594 0.010351073848958068 0.04933913207381308 0.08009732985027876 0.021972290959631557 0.009340900095659159 0.0346847482516314 0.028985326744974102 0.015215004378072232 0.011697528878539119 0.07061013212328189 0.0690887265044812 0.08008262933082672 0.07863921077483267 0.061295047605910175 0.09196024163061338 0.07587572048899703 0.010205836779861813 0.02812415654645234 0.0871347508778395
30 0.03223613114249652 0.06026149829784365 0.006560122379949804 0.06216624455674449 0.06866930373235462 0.09592353382215454 0.00941121891514891 0.06853961653976211 0.011298335541012316 0.08840969260113844 0.028247508970439556 0.08639037756088076 0.07533816516041461 0.05445009855389914 0.005180554974311963 0.08450535402677915 0.05157092576695197 0.0384057680368478 6.224579841349654e-05 0.07237330362245628
31 0.0012459433938911129 0.07967642792987122 0.08460130860167056 0.07859577691005504 0.03241339137950209 0.06772103329658041 0.07974425201372558 0.05944006894924125 0.06369221256374115 0.03829176449836837 0.05952631722866795 0.0037166400457017456 0.017558638463049534 0.015989434708652574 0.02754444461427087 0.08374849330662551 0.04572521522992797 0.07149140099974227 0.011308284183385664 0.07796895168332929
32 0.08079409494481472 0.025882268290542406 0.0745854233909856 0.0641758745061697 0.07334448143168869 0.09066470281040803 0.0053598212596185305 0.06423571362188424 0.06341719753012766 0.06780506503427076 0.04441085123418572 0.010143386899741352 0.05206238649475233 0.06231709533239549 0.016354575974005626 0.00695748837525162 0.018898123599176045 0.04572224041979412 0.07053004414125558 0.06233916470893176
33 0.07438492331716677 0.06975478961647266 0.04113879213885729 0.06323090413851443 0.03501369306359127 0.07260678484601424 0.04186983941703573 0.06257451530051807 0.08618994466002508 0.04559770853640564 0.029146186250779856 0.017555978287208483 0.05609938401607283 0.0720460521641609 0.022907980378361194 0.01708935552172956 0.03654222094106297 0.05897788189422028 0.05657901330983961 0.04069405220196308
34 0.06437786345471612 0.00783437946944284 0.04959914482830908 0.02777591395217943 0.029541271447829132 0.025274085991869824 0.021954261377687356 0.05050500596217005 0.02255422097635757 0.08170928031722775 0.05409226321434947 0.08889526070273353 0.057140647603507476 0.028341320144126207 0.05846206957155985 0.07936930509700693 0.05572296914736228 0.08582940808680341 0.0335148662179109 0.07750646243685096
35 0.03003635395008233 0.0708037295409201 0.12127578081590361 0.056191930180100304 0.10143078996863607 0.01062058694160851 0.038780695959767256 0.06487788807055081 0.11996848351029639 0.037184979701566014 0.08214168838827625 0.051478056814046824 0.037803708118235115 0.006560751364288126 0.01096354231688484 0.017631139205908357 0.034878896207001034 0.06181724023697832 0.009538347230742048 0.036015411478207644
36 0.03847223284181533 0.008172938940271303 0.023280096616434848 0.029777030333552952 0.06298965071535029 0.05024442107836807 0.018983138603015683 0.009434399566910523 0.09115870891166873 0.08806541513528195 0.1036238571398386 0.10334190299811069 0.01801306785156964 0.03465759746686962 0.08292779170456192 0.09515523686168353 0.0657086331376772 0.0016461758484888663 0.055787502402797895 0.01856020184573269
37 0.02647996617620028 0.054113970425139137 0.059103397424386354 0.08121088068981673 0.09132314103059185 0.04029913250914358 0.05510997442934224 0.0035220903854315555 0.02043500546822962 0.016163726465512587 0.06654781140394624 0.059952976520196224 0.06532332316509988 0.09843333634037392 0.00028358242838556774 0.051159262117337005 0.006831174274869322 0.05991910784770788 0.03359913123323038 0.11018900966505955
38 0.022258214357582837 0.02254939599810487 0.01748121011013578 0.07005361661523334 0.06019545212703994 0.05881153594429865 0.059994716655042905 0.01662004295874959 0.044899278515958416 0.07524292750390209 0.06920235436200833 0.013719657037304597 0.06053004715948226 0.06496657213773184 0.04894143994174546 0.05075494843072464 0.03504657009387135 0.062231444823252186 0.07280791729565249 0.07369265793217852
39 0.03739353998676489 0.08210899600523953 0.03651234257079401 0.03957237253623168 0.09720566946367037 0.048731090579674806 0.09861265806738459 0.03251886994600975 0.05738041048150883 0.009311806866854969 0.004125589812284036 0.09853271907907407 0.035177100964144 0.028077034553920844 0.06086328572292543 0.053820675487716046 0.06295660680426562 0.054248508670198925 0.022474537359584944 0.040376185041752846
40 0.017107328736383813 0.030675798531195345 0.04928549315057402 0.04416877886837798 0.05704011679882778 0.0695930664630149 0.06673609255246658 0.02338428503089097 0.05063010632304954 0.016861610452649407 0.09433666606108349 0.044701549030584195 0.06848861301803053 0.03888093317247795 0.08131009919128648 0.056036556617953065 0.06530437338022914 0.015512628946156319 0.03060012970308632 0.0793457739716822
41 0.003962631582982845 0.09384515965635563 0.04320745532973673 0.04371165300543357 0.06331733913420949 0.08361811475772428 0.03125897474601111 0.05710270676982002 0.09436153938711424 0.04910916566374812 0.00674980997284052 0.042266240056769024 0.02693210271208931 0.031422304696105 0.08104666339690801 0.017306042627862346 0.07053434305771861 0.07543539972573017 0.03880226366386635 0.046010090056974665
42 0.04574501260342956 0.03522889933629767 0.01083624262716129 0.09082328931959059 0.06943007830996338 0.08195879096132928 0.10367912371790963 0.07526051417420826 0.06337320626385791 0.01657147341066854 0.021340580129446632 0.014795190557717738 0.11183580001657224 0.06380502989384486 0.07921742435128619 0.025631703421091924 0.026648414987535635 0.015183772438437104 0.009214643551853368 0.0394208099277981
43 0.054863145212501775 0.055348368600515535 0.04057286472550524 0.060521934181315094 0.0054967972033871625 0.0879652268546078 0.08742548129316856 0.09012500954619684 0.019320761131251207 0.08015251452038216 0.04275064156395964 0.016103685585531876 0.03716299931110717 0.031172971675184038 0.08928967974291759 0.08695373369510614 0.00967643025741693 0.0010801450072933608 0.025465044967341872 0.07855256492531006
44 0.08661128298588924 0.07146297894501226 0.09101559081726443 0.044547174717367015 0.04651897744905735 0.016457132317386342 0.06078035487245762 0.009284014662013245 0.029849361618084574 0.05660707449453361 0.08103732096729778 0.0981098272988233 0.01270765596301364 0.0658138941848274 0.0330824760795216 0.06121724230614766 0.07141813638786883 0.003891602261568387 0.05626056051286921 0.0033273411589964416
45 0.07960438562382129 0.0210450859950446 0.04856378431789608 0.05625195511035138 0.039574558080912134 0.03527578612105219 0.002501346395265949 0.08274779475726658 0.061763017354047045 0.07788650870534561 0.028981559650084292 0.07578865643388767 0.080409624141532 0.02793076859387649 0.045162160578518885 0.06255661310544644 0.09357967231113261 0.008779710748621685 0.042506838842521204 0.029090173133375478
46 0.016891279741658837 0.022384717428896396 0.004870001195331467 0.08331678276117693 0.02843856602358822 0.0628917992532653 0.07912172401278428 0.09152834509303097 0.06407250584231129 0.04926413848751539 0.07715051438669279 0.004091955900154268 0.09296032128502488 0.0018490908736388265 0.006690467205065583 0.03015016395714075 0.07922253075898283 0.08227912037239953 0.07557651714895762 0.04724945827238417
47 0.08316332556051512 0.08326435031195743 0.036871438894985176 0.06140148465871065 0.05891913111003438 0.022519113496468318 0.09336247159552008 0.030941793707804414 0.05606540636147504 0.035760077263845245 0.01233026013575987 0.0049143028270253065 0.03976465607870982 0.06014054136699306 0.02140726358357245 0.0272233733775277 0.0853051267154587 0.028012106108696717 0.07062789075504469 0.08800588608989571
48 0.08356336753770571 0.08551783252915246 0.04973137240383025 0.02413921588431713 0.022949401254733152 0.04548128738164542 0.08333716520194688 0.012743515768851119 0.0361597025818919 0.019341152809696782 0.054723961954667694 0.05934081017918711 0.029017798240223623 0.044030563534300404 0.06532279926662828 0.06864914737686914 0.0057327324966643094 0.061188328630132044 0.0703171380627845 0.07871270690477221
49 0.0402032639739243 0.07227766370223053 0.03719041454015837 0.04180297808697466 0.00440844861589096 0.03150138530098755 0.07642838622470206 0.06211670479768156 0.09038208385014888 0.022023198104535298 0.08681915650882727 0.022478328073258155 0.09249659755165669 0.032644237144838856 0.00040258663406815494 0.03890699012458101 0.07065785974160692 0.01740642889367691 0.08943284341051196 0.07042044471973993
50 0.07038961843536251 0.006487282887156987 0.07782717114666984 0.06435837891184418 0.07857477523493464 0.06492980440848083 0.015758411896818435 0.05664265042632532 0.05456957589163043 0.025397944645911708 0.0496704777440993 0.05597849330614749 0.06140180844467441 0.08199134172979768 0.07652720361743943 0.05537790183465429 0.07348585257993427 0.003138184652722144 0.01266000116572172 0.014833121039674473
51 0.0016255123596636157 0.08501613874983899 0.07834726954725113 0.007226088384925529 0.08285843876791354 0.1032153596771391 0.013649948451064927 0.0320862450555091 0.04466614373059242 0.07366176100132676 0.05413744244923969 0.04303324708568807 0.01484985967548689 0.049847255979243145 0.09687033652961266 0.0423843081522919 0.03400130779977552 0.06119956729251561 0.04863087894197469 0.032692890368946605
52 0.10035769951014709 0.0748559035394535 0.03448854390779941 0.09469532932031223 0.00597163661475821 0.06698916032822737 0.0536275713493276 0.013450593258649645 0.0008068632368165397 0.005335286877628039 0.020357039412180974 0.061684271007456506 0.0022703678215434623 0.06646649612173185 0.03053160721188604 0.08787859764277145 0.07690771462335143 0.03930517054408522 0.09976091667014624 0.06425923100172734
53 0.06681002572946225 0.053209275162058325 0.007536913446343261 0.05672258080316737 0.04987589391094307 0.06357469397864329 0.007639425662600841 0.10968015897209146 0.004340850489062643 0.0654782388835405 0.05735790503556922 0.048331348757885396 0.04269664798768769 0.00789320506617798 0.09661153576371172 0.03319649513636522 0.06387896586845138 0.01056887028593074 0.11956170272081067 0.0350352663394972
54 0.01234807381614628 0.06972298441621567 0.0014374391952495056 0.05021192913978641 0.05856003153163972 0.07787950776657919 0.05587874641849376 0.03139315155479543 0.07211815935402116 0.04050136469178136 0.03239022620610005 0.00037393763719451056 0.03554401782624757 0.04471045871231112 0.0743936590215544 0.09291599592626973 0.03278920441408095 0.09062206422343598 0.0829400907112304 0.043268957436866914
55 0.07697589244743966 0.0078067566154671145 0.08340698339561053 0.02875134972871705 0.017149871678717985 0.0847995495561186 0.05407387291744449 0.08485749757265687 0.05788799389348308 0.0021069270497159464 0.06177276778931156 0.051169686606467285 0.0445864357893194 0.0362270269843139 0.0847096959178296 0.07800106769659358 0.011624618450836913 0.001457112505329429 0.056984914630553295 0.07564997877407381
56 0.03683268657893391 0.07251452857500802 0.011828453664181515 0.018643944625023764 0.06997477352829275 0.005363817307045227 0.07428181358768372 0.07236749879360549 0.07194278871185536 0.034108258097908364 0.02218608386581795 0.01990650999488138 0.0511223325285445 0.06149302450865541 0.034370153070306206 0.08910622292020072 0.04427902042444203 0.08239545004193187 0.08402695543797135 0.04325568373771036
57 0.04473455329596795 0.03322053289137855 0.0758945720440936 0.036232280847415796 0.044469873745359316 0.06888867130054036 0.06152701512150744 0.08114465958832201 0.07813758460148298 0.05301883392185255 0.006793027659074934 0.02332652407883228 0.06239634429840419 0.0006022280273404546 0.023603817729974375 0.0391395026509818 0.06058958287759085 0.085305283135465 0.07452116289751137 0.046453949286904044
58 0.06322793318408075 0.0627012506525526 0.035403249153236484 0.08678281192122513 0.002882571240694198 0.07988589394410837 0.08079145084951626 0.02739341048685748 0.0754153783393919 0.051902333253778764 0.06457058077460054 0.07446037953787106 0.03967657105229097 0.001356982740352551 0.0779135386444632 0.060044610167345726 0.007534822570065887 0.06691616871227296 0.02686413184449522 0.014275930930799909
59 0.06376337613124988 0.000988051462511247 0.10853061350469728 0.06813404174186047 0.09211169673997165 0.0050210616269531156 0.012459691074760209 0.10497991612270469 0.059965856524435306 0.10188996115567352 0.007407658932193997 0.010338839190137563 0.016437473754472128 0.05969273624990231 0.027969418494358793 0.06954343626524387 0.046652316196086195 0.06472154046036539 0.06528071979018202 0.014111594582240544
60 0.027762032527887497 0.03608110839327853 0.004940471694802645 0.028532008740860385 0.015172503170689544 0.03724300019885141 0.08035808423462701 0.06416413389273169 0.04800254408721794 0.07822225202075837 0.023524879042846274 0.058805706889778465 0.08148424879245535 0.013311631634590721 0.10979834360258363 0.0772651905901438 0.0221444602586507 0.07147560241754154 0.02972892200754076 0.09198287580216376
61 0.0410993403180655 0.04785501091510213 0.003553571333968548 0.0711332444373401 0.08267388016094128 0.03621939991121266 0.02301724213542155 0.057162225785223356 0.07546033641399823 0.09176999757804423 0.10005137154617963 0.06820917659686579 0.04913093262369697 0.007054835562691383 0.056344168117590944 0.07796397278639067 0.029383615844150834 0.0029373870149425486 0.01759432350238467 0.06138596741578909
62 0.009479066339090405 0.016421806593894948 0.07593721396684577 0.04190461767125873 0.047806166967678886 0.08744465015052252 0.004593406805446459 0.05001515419633405 0.05957969470992031 0.07399089557042791 0.055109563537239205 0.07420109746890012 0.08128173806588401 0.056070322066134604 0.0039665571763426175 0.04652189664311136 0.07553244654165882 0.07060880300724097 0.012078506764981678 0.05745639575708666
63 0.0598731667262326 0.039870314946887045 0.0062230359346569005 0.04194402231266016 0.021001435716779645 0.04922563238744394 0.025336133027768014 0.05688710295711592 0.061764630799734356 0.0983072130040832 0.06549541286904954 0.04499563540131244 0.035032549242922394 0.07526020390858484 0.02984614949874465 0.09723804437234228 0.019366197788658657 0.04989335147512953 0.07801578912318165 0.04442397850671246
64 0.10200118107783643 0.07462610132548676 0.030343972774585583 0.05761296126680129 0.09990644983996398 0.027879937450568566 0.04301640187174815 0.08229465156954177 0.04889117343805667 0.011917631102222003 0.09167346598697554 0.04052547490931428 0.06366192365861932 0.018024997855094652 0.020628350180313025 0.03805724471296114 0.010574820872972585 0.03232124417781114 0.015965223009074193 0.0900767929200532
65 0.08087949818488202 0.009674619880645783 0.06742309211824446 0.08474512622787249 0.026886431907939247 0.019471175408870427 0.06882130007620431 0.12615762103666828 0.09338672683711824 0.0356874616519533 0.06752007230748328 0.07281309795559011 0.046389824771723875 0.022656054507497792 0.05100482567539218 0.028661719712784764 0.008658589747953966 0.023093687763172253 0.03360982391384287 0.03245925031416041
66 0.048439587882908454 0.08733035757497622 0.07561199179119546 0.0355087125084317 0.02944171942634774 0.09070174917350128 0.03481011254381539 0.07599996562773106 0.0645682660308219 0.04590179646414893 0.07510292276561599 0.0021069248685428505 0.0443378215060585 0.01593743963271455 0.008145582998556404 0.08746220790916168 0.02774178949097323 0.07389375276665612 0.013927837450553053 0.06302946158728936
67 0.0604411050371903 0.07520522722444536 0.06750000185331312 0.04766493895983245 0.08755939213690328 0.06940136130441901 0.07425047740235544 0.04103316962615463 0.01570025091639372 0.0030660467711456866 0.016891679494039986 0.06834894416870796 0.05060433782851727 0.037563704733654835 0.05880233588368825 0.014279528428413847 0.05192191575457156 0.07135561299290603 0.081109598822426 0.007300370660921141
68 0.015318909188239041 0.0002962121272267658 0.029373503874476105 0.05155630444351566 0.014571102914615537 0.0890447714404461 0.06588796000525611 0.06199699121395078 0.08762328355482771 0.06884871205008636 0.045758214031718494 0.01428929330337136 0.09131504732059742 0.09172027223270075 0.03954615828473245 0.063130050036978 0.04736697026650515 0.004893413530167536 0.03834442437315657 0.0791184058074321
69 0.01456770146767682 0.08117053951763276 0.039572778109171945 0.028376347834938413 0.07520393632579117 0.07719040874227936 0.021919053562370335 0.08129947242075028 0.08148825140973655 0.036521331769460985 0.05025130380057592 0.04219933056677321 0.039114261216986766 0.07964453515035085 0.017844538094617814 0.02022566034488134 0.08224421847888161 0.023565801253315706 0.05524254081071713 0.05235798912309109
70 0.004285616542545694 0.0851027957999605 0.025888902518344116 0.06282564276879431 0.03751132292125427 0.08366945569125875 0.06375363625270082 0.045381056479867565 0.04027072087185439 0.01790337515564593 0.07928519012996081 0.011888201218627222 0.043838530308554405 0.08750693560881344 0.005911286402628426 0.01909357541171448 0.07666142231138509 0.05650226631731351 0.09141237123927222 0.061307696049503944
71 0.07646019156830801 0.018954889019262205 0.07701778931217493 0.0802967362828798 0.07256682887324316 0.046374334136482766 0.04574669262285487 0.051227468307487735 0.07728812977296928 0.017780578838455543 0.03096554536625977 0.0021194127625534737 0.08088920683975248 0.02724782011016586 0.039102128069073164 0.08345249498747087 0.01782639496563167 0.07306958335148393 0.025993527547447104 0.055620247266043546
72 0.10450870243005599 0.005378761644521068 0.04483445276418456 0.07143025179836844 0.037169301082020385 0.0133188046301418 0.10397710226175473 0.05760230906656603 0.09625202093301972 0.03164543691877016 0.06920547835806197 0.05394083938858848 0.0014756305058528669 0.06907059655583775 0.006182812390423517 0.06971189912321882 0.03245147818160778 0.018147954963328737 0.0604539614512625 0.05324220555241463
73 0.02951288121524695 0.07922832394379109 0.06954077962421976 0.004582898248742278 0.07759390766971697 0.0715871412308472 0.031501000122903564 0.07599541280413791 0.08692631391072206 0.019898774052246024 0.03769186825682595 0.02830556186767164 0.022111617100352626 0.034585427346780176 0.07191675806321626 0.07895928132516733 0.05722326345188176 0.03338119141230937 0.049540339237809726 0.03991725911541167
74 0.11493009888666723 0.07472255929076367 0.002826324788515059 0.10648194135115355 0.030397179017022775 0.0252913434306207 0.010294602952829916 0.037916358644917485 0.00772008843482356 0.09512471136140854 0.08119962679831695 0.029833568294309543 0.09308565800314146 0.06821710612270056 0.018731201967608975 0.04206865565974966 0.07653040040420928 0.04823754296913526 0.03364209265166272 0.0027489389704430226
75 0.016168060221435666 0.03594353006566573 0.030394062847137082 0.07214452364195847 0.07811463080870493 0.09225604520270388 0.0006322305901997673 0.08695338060625574 0.0008285068049879336 0.018668617547705244 0.07940335384892631 0.028174693381042185 0.06766131034953012 0.09005602569537774 0.08075863934709503 0.042933281157734475 0.04604879733655479 0.058723613071275396 0.05071769285512436 0.02341900462058503
76 0.10454214372848544 0.08604434374857158 0.061411254913907073 0.09206067988885401 0.03582841878756797 0.005780647814476567 0.00910827088729881 0.0001456304567559011 0.022274574342972538 0.04852169563346509 0.008330028236947123 0.04353692384101124 0.034263509237191056 0.06755555262936498 0.03024063411451762 0.08171340072227322 0.022820928640692743 0.04101556025500071 0.10377933372007726 0.10102646840056911
77 0.026013873342622243 0.04998647992450022 0.019579639489949348 0.05581529145955583 0.07334613985616988 0.07607671761684069 0.06535511157513559 0.08033045676631621 0.032195468641306374 0.08255398209172733 0.10682182041358448 0.01600411532018369 0.08801042070030456 0.03874463551364513 0.01334216434071504 0.03989808654783876 0.05108169306391927 0.01850104569853786 0.0404561233385448 0.025886734298602512
78 0.03447953265722451 0.04084407498896603 0.04245730123944719 0.016349908452130447 0.08116027279957548 0.05979728101444647 0.0037353895487240276 0.06493700794526575 0.0221771994350286 0.07624264347857168 0.08030940575083553 0.08531425148326145 0.027661524501952698 0.03947983705293387 0.07095596739980627 0.08001632547431801 0.08792397230677303 0.039589214034100054 0.01660547794791938 0.02996341248871963
79 0.0908174520831861 0.07829473322923432 0.04189694794033566 0.017964175207033074 0.06552524169958557 0.0847183464372098 0.05091239781082474 0.027118762979702993 0.06267716096290517 0.0736312842539166 0.01575181771398665 0.0667903817880385 0.07444233166328983 0.03268192005317178 0.003029340380447155 0.009175968210161024 0.037095069803047484 0.04143146343689077 0.0717775346298405 0.05426766971719241
80 0.015334398513488624 0.061838999709287974 0.09529305148848449 0.06301372319612825 0.05842828005970136 0.022720092553288763 0.0660159499511754 0.08938065971956055 0.010990732349935903 0.08225187115776032 0.06229066544820999 0.06839506307159421 0.023899832519781523 0.08661228446188649 0.014412681501091566 0.001308281794121707 0.054058587856506767 0.033101986918043495 0.028800243765948353 0.06185261396400429
81 0.07344712346218817 0.09314235144177495 0.05247403721326392 0.10365983679979714 0.04737114673349082 0.05918920127710983 0.04090247630046897 0.025136376716137977 0.015292522937381642 0.09725497117101876 0.02793249328975176 0.06657754381348326 0.08098249127700959 0.030515628432942123 0.004957710418364769 0.029203639106545727 0.017698916419687755 0.09512795681717093 0.0030675340342810617 0.03606604233813104
82 0.020262932916672034 0.03794771499392418 0.07537143679514118 0.02252273434878163 0.060303677539516 0.0009490134649991563 0.04675867286801993 0.06949436959222163 0.03535229081423905 0.06802440456332616 0.04296204488861757 0.07862136849050788 0.05747820942893476 0.06123687364794976 0.030281475882061065 0.06676171203774912 0.061609767459673 0.07274877832873435 0.02512093637542378 0.06619158556350778
83 0.09669259254794652 0.05522510489755058 0.032167578247418505 0.009347671684818997 0.03971876753531101 0.06568512718160015 0.04705926437171004 0.006331012579311216 0.07042152593887091 0.022164115787590283 0.06025042784581804 0.04041774867757582 0.013400191215321058 0.014608442983598827 0.09429285304273093 0.016449727328953008 0.09620237697866817 0.07011482146929351 0.11057722998042566 0.038873419705486835
84 0.005473140585564846 0.004413261972244539 0.08113041776694792 0.09261468629814962 0.0853680369829469 0.06090250643080195 0.06475461906924929 0.011251331504111471 0.025940816366060833 0.05714913154967725 0.007580174255935187 0.06086656449110018 0.07787775381166658 0.01000324538125353 0.06302851785695938 0.08761414881459287 0.004623623977868876 0.023677996205612343 0.09792803047589849 0.07780199620335786
85 0.0786582052684338 0.024603347370643257 0.06561298659253725 0.0501152566073352 0.027550583868737835 0.06508815012514627 0.07123439616388327 0.0038673019527231006 0.040166994390464845 0.07923659270516295 0.05292214524827321 0.05741554991158422 0.05919100837593066 0.06441463097634514 0.00587866148579976 0.01332942895263913 0.02116969562725532 0.07354255517066176 0.06443042802615853 0.08157208118028461
86 0.01963787082898673 0.10141832425699195 0.10560020463100742 0.003863196923336291 0.07492520845319955 0.05703802501818608 0.007961291641166395 0.03401828868183543 0.08632696008294344 0.05144340897752216 0.050847835892110754 0.051420672825726516 0.04618459781526976 0.03391576654492492 0.02347026741978948 0.04655119712439114 0.07112304581018349 0.021107246016845715 0.013933891030589923 0.0992127000249929
87 0.05508607805181869 0.06767199094873444 0.015486990166894176 0.07494250571600691 0.062171377092579465 0.06032456327829606 0.05650371717250257 0.011828091198332797 0.006010195195488519 0.04734070158029497 0.0416240244580789 0.04388324692992461 0.008769892212732779 0.08462534584126298 0.05677247292470544 0.06850829655126628 0.07783218731374417 0.04229831075569819 0.0363599399226717 0.0819600726889661
88 0.02212151709125472 0.09462246183349397 0.05519737574870414 0.05759300874624027 0.0008527207896200457 0.0901821540654915 0.008192686552146153 0.05688142315905615 0.0640981831744796 0.062325328031939464 0.04608416787888563 0.0979584189347906 0.029663258566357657 0.03523808804411834 0.08371428875252124 0.033237098858282334 0.07546882779051836 0.007062387525118197 0.047317313398801325 0.032189291058180185
89 0.08181828245420862 0.029452116316702245 0.053067305677193505 0.0016649568389346722 0.061381781734452585 0.08228777474342981 0.05159737205775874 0.007770983675152381 0.009016751388196019 0.07238205280053363 0.07959426510033088 0.0023561323524962548 0.04094488856739958 0.028394413593246695 0.07309800208115427 0.08349331871404461 0.06913712353093618 0.04243895619444264 0.06024860988649363 0.06985491229289328
90 0.07850204045311467 0.039923832011075355 0.06656580910215665 0.044178194793697355 0.06942515002907314 0.05191010024396393 0.06890798854179372 0.03947397237524842 0.05124454200161306 0.002515450518640441 0.05570609398574214 0.07648053873355984 0.08586199082175182 0.012122206202209431 0.0030177341323973997 0.08684280165672704 0.03948961571422724 0.0115169211391564 0.08351683511411472 0.03279818242973714
91 0.09606695512189649 0.09051565828992483 0.0003431364491785706 0.05230869096642525 0.023216148689899498 0.051321741372856534 0.012221504955154295 0.0373894263051803 0.013580106518429048 0.08330546683680304 0.09464548438666587 0.09134733172587121 0.021335415117657092 0.015577932901983095 0.01753624369480349 0.061485032201739086 0.05996639678394762 0.03333079244348315 0.06483432646746402 0.07967220877063759
92 0.050194880511014395 0.05134636070473935 0.07402851117146671 0.030054790068906958 0.06474415985944283 0.04475386584727239 0.021576898710107397 0.0383940194540274 0.03367157422570382 0.057929971350130595 0.06733794545829612 0.07773820341944014 0.030927349373999942 0.029858145977659463 0.05304926081561295 0.008665424635158332 0.06839841816799008 0.07835447883108214 0.04898705774261132 0.06998868367533768
93 0.045635540985006856 0.029933836592694787 0.09512800831669335 0.020759065301256388 0.03255632558445825 0.045577152420745386 0.08704732613630407 0.06647561840712295 0.03639426292040666 0.052735058470917806 0.02965349432802849 0.09024919525444074 0.09128207937794179 0.01589942138468189 0.0212672101004481 0.008115567437888487 0.03356345713805526 0.04204955337190725 0.09718633102200945 0.05849149544899212
94 0.10548973386589576 0.036483305015864075 0.07213260187952163 0.03848105793842511 0.051961651661329517 0.0748159273550207 0.07144369934103277 0.08347424392692884 0.016630782965678055 0.08255053437927748 0.08373245663105836 0.004668070333181091 0.029424507047521673 0.003952631701469106 0.08061790641919743 0.001087889640167015 0.0669539199008534 0.032926999034936136 0.004689432527503871 0.05848264843513801
95 0.025313407869504752 0.014091335150032943 0.041518272377826175 0.07021505436641604 0.06842223445703292 0.02785852815931198 0.0037214424054586056 0.013735732209435778 0.018239311140906843 0.02672179128929352 0.06569076491557564 0.008552681234989624 0.07370866125492981 0.10944900747388446 0.07902173284243552 0.10896735339166301 0.04707438099925491 0.035883098795691105 0.08065439587698017 0.0811608137893762
96 0.011935305658267975 0.07396717247316771 0.06970077853502506 0.041581120344069 0.05712535296985004 0.021527350267039655 0.0555814381599292 0.03888413647722067 0.003891326075321477 0.042006392511698305 0.05591987225557615 0.024487680642639897 0.06716998967209584 0.08861360709885097 0.03203063691128323 0.0835713864289268 0.038431512493091645 0.07926257738359808 0.025265994296244012 0.08904636934610424
