0 0.06929005818385986 0.08240493410027208 0.08572648950854742 0.03408258431624315 0.010827894588900032 0.03273915946288695 0.05167773260715927 0.007446923659698938 0.0636452119961467 0.03895041887098179 0.033417738873115256 0.08006386619869298 0.02380738948017028 0.08337419539220141 0.07751625234310937 0.005821050286459934 0.07045247301881649 0.04944520837991946 0.06487485272879943 0.03443556600401918
1 0.07047264216460986 0.0743015001840999 0.08290041744821043 0.013022260767841796 0.05985222589733493 0.05955029735378521 0.010460577828617012 0.08236648715561261 0.008833159543734832 0.09530529977093238 0.10509657185697606 0.021684576537109885 0.024043690697441174 0.07725760698369245 0.09718085251216829 0.010167158327618844 0.0016958987733879198 0.012747989777390483 0.03597557330923145 0.0570852131102042
2 0.08394294672397219 0.08086704455072581 0.0033509383616830285 0.05117142760932954 0.02145567939602176 0.02227214667273017 0.09180112860776106 0.04251646640638226 0.0035037856209730483 0.04633765975550137 0.09938693395996986 0.08255416163882641 0.003904518887992714 0.013325116080521506 0.06825394073173617 0.012298947146807904 0.08550433573206616 0.11300815015326258 0.044021864439836175 0.03052280752390042
3 0.06453514403629697 0.01265667781015298 0.026254940117944766 0.07820926652161188 0.05000092782778198 0.06070368265472993 0.04631797879435183 0.0917592271161183 0.0746907845626567 0.03962161137274011 0.04915942175244093 0.0008450855722681716 0.0809464615708955 0.06278727065121094 0.01375499718097649 0.0569917434188415 0.06408932106036648 0.04143145950025365 0.06099640149788956 0.024247596980471155
4 0.0668268979555371 0.079951831067095 0.06066027685660171 0.008402492731313715 0.08082758783408091 0.023873012969711865 0.08940888513368615 0.028408090296593597 0.08805641713388158 0.00846147751732224 0.08551213622800367 0.07982754663864564 0.050811314240728996 0.021953462990963554 0.03843570813164549 0.00908495708973373 0.08340087277305416 0.044171000565509655 0.032491607952669206 0.01943442389322203
5 0.008693587562072069 0.004427555742534016 0.05620097386872824 0.012093994474823839 0.04777347892950003 0.09743395344846227 0.08258670214349662 0.02095389904369602 0.08875679803054293 0.06596433167345528 0.0642682874153982 0.04866283886410348 0.023289034861613933 0.06980180568050245 0.06614141801472578 0.0555756744317925 0.0016307574963354001 0.08238195017140912 0.007137069824641127 0.09622588832216666
6 0.037303565744603306 0.0300402193666525 0.023126239742286378 0.06157566955231722 0.05234285334105793 0.026913781973600222 0.04328884231398004 0.09198792139252376 0.04852130838159999 0.08587859440075357 0.014687131768940712 0.042484107854196096 0.04237418770887391 0.0929474673630466 0.08657681715526512 0.003477596778966678 0.027302600674250683 0.01412737930544666 0.08052683464246552 0.09451688053917318
7 0.08812268971661494 0.02378824390214375 0.09186572811354977 0.024346716140027643 0.05229024053130168 0.06460043675240293 0.09981357071930413 0.04542803291220967 0.026951441988028003 0.030622063387327137 0.039949322838973615 0.10418217949541371 0.08757722067071882 0.018333958394528022 0.0749310707212013 0.027123754319783335 0.04088250543919886 0.02192266272595104 0.009572971094198305 0.027695190137123387
8 0.05505390449014304 0.015008625843621191 0.07301300160267754 0.04360945966080742 0.06869127963946749 0.013627208785060298 0.009317121345248886 0.07827483255355017 0.011162590629728176 0.06941776369452102 0.0411599053546239 0.042033370402954656 0.08615810433742552 0.022331715863353096 0.061893202468102516 0.06874579634237797 0.066724857178905 0.07912845245549341 0.008615433455116667 0.08603337389682222
9 0.027856638523569233 0.025723697718759174 0.04586037556166112 0.07722703235427865 0.08459008982730996 0.07403124100123736 0.029169214996290573 0.05740730457682624 0.03195530891448923 0.04984418478362674 0.05635831081662947 0.08051146664996701 0.045975871842213606 0.055403866033925005 0.016409443979582123 0.013726143179683618 0.04486900162073262 0.04991937857175475 0.058480310057044536 0.07468111899041908
10 0.02110176594932276 0.04041264914166385 0.012524221014652623 0.011704205217193987 0.10275974781312079 0.09072853216038994 0.048333385165774005 0.04204684216847291 0.07311897320358336 0.04444408797112335 0.05964122164846713 0.024428637427847965 0.10747656540844269 0.08760914596754442 0.07604935574680596 0.015788339744388053 0.012218760277863373 0.033190777809932286 0.07830922814734127 0.01811355801606924
11 0.03527671030174749 0.009514509375263873 0.049869356513536515 0.04967141142961552 0.007340866521123359 0.04808272989136986 0.04001971633419795 0.08922102337400198 0.05335674766498756 0.0018202909492489486 0.051110559191636006 0.10007497202020517 0.09216806447000091 0.04830288356035458 0.06576615212727235 0.07726010621472772 0.02661801231831695 0.08654765602600648 0.03886662210071787 0.029111609615668894
12 0.0584682245584918 0.06678595725830527 0.03911218375342209 0.04002323581350867 0.05743354262214156 0.0288617405605993 0.05573375216004416 0.08483553536219389 0.0430700070617603 0.07866389197194817 0.023852822804197222 0.05612344074337028 0.06129548667569844 0.03273162349588321 0.009519831267459483 0.07169472528029515 0.04019956015633897 0.010374383269485178 0.07137624991483213 0.06984380527002472
13 0.008520246298780709 0.07504143646989339 0.041407957691730654 0.07744646554006082 0.08225789007687914 0.05196459537636896 0.08513343786765853 0.06129068907295602 0.039189390879513154 0.02631749427540726 0.08117377244469162 0.04863017981028848 0.081188484392619 0.011862799928651725 0.0016002225704879866 0.05442526352158696 0.03073241527955248 0.07126802136253654 0.012640271251118659 0.05790896588921801
14 0.05161844396320671 0.059759949572446756 0.03251625473219972 0.04374061164637504 0.05467630394325017 0.06071701603686892 0.051754176731850024 0.0733314086760403 0.06480298706111078 0.06833888205648274 0.012276051014128467 0.06597813841076657 0.011131549970321713 0.08270520209056531 0.05967636276706796 0.017260587472635532 0.047064536891112306 0.05901652315665394 0.004661996622810761 0.07897301718410628
15 0.07155463261142443 0.016135516018861738 0.03156245231433943 0.06730998435063193 0.01995480667527219 0.04646504823619036 0.07233896375458446 0.05430875699468003 0.06426434095349028 0.04684576235901736 0.02843816234839735 0.06115855223223761 0.06451072230771089 0.014026703354412622 0.059344437797162926 0.047685327681838266 0.04521085913641621 0.05480918903854482 0.062282747904383436 0.07179303393040369
16 0.04457590204194086 0.057386928200290045 0.04346379495175718 0.04685886849635399 0.0611445260695401 0.04558715380511482 0.05684027159279945 0.07718554667367972 0.04765058700290233 0.07022226226419566 0.07088151834712714 0.0760306233014377 0.00020853696480815524 0.007058750744722963 0.06764974916174739 0.034803461771049454 0.04830457913903985 0.060922573795425476 0.06845340935318053 0.014770956322887196
17 0.11026588828422837 0.007704756889415959 0.050300132200891516 0.031411065585405684 0.06285536802541904 0.0024919271651813357 0.07228640115515421 0.025692601824559402 0.10495891115671163 0.0034817006147865232 0.06345420081610016 0.04942951518119775 0.028960385343450603 0.11014052315085275 0.06840409084579555 0.010406720254035731 0.04472060235845708 0.004152667945400128 0.04568549184809622 0.10319704935486022
18 0.05888940440696769 0.06258255995918194 0.011283385122438382 0.04937194023433865 0.06119315223155655 0.05916758658688094 0.06922299404195445 0.05355217872263886 0.029135955220451627 0.016953699113004678 0.039233721568778586 0.02688954972395593 0.08631961586512878 0.030379454609048714 0.064075108579588 0.07102293693431506 0.04931666038296385 0.06800917834237061 0.03683795393395038 0.056562964420486035
19 0.04383754610156256 0.02056310934105959 0.04734530015496984 0.030291052827934987 0.05764300193785972 0.10876561821381765 0.02827834651624767 0.048473571589359776 0.032836517676870965 0.02345485893852548 0.05013939954032881 0.07781956322904349 0.10798015368327914 0.07958390446328893 0.03553699418601303 0.11188066632016691 0.04874415458598821 0.01408544998930021 0.02863400073145448 0.004106789972928415
20 0.09129809513942298 0.008133527526520988 0.08230349602803867 0.09007938924414216 0.016319029782893964 0.009473243071748773 0.062057990623586516 0.09941348609599539 0.06967907057897675 0.022124381594741675 0.010175148592287969 0.04199199165856539 0.05462105709890909 0.07882556028219283 0.08054877680516359 0.057398816881757436 0.0039872431918988385 0.002838729053165695 0.07057975416166502 0.04815121258832647
21 0.0370384937162471 0.05514750645335158 0.01665726818231234 0.08384955576813065 0.08271384478837113 0.005164237217340947 0.07642073469594747 0.06685559100012826 0.04165964544265374 0.07860021739158424 0.07809020276488586 0.07556753497570139 0.07163325656014803 0.053354444043198335 0.043195381637508794 0.0751077382001868 0.008644542822030546 0.023061252357831852 0.021019537553053334 0.006219014429387668
22 0.0710536808858665 0.09420858516579886 0.06475142847968249 0.0719172651044467 0.008248645319411786 0.06285553311973374 0.0673667942742343 0.018965863993246616 0.02304034294956727 0.001869459785770027 0.002962229507712237 0.09832897007713662 0.08127687631886592 0.09856496020789904 0.061996378092003854 0.0662530663742811 0.0013132243874194045 0.07921181607128745 0.0021587017426812297 0.02365617814295483
23 0.0928431136575372 0.11361274057890428 0.10417435290184297 0.026264450536820954 0.05680553863599893 0.006359456949898573 0.061245288369217506 0.022142365854608624 0.0013321215764216467 0.036550941933006224 0.1109744853213469 0.06071819744785529 0.0917507218031221 0.006948930468788989 0.015433215848919594 0.04964323365877106 0.029494475054683767 0.033020882513583434 0.006469997799294331 0.07421548908937767
24 0.05201625321710788 0.09539679520479624 0.07473316448337228 0.039990345941650594 0.09203403349831309 0.08143725865909088 0.05389594047222389 0.05700803652853299 0.004390129972039181 0.015958454229028144 0.0013636031808470128 0.02381330591623449 0.01390719810730434 0.046857779872442586 0.0019711502175187553 0.035881491780895634 0.06973526638959493 0.09088112187932482 0.08555881058418902 0.06316985986549309
25 0.02516177213550663 0.03266308050030172 0.01982961300704252 0.00102475224899881 0.04738369696612114 0.030179423762530303 0.025341003723179892 0.015075165979039882 0.020803967818037096 0.11167549210017076 0.11339191393491509 0.08257518977039716 0.09968796439007377 0.03227987152638127 0.028634322763065052 0.08583418073490717 0.030772504948306276 0.12173505562997071 0.06929593813161893 0.006655089929435834
26 0.050807796260283485 0.0020303137426407026 0.09273126139505626 0.0331738181461114 0.05433402897673551 0.019190308597668317 0.007940564396255668 0.0675579801299056 0.08582912682289903 0.031153392053154746 0.05835130899167697 0.09873567996878277 0.003334655347893071 0.014724837812460605 0.07857819165925206 0.09826601314023362 0.04520985099380972 0.04967888651471168 0.0072260891498307205 0.10114589590063804
27 0.03336021191853524 0.0058335525846096165 0.056584293754512426 0.021517039743544162 0.06412353901075327 0.058232935169027715 0.03777593835491 0.0701605396714961 0.07896959909087745 0.062445653423457 0.06520456004669613 0.01190186866627318 0.04996370791113777 0.03954574718762985 0.021837601919493414 0.003619868003055987 0.08406172490357103 0.08775671703709063 0.08488562474742334 0.0622192768559057
28 0.0968954431694174 0.021645591490269234 0.1148982029550085 0.01978283819373106 0.07960310906709112 0.00023226666767523835 0.060016421559141796 0.024293310625053095 0.008782364952615812 0.06574554823359156 0.002456301868188434 0.09963564962126688 0.01215006915159641 0.0083829013483611 0.10520816828237861 0.09612572226472314 0.07228318346760562 0.014975939437198198 0.07808116197614497 0.01880580566894192
29 0.05439774072858007 0.022317488864581975 0.0038518765285726828 0.06494159434473441 0.05292958513663286 0.05890265514955439 0.005488137875195103 0.05475131316068974 0.0021742720427074323 0.060244854535166745 0.005929871243103234 0.061005478825884106 0.06149499367865042 0.08209977036484714 0.07018614347041169 0.04691208266367681 0.08521635766161376 0.06826381464305338 0.07125549536316907 0.0676364737191751
30 0.09424884199333156 0.09780366312186867 0.07158302623205536 0.0064805512407950985 0.04442964917248772 0.0807965671225224 0.05393931877990086 0.006920218489031805 0.08355663965346323 0.00902671222927504 0.014047330913863655 0.0008928247072756908 0.035282486918173935 0.03860222210727613 0.07631340124371916 0.04436094922863713 0.10137064315498483 0.04946246367302412 0.025147264223476403 0.06573522579483704
31 0.07205213492132688 0.08816872827810027 0.05441336783670458 0.009551148532974564 0.0020696803995442605 0.00816133121623924 0.07573609110222383 0.06411239005316402 0.06811359469476613 0.04030452454605114 0.016682399920675352 0.0348800517516639 0.0475799650790213 0.03873173522856495 0.07078125810293619 0.082925129582985 0.08958043968047787 0.03568744326277759 0.07529421833794672 0.025174367471856224
32 0.07885726023135775 0.05811694808070875 0.09757998095676598 0.03446932919794325 0.061013993794791985 0.052516159256893125 0.011289474073517458 0.07691358885455013 0.07851349420466353 0.010731326233963164 0.0366750405600965 0.08841797700389799 0.012170445106842906 0.036808867197495175 0.003240866301379488 0.08677818387961203 0.00565664551198228 0.029766923490711295 0.06464048985508133 0.07584300620774577
33 0.002498524774942124 0.026327116606684596 0.03804690771010976 0.09338645681242119 0.08611380211497487 0.06588985374631887 0.006935731101270038 0.04580590935308693 0.048603774074683935 0.10213772886869726 0.10537873102159431 0.04681706241266154 0.0320218756207938 0.09963012116433598 0.04237524393125443 0.045535836479781676 0.02175314524327666 0.042665498360475985 0.02328480126566733 0.024791879336968622
34 0.07272593669540982 0.04335188179001833 0.018215923354386626 0.0629813033789494 0.06473037928880902 0.08654274017403403 0.05022195652983218 0.059384755865519945 0.0051325808223181705 0.04186511727977435 0.056686200878734744 0.026660358298147044 0.0954832037014156 0.017290732833805073 0.029599739168915576 0.09014560042951929 0.053734511355617326 0.005450760578704672 0.04130729301842838 0.07848902455766057
35 0.03583055688247768 0.08260706329612656 0.03901882428628 0.08136227258943826 0.05830434187726548 0.030936309374692866 0.03621436846773939 0.0013854894226153958 0.0772026027123772 0.05788000397834218 0.009564148232431735 0.06698133090700614 0.018440420608970696 0.05107370700386768 0.07452304216301256 0.07187368844772132 0.08350677371452644 0.060096691327495864 0.003952434961404305 0.05924592974620809
36 0.03518514012578068 0.059423004773815895 0.06497088942434313 0.07029827016286537 0.09886709750787193 0.08182273229422064 0.038798321021439985 0.09452188239425055 0.004199142697630142 0.025741116069913403 0.040812538654230276 0.029226648312787828 0.03367313295004654 0.0917050251471057 0.04122814316240149 0.046055944171159824 0.04671523257884054 0.07174460071785847 0.02472796113720298 0.000283176696234446
37 0.01672587256973469 0.06705224096925647 0.05254828164088114 0.07165274396944128 0.022537589009737048 0.0070416609616339556 0.03322126393670892 0.06770734430522438 0.07555648161479865 0.08522011033638593 0.03225876638873695 0.04624925541034728 0.04887059160802954 0.09255615460732462 0.0076235190203314705 0.08147289252031889 0.029735509656637106 0.09054578687391837 0.0655958741538734 0.005828060446679876
38 0.05498531139469304 0.025032726094044108 0.0373648143221958 0.05525887445094264 0.04007266648633593 0.08148565746452549 0.09026009558950074 0.00036468343022706 0.04785223423567139 0.015359672026020968 0.058815994456827704 0.08684089878200935 0.05286785849343657 0.06282980955572319 0.02982223253688445 0.09228106033591019 0.047369067381327526 0.02927547934826544 0.08059845249475377 0.011262411120704677
39 0.03626709417730641 0.06564182535108315 0.0360539722203154 0.04760364373892163 0.013857959673130282 0.0504502602789703 0.08127991707399078 0.08559534239710104 0.05832736637231074 0.03749668478339428 0.019403921109037377 0.056927178985822786 0.08512454752069458 0.08796281951404268 0.03129476028511869 0.05619613576916261 0.08730912605987089 0.02839676269189571 0.030455580331496285 0.004355101666334277
40 0.05808164160084549 0.0626677171982466 0.03277552722863937 0.015568930266698424 0.08362552135110635 0.030148244491808515 0.036090541425813374 0.060588904898067744 0.07831974270167616 0.07852553681441603 0.08939959836963092 0.025321333761543528 0.015851932640963743 0.03478495975468204 0.009381191603878613 0.060584981694111535 0.07814682129293117 0.07731818883165859 0.0327423832492114 0.040076300824070474
41 0.01586081738435107 0.06536217366247424 0.077099356638554 0.04555882436849746 0.07508615312022185 0.07266920355927332 0.019188521116579163 0.05158347364278824 0.013468825636623903 0.007162216793307408 0.06785791906082216 0.004811398787579084 0.05909110580080323 0.05555650560843001 0.05630975868248949 0.0741635056628193 0.0309423808551435 0.07495644644471017 0.06108363589527848 0.07218777727925396
42 0.06538274376894744 0.014846811413362781 0.010053502088301108 0.068592090375786 0.07728510345926047 0.07607784737190569 0.00865299360572926 0.0553768959321119 0.043231308860820127 0.04563292626814566 0.059792337672999483 0.04946322024631374 0.029962148823877738 0.05989725468038678 0.02040309593659339 0.09597019322020017 0.024721840195168356 0.09444623478298679 0.04959730217971817 0.050614149117385036
43 0.05771495373187392 0.040411844136227004 0.07420825822718076 0.03838842010397422 0.028061332711936445 0.020256792294620452 0.057812132332246635 0.07567513429644324 0.004714251454052033 0.08526203899268182 0.06341235602522298 0.06138228004036546 0.016396692164685804 0.008240344965097353 0.04614740582309088 0.09475387042319851 0.08273719799352279 0.08244788575649212 0.008569658043484358 0.05340715048360314
44 0.0978921226931428 0.011262645604507095 0.02517992589056966 0.05012124539513134 0.07590114651467177 0.01958927582101872 0.05537418654477462 0.02538171757756506 0.028903089655724617 0.10039163023631524 0.013753190247773397 0.03349843699508509 0.06719757713576285 0.1128503690344049 0.05189532732042092 0.12215693016334428 0.02196531683685167 0.012378859859527042 0.04438311241534355 0.02992389405806525
45 0.08785018555988597 0.09427432594299684 0.05893923057079945 0.005760959262506702 0.026722757709031184 0.052893925678735985 0.0038407907126873295 0.004945506196876723 0.07945084671049449 0.0845810907308222 0.04853552736778391 0.0172860249314793 0.004133847758140713 0.07837680792372703 0.09505889905901534 0.07337682833805872 0.024578705968550038 0.07466263274387043 0.06603959473716098 0.01869151209737662
46 0.020109894770831183 0.0157017496608252 0.003459481685864513 0.004742170913421596 0.03383570504423994 0.06892575726511102 0.03007139300967221 0.02673595912838037 0.022806181158428997 0.0638713818010778 0.04400567262933876 0.019462056919212854 0.08574366456297919 0.07016146649556469 0.028853694225332578 0.105990845430721 0.09061997221907557 0.10440131964615824 0.06044950971560626 0.10005212371815791
47 0.08415597911874709 0.021868647707260255 0.03713087833769289 0.030523182359729457 0.021743822127810244 0.05011521916674676 0.05124161156418769 0.05698953065607982 0.008066530191462959 0.030585075266238687 0.09495720023125542 0.07561823822403424 0.08396278393900179 0.07216141886243829 0.062274996112519375 0.0833431401456171 0.011176299854651054 0.10797734267351675 0.015857545207409056 0.00025055825360090043
48 0.07104243704642972 0.061428198570855526 0.07526405858053771 0.02237260809834208 0.05684016236741437 0.05908527919421389 0.07611702416529369 0.05584761727141956 0.032202146960629195 0.03425766240734321 0.06046837605151578 0.02916349509658211 0.012837164240913421 0.08528575688561235 0.021848879565614456 0.07354916800151558 0.04174258813344534 0.06568556047369797 0.0192516275432176 0.04571018934540645
49 0.0928116435209537 0.05983663994945469 0.007678422694058384 0.0848610342371442 0.022717771580218205 0.026649056615324025 0.06939668154135939 0.05825686393728952 0.0039016739558351147 0.05569445880969112 0.08946610930400192 0.0911279326487613 0.038436037430888206 0.04136822661067269 0.044342784699101356 0.05877756975784056 0.09564983531514508 0.007696467957621471 0.00860668779958892 0.042724101635050075
50 0.06530874220915815 0.05698379198630473 0.07786709425642224 0.10139364478359908 0.006468062656951195 0.09137393341818852 0.013550716767285835 0.029973561683345903 0.07843599157054244 0.041322363436001944 0.004395207286765034 0.05300631210000068 0.0043291071330766265 0.06861276943104927 0.04437162532143024 0.09084925693564568 0.05898326355564174 0.04344918540392306 0.054529752736758454 0.014795617327909074
51 0.0019725171616087867 0.03498697470834478 0.08167757183413828 0.017504640896378595 0.05273821033145851 0.02593106015659743 0.09210286930433087 0.034280425294122355 0.04192594864889612 0.046181541703746866 0.06293091335460393 0.03466715116607168 0.08677485477165496 0.07146989705556775 0.08289774008695913 0.04724608090771681 0.06810716440976827 0.004770773261498741 0.06321391457133166 0.04861975037520437
52 0.08675339452564935 0.08694048244901736 0.08898689625384626 0.04370380905184576 0.015557563080761448 0.08189992936610575 0.06145905919323358 0.0323246474420321 0.08217580818684171 0.024303254515428526 0.014858564510115572 0.038423766417254805 0.07674165254875898 0.011446463044544527 0.03255124510917465 0.04656678588563046 0.03533320364763904 0.041929452531759136 0.04295470190765324 0.055089320332707775
53 0.06722857499994468 0.0033836065833025243 0.02774873691820754 0.006899130455499326 0.07895162319531314 0.08285402488003377 0.008107758406399464 0.07744800296839004 0.1098814755030656 0.10196575422894162 0.0887428023096369 0.019799394681929507 0.01534327844138657 0.05067350262270706 0.07442974147098216 0.027526355152892534 0.04310782013424908 0.07209025906821032 0.03015256434675664 0.013665593632151408
54 0.05565180405037189 0.029377093632022417 0.05251480937850508 0.07844909558932031 0.051719241769257455 0.033162253236551 0.06845844866843621 0.025577511310378852 0.03696667736587295 0.08178484279704266 0.07116611371463422 0.08273879935331116 0.05874046699627633 0.027223267785989373 0.017740392755930066 0.056283771483036704 0.0012829303321274124 0.08498779552900435 0.07541618224426944 0.01075850200766231
55 0.07242394435176641 0.05303699192374554 0.0792436231459468 0.06629580292760538 0.056796843076141364 0.02396865614925142 0.06515504920078571 0.05227726657781912 0.013489954196694007 0.04552473486708243 0.028245960758930586 0.06362773528591531 0.007727878416700494 0.011820703141780053 0.04282403714636231 0.03530419877668779 0.081202897145242 0.04839833340420579 0.07303532826306232 0.07960006124427534
56 0.019157385814955335 0.019969085499181225 0.08438703754074804 0.0018890774776087961 0.0032431410874288686 0.04968682965878032 0.037523849747651224 0.08300392463193065 0.052021825898166035 0.0075361242465305294 0.10171229890766952 0.040813027879547666 0.02093201885017357 0.11031904991460438 0.0946306623106522 0.018579639051834764 0.07433062672814586 0.06309663865134775 0.09669206049108652 0.020475695611956904
57 0.0653298302167471 0.049949103357590514 0.04563143167435615 0.0307618196908332 0.035765170399661934 0.0893227764952394 0.08233628800282884 0.023006354199930447 0.027231197237176215 0.06932174804201367 0.004658249126249277 0.07123246720913523 0.04037244378963592 0.0745504673124537 0.08651252884783157 0.09287001940581087 0.04888967006843274 0.026405661294001962 0.007218532776240209 0.028634240853831407
58 0.009355848555666563 0.029445694211805092 0.10060365999770109 0.02207983316944204 0.05366208157500771 0.012570203496562581 0.041496024907382724 0.04993420973299687 0.03968625957773654 0.07212177296819894 0.017176962024502158 0.09895767168633113 0.10252857162410595 0.020647431354113063 0.08777269055831782 0.07504292231860069 0.09107878828317081 0.00010457616858573551 0.024461105805339157 0.05127369198443338
59 0.04960306635186759 0.049706759076232405 0.08264332753516618 0.014013118205100913 0.04041531351470908 0.03716345061302276 0.014945362137126316 0.025497504836840542 0.028979837045147182 0.0656131976286879 0.01566232883404224 0.07268655867085928 0.05983971825891195 0.05643098233422369 0.07352724838572021 0.0642270972144293 0.06241942439448708 0.08767827392950459 0.05478504052275498 0.044162390511165744
60 0.057343304786714545 0.08516196358867541 0.10157669338723861 0.059323923599115015 0.007544733306307021 0.04538105478872325 0.05555997074613131 0.01892631983991013 0.011209383899572723 0.0223694042059573 0.09825849032238697 0.035568341797305565 0.007948152673429326 0.0751777646319826 0.0941466932912872 0.010132062651497775 0.05881376366240344 0.004257279472937907 0.0913213022792576 0.0599793970691665
61 0.02370932890890423 0.015203478162866484 0.05592603904519008 0.06182723694394326 0.03478895656993239 0.0717961470829019 0.001436889408746867 0.04678157002900193 0.011334189016543109 0.023083630729373795 0.04668632837159018 0.0919457756757167 0.07145545989287194 0.08752253283832279 0.05265793707717985 0.08378930497452093 0.025647181842812127 0.08608340591597814 0.01791187633397878 0.09041273117962456
62 0.05337149201125528 0.07197808910274396 0.008648291672301656 0.06737162819591419 0.036229765824638 0.0650203243117884 0.060400866531982934 0.045706942344178464 0.06464962366241556 0.04446882387436051 0.01862893211268457 0.06343511418926565 0.07227148288475978 0.05743512626815995 0.03980373530147072 0.07335892107583597 0.05015941048487492 0.012992804943608365 0.030501526158255146 0.06356709904950596
63 0.07847485777920968 0.05136601550449823 0.09860295756456523 0.026535970125640684 0.07078563794596428 0.00527243930713526 0.09403590831187934 0.08355837396373818 0.031099789236165083 0.09675175965127365 0.06021389127278707 0.005032567963160347 0.014225269334143755 0.04739389554602719 0.02136002088717158 0.04525923172007504 0.03326563787631707 0.018752954739032553 0.07398741114964988 0.04402541012156586
64 0.05616853801303265 0.04931783316240441 0.09549414781242385 0.06461367316136787 0.018160551914659106 0.04288567697529384 0.023861283972303582 0.10858388863591031 0.109286454622925 0.08092039637616683 0.03785114030173662 0.03309628344417773 0.01924042845893288 0.026387754580556873 0.030894392844160238 0.03759739953241793 0.02318678860114763 0.0544901120798252 0.04130444017857911 0.04665881533197853
65 0.002152801198390127 0.04218743994514042 0.054006087054269646 0.017062161174377456 0.07458777100409843 0.0014950741087558714 0.059513662309242564 0.06516087940467609 0.028238561729031025 0.10642724410571265 0.10799474011792272 0.061247314676204444 0.03283620432132451 0.07247030030813502 0.012643872509421176 0.06608463284332886 0.04107230112822217 0.048994459774133726 0.07148240913989212 0.03434208314772077
66 0.014126681174265583 0.08895912009143576 0.06900537491813899 0.06803159140458982 0.05000904435551548 0.05735970321473686 0.09281621080588602 0.03457353281845393 0.04370338375868435 0.049838735102029026 0.08067446982479744 0.07020807273453851 0.001682952215409019 0.05117656076900377 0.09118727871821142 0.04216041763766453 0.021001829671612855 0.03631188964533533 0.01642175915225249 0.02075139198743848
67 0.08076899700015754 0.08189963192733934 0.08781646514405805 0.036056630599930764 0.022048133361012644 0.06294536207901605 0.061422315991089306 0.041964046055478516 0.013289934827848175 0.01659239586318759 0.0774822366672574 0.045404948513243185 0.07090980814783006 0.09188298925709329 0.030830196347901923 0.02636641252819077 0.02227325008372824 0.04076512182616542 0.020972909005127074 0.06830821477434465
68 0.041927664140033793 0.052066945422934136 0.08206847086987575 0.038126774476919784 0.02781296372750735 0.02686181205591724 0.04334975827158974 0.026611448963893784 0.015353481615491374 0.05821329933234603 0.08413154458325896 0.054105417751147585 0.05493463804836284 0.06172310857610507 0.08912401784951758 0.02755904185626483 0.017213603794887216 0.053414188040960424 0.09358225319408127 0.05181956742890537
69 0.09297044368967049 0.016485334776828245 0.09849644628887849 0.04544781265354774 0.053766676574564895 0.05359579391152972 0.05161346605095411 0.01330414941466976 0.06514276579241707 0.0961891071397652 0.09936904870536506 0.004761435814271495 0.07955462862856696 0.034521001580038464 0.009416944694175294 0.019063141894747945 0.06906798274947044 0.05263051065424079 0.016901018965459556 0.027702290020838235
70 0.058266312951442946 0.061735076002257465 0.05940587567825086 0.0024158446747041522 0.003124397770679148 0.0061865249024102295 0.054739233262411306 0.06237694627666419 0.04332737248136691 0.08002494933991207 0.04753533005299194 0.06942011248337555 0.01186675694105519 0.06894457191019408 0.0745699317557275 0.06725649100143852 0.030316071454050762 0.06634214939058977 0.07511589868371064 0.05703015298676683
71 0.023046894608865415 0.04083191734485964 0.04031040675788406 0.07519224306058349 0.04684100576246112 0.016723478714589252 0.009901625416420642 0.05346241319372953 0.036994012279351916 0.04382114522753807 0.08329434358504097 0.04482743617449539 0.08628478654759904 0.08987713250599956 0.039466984525686144 0.06918352216250742 0.04858237769172709 0.009223116691963495 0.08052953283405555 0.061605624914642415
72 0.05512538559298396 0.07924363754532164 0.016123516135724804 0.06993328506752704 0.027434748968854353 0.03510402801935734 0.08964204645585272 0.08636769144510974 0.0451318079876552 0.043291723280234035 0.05308369804491688 0.014960427169542271 0.060462286130073546 0.0037638961224794225 0.04850115013562184 0.07621788157500758 0.001592671915754764 0.06079164690205222 0.053941356855849144 0.07928711465008145
73 0.08175000799841364 0.06212465848062272 0.016877582272003398 0.03355672694884441 0.09932903634820413 0.028254050459301544 0.0403413225232616 0.006661581223828756 0.06869613973176576 0.04009084523827752 0.0011338276431740756 0.10428059354447204 0.04524475431083904 0.0930438904688728 0.036373077569785965 0.03869120742050491 0.010284825486567327 0.019105071932253328 0.1069132071592212 0.06724759323978595
74 0.03763930393373114 0.0465730136704664 0.07591565770548606 0.062205131193406094 0.07377703257596915 0.06479352883176273 0.004981301567172869 0.015924883109638906 0.061031758390543096 0.08551067544911489 0.009665205207823532 0.017644079843795273 0.07293648404238672 0.03533482264074292 0.07021026352259237 0.07155852367694336 0.04964449849789956 0.02019687221670828 0.07564269315028403 0.04881427077353263
75 0.037499955583423616 0.03472970606878578 0.005171515213824947 0.010471842482025848 0.09263526871717971 0.00045519984479482344 0.034697452733784995 0.04122997661226948 0.10731879404017776 0.0728872259038573 0.005189063450992323 0.0548043972393866 0.01620921429549445 0.024810746630674476 0.0968879336821203 0.018683286036854044 0.09861438133886552 0.05297544539716963 0.10476291711414788 0.08996567761417078
76 0.03989719316363664 0.06415326967845641 0.019166909072510716 0.08114976337202785 7.039076601558128e-05 0.08206190299238193 0.06966341878711385 0.03336544255716075 0.09151892424112613 0.03888977397919695 0.05570847174438979 0.04590051863735871 0.0008057756042637779 0.03285037415624859 0.06837013048752308 0.05262545987174483 0.0956103356937189 0.03275689342689464 0.0742265173015029 0.021208534466727963
77 0.038861759586424016 0.02791703764305108 0.09591360853372298 0.02384461070214513 0.09100734551875828 0.012254272353725105 0.10368280616904235 0.056557864775323 0.06811933878052105 0.04179241515496371 0.0229264682681646 0.0006006651840133669 0.04998172169667162 0.0682852991924109 0.037421664815828745 0.014398594577208889 0.03434379411610041 0.11487438574388029 0.05405147645202058 0.04316487073602387
78 0.05452650454302443 0.06871471454721483 0.08649620738313031 0.02147575473095326 0.05836801372079042 0.013367401368218455 0.06272979571102018 0.044396720631615566 0.08787788327862192 0.04904135768670391 0.04174568401845233 0.07834030438464236 0.06300804625770583 0.0034146429740724658 0.004135393741751174 0.027947416949686717 0.0031698158847173726 0.0744346481366823 0.08316207872996534 0.07364761532103092
79 0.016415197194614553 0.08006671429980712 0.08409428898540727 0.061697548833530895 0.023344084325929194 0.024759627973496703 0.04699992580926634 0.07281521286239287 0.011665391460338287 0.02478162399220132 0.04800701088330107 0.09165649480686397 0.017502023129563105 0.05610583141306637 0.0916127761314997 0.0937885788820148 0.031081783099567436 0.03697959571095466 0.02104335462550808 0.06558293558067645
80 0.052856063315416354 0.04795262133902921 0.06920923950911285 0.08492126831911599 0.08241011079919101 0.07149496741187247 0.048011185210212866 0.02294633698015809 0.04874801288774112 0.041092323472871 0.054562892251281275 0.04088893331313013 0.006302680454075043 0.07032188834022761 0.044427524868993325 0.06190001670201414 0.04490610845272097 0.02942975157954731 0.0381216721911567 0.03949640260213267
81 0.007496576680246554 0.09663204281500665 0.09046766973190384 0.08461894034262141 0.028793908235066244 0.039540760011616286 0.0007522476146166057 0.004176072314191022 0.08540816854149225 0.013447928689224401 0.048748165564055854 0.03430537772794576 0.014954629567303942 0.056482994889300045 0.07421014019853053 0.10150284706145618 0.022126649192256594 0.09805274687926997 0.04903807313010652 0.04924406081378941
82 0.005872101375986434 0.04524882602386953 0.0657947638426104 0.017150376100019096 0.01159791660174711 0.01316259567957117 0.015615962523030187 0.05189586214786222 0.0574014514463756 0.029518508714608475 0.08570228404893995 0.0892822289174585 0.08812761292379781 0.06351753307617829 0.054977053351199644 0.06283523810737018 0.0896748346754826 0.07133190746129024 0.016723301890679054 0.06456964109192355
83 0.06070901010801871 0.08542708016171069 0.04851244357855136 0.023087754215060166 0.04695939736110919 0.022480609434176027 0.058858515664728724 0.04866368606214521 0.052234188048227506 0.0587243865219678 0.03682948175157302 0.05269220494263993 0.003449560109322147 0.05133342880734497 0.046627176052701794 0.05833068717366738 0.0752349441088087 0.08142223325658077 0.007750951382651052 0.080672261259015
84 0.04232582996941126 0.006635935258654975 0.05599775062816014 0.05965756902604276 0.044642033467609636 0.07648437716857323 0.05145324539327519 0.07901464039703326 0.08360792384690433 0.01164253858095574 0.05240349427836075 0.05101285212951698 0.04002959079079781 0.062078035200029344 0.029648004369067255 0.02975777360518889 0.06123008418414282 0.047321195073312554 0.05558561724980516 0.05947150938315792
85 0.004675015012814851 0.07811014399732606 0.07179830872426782 0.02823675100381923 0.04970779463550357 0.082315581615596 0.028086117100641267 0.0410737157659203 0.052013750557392165 0.05158892423726657 0.06803156200097574 0.06348578563945854 0.05600284771356626 0.04443713892518496 0.016860612847738404 0.007643489032294027 0.062247094749889806 0.07122282996204567 0.0702686543305513 0.052193882147747526
86 0.05576506055244502 0.08680285677697702 0.0764887960799716 0.035845645265680265 0.054144278940511714 0.08696828666134562 0.02286641029414018 0.048726372300406794 0.025526870600107922 0.04058644318457367 0.023657253282992785 0.03133386313468567 0.07124442404103025 0.06433033309776764 0.0022097366470866173 0.05776226179087246 0.04164740955029544 0.032946363588660786 0.0671642033650284 0.07398313084542023
87 0.09279727574418954 0.000964130179347286 0.045796171702096204 0.10840996753842301 0.04425646230717227 0.035465883826742095 0.04949137698699851 0.02661706152377377 0.04465612559482045 0.11089132762840381 0.0011589032413311634 0.02682193129098607 0.008385604763803853 0.03997771467858394 0.07307025424557023 0.06370137127324774 0.07238904033076399 0.059848134811165486 0.07949567307791273 0.015805589254668028
88 0.08967165159225605 0.05201635641748298 0.11149811015788375 0.031046736448305003 0.07886513044745504 0.042909773003554114 0.026862762446495797 0.0492499374648992 0.12506989718682385 0.06746218069544488 0.02269055245459168 0.04550097570636617 0.0056931296101254665 0.04995883182176959 0.06389185006126176 0.005626055714256386 0.021508104478212598 0.001518681339247597 0.013741581020093253 0.095217701933475
89 0.019129759056519015 0.05184400205434957 0.09726298477446363 0.08604668093333985 0.09398916711424 0.034341528329943874 0.026807065846733768 0.020110245620888707 0.0728896540557891 0.04671475784197867 0.08761846304489497 0.04026059482340563 0.013810521952594707 0.06286799518135298 0.07081034528664777 0.049793134050679165 0.009945491627270554 0.056838040285069974 0.026268999421228553 0.0326505686986092
90 0.024347827885083977 0.025049700992352746 0.06119322994280779 0.06958774167705131 0.07848771763175064 0.029770326939633964 0.0008360168585004452 0.045560013370457945 0.0612778948460135 0.10192658714320853 0.06549671668376027 0.07668553824099157 0.008949926454679328 0.0884239372537682 0.0190254122492956 0.016160177242104414 0.07431386285053337 0.04536749362370252 0.07014150733821146 0.03739837077609241
91 0.0493451568479704 0.01723967898692509 0.08468039863801802 0.02242120608734888 0.03981323369613497 0.05443688400186066 0.0990105975754004 0.05700223288591116 0.09739425257009525 0.06833203972717201 0.028310114391252715 0.07694759320515435 0.10198532332962129 0.053143055981623805 0.014237339540208435 0.014016158578724755 0.03385861627946886 0.012489472466926015 0.004268517167995482 0.07106812804218758
92 0.0626625530073464 0.02349154155832927 0.09199669753098552 0.07936081560085703 0.04014714475109387 0.056024001794789245 0.025710824832114936 0.03210560686761146 0.02958717335792256 0.06634707514427066 0.058405333743856556 0.06006571439674062 0.04841577912540879 0.060494275766435374 0.030692056458369477 0.014667454084333786 0.048458503056397075 0.05532246654103041 0.05038114865070434 0.06566383373140276
93 0.0656685178251643 0.017879721533850045 0.05511545471277856 0.00738387864801003 0.07722908983955773 0.026190140512244303 0.0031517847716916194 0.030241435108547612 0.08927321916718563 0.08206573024245649 0.04623218943318305 0.0020930880714904467 0.045980222573809335 0.05397301270538446 0.08896128054364477 0.028771064062129807 0.05280349650184819 0.08954445714735662 0.07348258273289805 0.06395963386676905
94 0.06650194609799477 0.06004127428810017 0.046867034419904176 0.0639529920114901 0.013303502767639135 0.0856843378939441 0.025822719861494824 0.03660039380133233 0.07130180518371076 0.04436264053409929 0.04380000519204575 0.07036549562389471 0.0023103410994702246 0.05984121174605491 0.0782222199826812 0.04435156110067601 0.05085050060345099 0.034608612148257105 0.027520122340008786 0.07369128330375067
95 0.10485322791455017 0.036817972982748616 0.10847942873194166 0.07328789267796064 0.0572289106791512 0.02961201519210503 0.011506851875913613 0.02248277351897149 0.06760540401655962 0.10108773697933215 0.05492254880557491 0.03678728134792169 0.09322422105790702 0.004703501433955246 0.06057794686359096 0.010659673677512572 0.08989806688912062 0.022729965585327756 0.003950999615594954 0.009583580154260056
96 0.06211397752379869 0.025581921892308356 0.09144110886361674 0.048333670046398575 0.05285830260600558 0.06755215883320269 0.030434507741739555 0.08012737160853053 0.08860489358046322 0.04423775630545537 0.015463440490909173 0.087010759947139 0.04603956277368068 0.019383373912386415 0.042699493469951215 0.00545458725245424 0.040915917815165216 0.039373844229971096 0.07171887158962013 0.04065447951720354
