0 0.057548314346016816 0.05960544918369595 0.037883609559385995 0.040158120621551795 0.07891146143154722 0.006345847790161376 0.02863568904429783 0.0028443116120489263 0.07960776882884377 0.027718022184389828 0.007105263124215087 0.07203586583134469 0.09107941281922845 0.08028473751300667 0.03686657384392335 0.08817119832179078 0.05480246718599629 0.04990176844553115 0.04829747320767896 0.05219664510534502
1 0.03160841857201816 0.01881559284346994 0.05010390269363421 0.03157133644648429 0.07364702449839634 0.07479539701025847 0.023621065875950715 0.07956860883019834 9.83860711507817e-08 0.05389633755140787 0.04896483691332818 0.08977679244235297 0.05706959413709325 0.07946260269245195 0.06422904090220426 0.021114094111808132 0.007724427647672986 0.05470022591454032 0.07109243122640636 0.06823817130425223
2 0.04073532831212691 0.06350935153625394 0.08840038237308499 0.07228026711491667 0.025234646441737153 0.02231236280080654 0.08134325635856153 0.057959466070768025 0.0246719964073346 0.030523609397813678 0.0299288368028683 0.1125300601632489 0.015462751337886011 0.09780239609311338 0.03636582530249174 0.07207849079690405 0.035921182916716664 0.007461852451012695 0.04308148612579816 0.04239645119655597
3 0.08022150206356192 0.038503545720544374 0.03311116682578893 0.06938201945619885 0.0571962861311715 0.05348739046827772 0.07469987626671788 0.04310085886379517 0.0576780102178622 0.031106674504668873 0.01561431985917956 0.03610360762008989 0.0009699673934335353 0.06252099047825915 0.05012905179422931 0.038465381299571604 0.038662381023190785 0.07665266911045057 0.07816938567683088 0.06422491522617735
4 0.060151122486945444 0.07306957063824762 0.03980891873357341 0.06837068496665454 0.05983159000363383 0.048990399901333644 0.017547330944491367 0.05642669468678531 0.017277323085462547 0.05410412628200271 0.0873628044278523 0.009645478724035704 0.06344740785850045 0.02810206835682047 0.07525721348393473 0.01843423810269905 0.04519110206365593 0.0647069994562815 0.07180583088612257 0.04046909491096677
5 0.10749796583218718 0.004297218733496392 0.07538689220403855 0.10450265628829433 0.013284268174907072 0.014510018910540093 0.003961732322266225 0.03760286678079403 0.05338702659399395 0.013429698852129501 0.08569641471722259 0.029770141003523806 0.026577066517159107 0.04681046516942839 0.0483516234784574 0.024214168915961603 0.09523402292750652 0.1154763789514806 0.05232182605832507 0.047687547568287546
6 0.0245574532842404 0.07406944093299267 0.08702837133675671 0.07538266471930137 0.04716421256402577 0.03769840380544008 0.042800103798502916 0.018695660682124294 0.07814861447684113 0.09870510729582742 0.0026135345641625308 0.09302182867668048 0.023610344193614925 0.0780407621019374 0.031339522097802774 0.08652317231817666 0.01453072446633534 0.007744303543301315 0.04187229264556894 0.036453482496366735
7 0.08229215709627152 0.026914224373079894 0.03820338574660786 0.03744870749785558 0.11172487885905484 0.0355265896301979 0.004659525100568208 0.01857545620465236 0.10962010133799162 0.03528729573051832 0.055665478236233815 0.010633359071110045 0.09548527777923671 0.0896979271995281 0.023774245400074324 0.010183082523369946 0.08286098910252988 0.012653364475464505 0.10554183421321278 0.013252120422441664
8 0.0818035124584077 0.07743732652961258 0.07573175491543034 0.05281712499963742 0.021400578401447046 0.06224416928288853 0.042842249506509444 0.06269386411679073 0.05669825751466331 0.02550987850707674 0.04433376920491112 0.06218844311210666 0.03458718542517595 0.04599077149418367 0.06025510059623316 0.018563764821796717 0.001537119266867558 0.07367278008584947 0.05613798289603868 0.0435543668643733
9 0.025226734244819582 0.004871094856021022 0.08773184922224135 0.08811348823976285 0.031373323112867606 0.08404907668720879 0.030909670259108027 0.017282010960176855 0.0021109746334845797 0.03796518702551148 0.057729442049038834 0.08271877434809896 0.05829841816274252 0.09885125658269148 0.07926624131745198 0.02620324764350374 0.05401634712849581 0.09347609203552255 0.009661948289006426 0.030144823202245777
10 0.03991466795207239 0.09159564257164456 0.0527291500886762 0.09861826532454586 0.051880573344189385 0.0816014579345733 0.0016691976617508768 0.002298561809116455 0.09426125456986789 0.02353451280303279 0.02056793742639682 0.09164566753314937 0.044018540626485275 0.06553350295473583 0.0001584054012182158 0.06414190609579899 0.05991045214762373 0.02528782541398516 0.07140892710849453 0.019223551232642383
11 0.06456328008953936 0.08334174469875112 0.08429942616136059 0.008572293140842497 0.05185099222989282 0.06243742251408959 0.003826929035417945 0.04145414935142398 0.048384390407327546 0.08654057994114074 0.05809560718654757 0.05442317429825662 0.01195561413828866 0.06614739735416901 0.06689276958549611 0.05121860835597699 0.027678509032170194 0.0361723150102348 0.08829778309766166 0.003847014371412089
12 0.01173403039124241 0.0668679861429696 0.013583887948469233 0.0526194482974932 0.06760664320386765 0.05089716348832714 0.042307871349007 0.06171576781071272 0.08768133253355477 0.020967242644205894 0.03596615308889345 0.09738112216795268 0.017972324637454476 0.060000488480416087 0.09813374048314012 0.030262575478582777 0.0227489553275639 0.02812681516521858 0.06924431328114869 0.06418213807977967
13 0.026011582730115168 0.028023034579960394 0.05046992310690409 0.09469718454924185 0.05555060150751811 0.017704412050540144 0.0646506344915353 0.021404435547477226 0.05185629529589018 0.07576693529704434 0.028761115563226563 0.060885885528764026 0.01063932749424456 0.09578677724403481 0.03010112280291016 0.0853700836768667 0.05716157119093708 0.028602996150380717 0.04333930321575252 0.07321677797665606
14 0.059731887067767706 0.05901251428410194 0.0420247029124671 0.012014835719097247 0.06454593713982724 0.06752877452179448 0.07119522992322416 0.022858658845085138 0.07552829625721863 0.06571554594105776 0.06419008215051887 0.05985610085353946 0.04148668634504727 0.03651134028601504 0.04496371773847747 0.055604031780011075 0.06868036570984802 0.0041825298026175045 0.01294654969861158 0.07142221302367224
15 0.06826395678958166 0.07791632413452115 0.08385476089699895 0.006988418532558783 0.09352784808193372 0.02971213727083912 0.07117374871196762 0.0029369902302340692 0.03398394614418699 0.07797687499552569 0.058436889556309796 0.013296665141970743 0.012886405364985797 0.07828807629754002 0.05320434727094607 0.08658239192601402 0.013396729741140511 0.00601572913886889 0.06078389202810052 0.07077386774577607
16 0.03661826293358743 0.07186214713554738 0.017664662263141756 0.07605210963994231 0.049549384204891744 0.07985244410238357 0.03470556789375836 0.021074805767399504 0.0026374593210509332 0.03540647764823958 0.06269502794096567 0.035401008451748484 0.08947161611119116 0.08911186312004556 0.057149105360905395 0.04553683510413026 0.022496073850037216 0.09114118972997781 0.03782750910613975 0.04374645031491609
17 0.025986836375622772 0.08944825529866712 0.0860932829426021 0.08240189668749444 0.07788851082583108 0.07756755840725604 0.04355281396019442 0.08423228757037148 0.009954889816397215 0.06665924966692799 0.0009172516092697269 0.010361977810371627 0.06029282676715404 0.09183012087292958 0.021170911083594 0.034117324851705176 0.01896024747831829 0.08455091581822873 0.002325625567133839 0.031687216589930366
18 0.05058391861544808 0.07423108889330854 0.029750837565931772 0.09650345436504969 0.07609835405443914 0.007903119772085356 0.05769689157782531 0.039892924847217376 0.006246984033170566 0.06918150364813791 0.03660874151567734 0.0575290918601853 0.06667932418066463 0.0030060290463846734 0.0011794869217402492 0.10148723041570964 0.05192055084114687 0.07235925389068158 0.004944896046928288 0.09619631790826767
19 0.11501018331789849 0.09943034183612354 0.00972165067509556 0.024864955966875046 0.05717552173784581 0.08793583579011967 0.024897738439211232 0.021032190765893122 0.014220960968584759 0.11929697080941104 0.01614738236230138 0.07382906513299937 0.0338535953070017 0.0582632283631934 0.04793538547929817 0.03510192737073405 0.037911482124781945 0.030961757782600696 0.06483908508449235 0.027570740685538605
20 0.06151951814528381 0.07464261629660694 0.01567468222018908 0.02448026406307234 0.07288045920565066 0.05833555526975346 0.08418858142727415 0.06931062493801358 0.0745581359099585 0.035161117342251656 0.0862611396548376 0.025096576661910504 0.021148535413272038 0.0609048732897864 0.05844139571898468 0.033201900458714705 0.03207304885097226 0.06585711737566126 0.02131175744340499 0.02495210031440148
21 0.026347407696820816 0.022110698241999776 0.08192190768778677 0.023545799991751926 0.05398929173975973 0.014858271344015121 0.05982411603906728 0.06069428986049295 0.012880064552286687 0.06503509715027973 0.09236287440408317 0.0982110734562564 0.061249133495315196 0.02715815299667984 0.04798932942469999 0.09530520366131737 0.07510284334510973 0.05405832020570864 0.006297882442619722 0.02105824226394886
22 0.00047109183626680974 0.016242012582801054 0.012595363331465374 0.09462436336884003 0.06932966364820653 0.09939355242783741 0.0860378310193091 0.07953824090302672 0.012521640260545796 0.0048358782380342235 0.07289397163487406 0.06919402879321152 0.05910972869485647 0.056718183101356845 0.08145538300117364 0.07327309578506308 0.03060192839860355 0.027200212139672542 0.0400042302241643 0.013959600610690676
23 0.005730334120946572 0.06701687792103729 0.08271967801843444 0.021613231915775657 0.06464827493320281 0.019624757893980722 0.006861123091852031 0.05991722968995993 0.03349418021006973 0.07748085000395406 0.05620682333855909 0.05268141227052452 0.0874527104806673 0.008066435736120824 0.006463552174404318 0.0538548297735371 0.07854235516398014 0.09644212567080997 0.06393176966055784 0.05725144793162552
24 0.03798216941563548 0.060851688815966164 0.02005216653718146 0.03723346183017167 0.01999918372605136 0.04939415333915067 0.028015959832551802 0.05701239069301337 0.006901668722238858 0.08609580485263836 0.02751167187880803 0.026409264038153576 0.048783364606840185 0.09161296405328716 0.08762495841052872 0.04884883025741292 0.09111588202649767 0.09635387604773475 0.03238164387371902 0.045818897042418774
25 0.011058060162844387 0.05102647430734196 0.08586845725104413 0.029674602149841054 0.018595221624421454 0.05100414584467982 0.02487392122931511 0.04153524149993028 0.07825845964544995 0.053003146197692516 0.08517187468310423 0.03530404512928489 0.006082193495445111 0.08823761735076815 0.08083667899001969 0.07458722512922217 0.011561517318504968 0.07854111560418812 0.010424594137110792 0.08435540824979108
26 0.017371873395256966 0.06350994097271583 0.08411164634296675 0.014374311665992914 0.06877267755192569 0.045072707213604395 0.07066049875269499 0.045295845604452 0.03468185927028223 0.0006452719421266027 0.05204075646553989 0.08156524015628076 0.023357123177319875 0.08059238585044147 0.08806852156153631 0.04921248780106049 0.011306281698417185 0.07115411888191964 0.04644632237050523 0.05176012932496088
27 0.026931476227008887 0.06908374025919026 0.09077512570441966 0.06850740586553834 0.00525556963848298 0.009638425180376112 0.07969486557634756 0.042852776439513685 0.09401854469259262 0.029755429164531378 0.08723548520075217 0.0941347371075933 0.0132095449449276 0.03333644683124368 0.08934350836959006 0.006103473701714814 0.0849071322602469 0.0346609799659719 0.03153077568362255 0.009024557186335276
28 0.07908521653756168 0.061336888929248566 0.08761941513085728 0.05241228542448841 0.016273417396556588 0.03939974422732939 0.09173998927820981 0.08489691291789807 0.06267283655076213 0.05641579619106809 0.02640663145503343 0.042554077073018 0.041580815552494224 0.0811637318473429 0.0056519993882964996 0.038723544512834496 0.0510823190850056 0.04871444985075217 0.022096433620306263 0.01017349503093616
29 0.07371010996239098 0.10151122588385295 0.0007696495774706649 0.06842639441569612 0.06246265953481238 0.04300953580653921 0.02720550819856922 0.01153971320579951 0.07225074339076808 0.045652434591827225 0.06483660207115673 0.012047607694880632 0.006595360377848329 0.106339003552748 0.11082146742426549 0.013389536106196276 0.004439220527555205 0.09165864924751596 0.042581792855712085 0.04075278557439501
30 0.062102969296665436 0.07202527031021333 0.021466901981768916 0.051144171630872606 0.05233409706309575 0.06337400848402258 0.059816052339061794 0.03233393867519791 0.010248603651077432 0.04455205772066832 0.0612811809621706 0.058334217337661746 0.06778487603399375 0.04518683659634731 0.05107459864836008 0.0443959600255144 0.05762119641401374 0.043428702592684755 0.03588148627469121 0.06561287396191846
31 0.03616423449947961 0.012173166704457486 0.08582763190472961 0.06981240024880925 0.0547651182233753 0.0036109756379675588 0.0436641374891266 0.03431737764054398 0.10400814488595181 0.07686769991875082 0.0213700508777686 0.02474445874350673 0.013532716407376865 0.10086790263325661 0.039962985977795025 0.046080589523061946 0.03500204858490848 0.02695261136544357 0.09225472405351623 0.07802102468017397
32 0.03482049763769153 0.050924164860001196 0.042121877629661755 0.03229992892089736 0.007765144583390601 0.06231520790853584 0.05356414793889865 0.04869953260688208 0.08057425541689797 0.08529286965293938 0.05073343402053377 0.06529852766906023 0.014341892874124766 0.05344093984008554 0.03641235019788867 0.05549739498837692 0.08938664238165626 0.0119889789490245 0.03326730878886183 0.09125490313459109
33 0.02904170168646802 0.02664768317809741 0.0411138967823144 0.09697867438919541 0.08594169696583465 0.06621806561014247 0.000290785016995582 0.044743388363744044 0.07120784198529378 0.03416211433096814 0.05318316173703113 0.05782363460325388 0.05104817938312027 0.07005874385352923 0.012294565525996056 0.05216686131584424 0.054822689871703724 0.0069362600004551 0.05301276540430286 0.09230728999570983
34 0.00439201878905523 0.07465597832971897 0.01324744655267733 0.025295514522127065 0.045373089968127486 0.030265239311931594 0.010016065419741723 0.0628649828785109 0.0970856640621578 0.023474771875422823 0.08445365587458906 0.06787169927550336 0.05580859359005046 0.07664366109522332 0.0797265397825132 0.08515092864658458 0.04177795849760285 0.015992076169605695 0.01963221163444108 0.08627190372441543
35 0.051647847313526785 0.05712027341281973 0.05186990534799855 0.07423625106653192 0.0778089483360008 0.053873713613304945 0.0788908706565969 0.08046819972701073 0.019494154027400446 0.08863877959717657 0.03304694414779126 0.021011049997855746 0.012909320908254552 0.062404932813989046 0.02838673648690341 0.07960220307576361 0.040264944487408354 0.0175943792546084 0.06504122790977358 0.005689317819284732
36 0.056863226980481664 0.0879221124285135 0.05520903927227414 0.0031031913853061875 0.034270034288437945 0.037702841529016665 0.04661307331174123 0.08401728536194365 0.08625628573973233 0.019540696043051226 0.06970371247478208 0.04332878973279298 0.035118175464128557 0.004564910916301116 0.07941414484863174 0.030883881186990515 0.06947930165370715 0.03827370879535726 0.012875869288020347 0.10485971929878998
37 0.06013681332990288 0.07300688063681307 0.0958332899673591 0.03461842132883885 0.08914460826647909 0.026909903882924763 0.08931397888466612 0.08262341024119896 0.017059404400312086 0.007659486447932865 0.004971932568908227 0.0760898736074649 0.05733225621703626 0.023231001566773036 0.0570444166726804 0.03541786569832962 0.04355597038487341 0.07166818149272974 0.04124879569303206 0.013133508711744369
38 0.041506859521732026 0.1074252284960596 0.10753391923760963 0.0454432635420572 0.08376176803001263 0.03222233528841978 0.0504944879077428 0.11766804471850999 0.03940601036027457 0.015568051861876393 0.03366103199361724 0.03355622715447774 0.049424976555331 0.060144319701659815 0.001389596516402252 0.023328129370532476 0.02963713206673208 0.06942029453950171 0.017995776920782015 0.04041254621666913
39 0.04900983745242072 0.06981120534879993 0.02848081821682897 0.03941364953914136 0.014391692785992073 0.08412167024399649 0.07889712624297873 0.017119103824671023 0.07614777200493598 0.028350111390146225 0.029126718092781546 0.04653226832648576 0.03975642961184616 0.05576797956076742 0.05957747092484905 0.06056723515783055 0.049964259935327146 0.04853810412838515 0.05669016044140891 0.06773638677040673
40 0.029609180159713 0.049327155787527256 0.09366968817002304 0.06441827032820584 0.01683073948656696 0.012404113145166372 0.05080781225024504 0.0770260684991627 0.05300731867418162 0.05106552098955985 0.03592625199330319 0.032986062049243654 0.02942770648353039 0.08308481468565901 0.0751574059313242 0.013380313883107892 0.04274797032532319 0.008907600556125972 0.0957367659268566 0.08447924067517422
41 0.00884560316485197 0.07142387249110682 0.08148395325825761 0.01664601429805388 0.014455744453686307 0.005513767690361344 0.06228160627859364 0.08121593315144589 0.03496855977851601 0.05087860057100283 0.05029126015313763 0.035065293531926736 0.07883706326642027 0.06718305147595333 0.06849725720450378 0.03641228500083454 0.05131666720445746 0.06479882913127258 0.07141334957851671 0.04847128831710064
42 0.04868730586082996 0.004976567372386756 0.036011282812630406 0.015549330765389823 0.07764724258101416 0.10335723210817939 0.043616305517303736 0.0971937124017507 0.010235543279897903 0.09739675159179705 0.08387939741385013 0.09044010859692965 0.04026816942216439 0.027131672751415058 0.035784150862851236 0.05656689018246388 0.06747524352055694 0.0017839450166960134 0.026472493253556734 0.03552665468833629
43 0.07305816764398522 0.0013927497319219941 0.07603127396259196 0.04451238430010848 0.03374027844285289 0.0974374429415092 0.008162768080734373 0.020938645287421103 0.06092250166824094 0.00957266629902212 0.06615416100154187 0.022669437145972977 0.06134674578449955 0.10021806975234146 0.08901107403025019 0.03583405582143927 0.08393882997642046 0.026553106479969585 0.07676297200198486 0.011742669647191313
44 0.056561620070508856 0.06722892194756304 0.042802082041568115 0.0748484415371436 0.08332276869181642 0.0022201384321905468 0.042122998715763166 0.016706271600207937 0.042549099904461776 0.027229217250545067 0.009157772555247504 0.05286319948732131 0.08319483692003712 0.07578161576456148 0.06000383741290994 0.08518804771212746 0.041703799063264164 0.05485747248363983 0.041243737832617484 0.04041412057650518
45 0.10342376189566743 0.038623280388047555 0.10108045224837185 0.10156604766640448 0.056318964107119236 0.009702143034597393 0.027387449993910795 0.06660100042976437 0.019034814068818757 0.08127658700500083 0.103078007675271 0.02589791212611039 0.024502013396478436 0.07946510916899562 0.03976692405055361 0.020545098945714678 0.042485783257874166 0.0037862234241460213 0.02349729641438776 0.0319611307027653
46 0.05556361760584938 0.0607984298867957 0.0987886937800826 0.041304473048841474 0.10296759352836188 0.03585168906574094 0.1118637229044562 0.004607619071023676 0.10322402186202904 0.008779084777104637 0.009833726690024523 0.040739732702041814 0.019610064466577988 0.037172022104267496 0.1030925314857421 0.03745600481252115 0.01287432789436542 0.03220566327430648 0.023341041046908668 0.059925939992958956
47 0.056844130958367795 0.024152276358260224 0.009414404461143066 0.03385612671518177 0.09953001252632972 0.07872441113398772 0.012049192904878193 0.04010417064664431 0.05332984788376717 0.09775263180717067 0.049252779508918945 0.0025394523416658087 0.01337213809094148 0.039791024855384854 0.0076401004914737995 0.07647205379385695 0.023472431177506647 0.09665347203525518 0.09811286569335166 0.08693647661591397
48 0.029184050386127813 0.0057218505984786535 0.09673885841290546 0.08348813419894431 0.04654618650071933 0.07318442926119756 0.09087796652687882 0.061081778899329094 0.07052098139865408 0.05532194806599697 0.026291189483643815 0.05424821737604994 0.049221674443609705 0.025315763756459855 0.04446952353991085 0.00973369707485739 0.02749626209314428 0.04311492310412855 0.09390757268859212 0.013534992190371235
49 0.07750263173352044 0.07372554168471299 0.06829073923765187 0.00850437841520118 0.012787473434309044 0.06701164092013961 0.09184952275386321 0.01894190940057022 0.06388121215717964 0.009559073035353617 0.010005420460141759 0.023869926691369187 0.11768178549356124 0.07870185044559085 0.04133545907734447 0.002270521550340078 0.06870514179712718 0.08987417204626057 0.0023643726385231783 0.07313722702723985
50 0.00807524674974121 0.09170512419088175 0.055291538901215534 0.04659948034803652 0.024915495968065297 0.06779481538663147 0.07541501774908967 0.025623498918109954 0.06064072508814263 0.032313383900522165 0.008340964930404832 0.08749361924211903 0.07039853657611286 0.08493362389130306 0.01477015085439309 0.06294758366860824 0.06902928314597788 0.07844936321178178 0.008029480986543939 0.027233066292319127
51 0.08715596417589169 0.04551707522789396 0.03632557083671219 0.022877411000459636 0.002195679605954146 0.0891726147560301 0.0035705472042446246 0.021436584224703195 0.02884870158967529 0.11689340139773532 0.06226073118177649 0.1204469694309065 0.09011903776328377 0.08454612075189437 0.01862085992876144 0.016785843269044722 0.035695275309307946 0.026219365535223815 0.08107319240104567 0.010239054409455058
52 0.06944928851883522 0.03546655027082767 0.031689618645568 0.09442846798484804 0.021790774753549784 0.05629291876116217 0.01633271000381285 0.06071676066884927 0.08281509387497654 0.01996909805141354 0.08282629051848209 0.012255200509570713 0.04639844987936919 0.08311048007073787 0.08192022695934623 0.0931111378272396 0.009578630828904401 0.023799453444499883 0.06588524249887165 0.012163605929135473
53 0.07492974840105827 0.10850171754245229 0.11356244079130721 0.03916357438676803 0.038801678148252604 0.007236309266262346 0.03410938097220655 0.038149371161425444 0.016386017448807102 0.07494208045276073 0.05118858110380618 0.014247066233738146 0.028142803215652205 0.04424723666917348 0.0401425583525677 0.04002865478740148 0.10478607050931533 0.01173268261673437 0.044906211940810715 0.07479581599949982
54 0.0747854755407959 0.052711543992183786 0.015612040050337526 0.028813970153990627 0.039599435325405705 0.0654599393524187 0.07642282105198438 0.0014183257580906666 0.01269980197904564 0.09109752935155987 0.0695397608633414 0.02325206087934657 0.03448537429983224 0.06390313505931523 0.05641452022535497 0.08235666782656152 0.008510143316870748 0.09131100936648236 0.06232159286105315 0.049284852746028986
55 0.05385815479737793 0.05764001531852048 0.0076989379440712356 0.07138415467284902 0.047046502397315594 0.08081147979209424 0.006214694868667585 0.0849718691096499 0.043552064948793164 0.024938460137107002 0.06606762222276426 0.0584100361438348 0.044917310249908124 0.02543569831250659 0.09635001560437743 0.09525411166528426 0.011180318622165212 0.02882219429315763 0.037091874682717726 0.05835448421683777
56 0.04473898169602221 0.03561624126775385 0.03056472071246438 0.043182368620465976 0.09553128238793626 0.03260534781381259 0.03951936900383173 0.020492280355395066 0.014908795181128734 0.012826414126104007 0.10776196826853857 0.08557094112646425 0.06848272683422288 0.016516235527798358 0.054652999575809505 0.044911747695709874 0.0406062635174429 0.07974491333761916 0.07619932274250381 0.05556708020897599
57 0.07546920361310068 0.04745470478820815 0.02220671540622622 0.018093852658568353 0.08049120377040485 0.07284586702087142 0.08074786293038698 0.03650789613524471 0.03141961683504441 0.08713523404806149 0.0642996746760632 0.06467991131863653 0.07243943940101842 0.017878738990971244 0.016184109212448623 0.04131808417544246 0.026055109818221282 0.048320680714481715 0.07029255618286732 0.026159538303731873
58 0.04943802517293777 0.09851218528197443 0.12085286503815477 0.05088111863937308 0.056520948927379557 0.1132586946687639 0.08487365586097363 0.0769664423269163 0.06189782555975094 0.03875825196832343 0.0027691142216925532 0.046686639508804355 0.0030511092291113963 0.0019255799473682853 0.03484345897289585 0.06134354577903739 0.06319561817939517 0.021344094185407936 0.007391975410665913 0.005488851121073208
59 0.012264128967646252 0.09573864155022814 0.012947631026412054 0.07694948625687886 0.08561794179274254 0.026205106968871614 0.07372692060475516 0.04349618943723336 0.037181747032166486 0.01632129029489335 0.09229786160407305 0.037771494100755885 0.04270188765336277 0.08864935333425863 0.08494077773968015 0.004932894965991469 0.05496363077455089 0.04995127937727448 0.031952488779504705 0.03138924773872023
60 0.022334705194429465 0.08344562026879844 0.021377173988506592 0.08784529668861944 0.02772072789910965 0.07192543279373911 0.07091218263713303 0.04203899741513845 0.05972398121295452 0.006783107090298325 0.0649393634123585 0.08194318973348973 0.04534844710346026 0.07275131630135133 0.026888912967391158 0.08653175451610642 0.02272660893148196 0.017832732707005024 0.023915328422947225 0.06301512071568127
61 0.07964034848687591 0.0679052270652778 0.04766947226762944 0.06821937092724557 0.07336720593615223 0.0346383972762404 0.03720621747147979 0.058619530291388264 0.020293457804288154 0.0826899743297137 0.08221989272199015 0.08557814989987772 0.01631882850594447 0.006411326092979416 0.08790976229787582 0.05514569609077655 0.004005432374834059 0.05973518060099826 0.03188840248257033 0.0005381270758618744
62 0.06859497301095102 0.0698391366908249 0.0710175177014545 0.03560476261966421 0.026166071412878154 0.08198856749319097 0.047942848490355065 0.0371230071599502 0.05348097675554267 0.05850682590037498 0.04556586559340487 0.07640722453169885 0.041775128545082474 0.01800950049066828 0.012600353296342515 0.053973636734079136 0.06598890430844304 0.06817866288884371 0.03177748618424468 0.03545855019200571
63 0.08479315789326312 0.04748478595923472 0.06429234739093939 0.03848486057691171 0.03592060664811208 0.06704831846405009 0.002363209540876391 0.07959718216045222 0.09860584737649587 0.04957097996749202 0.02299250089730894 0.05933817974958767 0.014821945878785808 0.0004949608200561115 0.07419886294973625 0.057732668899537105 0.09556767906150204 0.03889456930179039 0.00916748727822519 0.05862984918564305
64 0.037421021059385606 0.037977745165246546 0.003064299586655487 0.0863061231799726 0.020746968099718304 0.009257033046006915 0.08428547881440901 0.037990509092468004 0.06750166404947787 0.08516123758551308 0.05515462958895589 0.04630445720552218 0.014064462561452912 0.09938070448432301 0.0064158028323594825 0.08995958091746926 0.036697907152877775 0.09397717132884087 0.06347078432702864 0.024862419922316654
65 0.086833396507474 0.019662181632332167 0.09167625555944182 0.04878408036608779 0.032033452733940565 0.08822980124232734 0.052619237370433586 0.013894921817661242 0.053611418699543514 0.03563467972361652 0.07364924201765592 0.005946045943469273 0.020543516286255507 0.0013946995728032318 0.011553669140139089 0.09111664911950415 0.07358423066977739 0.05062495884386381 0.08464858464327751 0.06395897811039569
66 0.0646994504415557 0.09458437099139883 0.07272773280562882 0.035668619270356645 0.00201447561553736 0.005557182554551029 0.06728419068182419 0.07603487273415303 0.06907507269939 0.08846659114602054 0.019422324811358097 0.01992169466223544 0.022400199813201124 0.06097894913515859 0.050741587423040295 0.026105175350310143 0.07891184458919705 0.023783216439924343 0.048075014002521774 0.07354743483263705
67 0.022525878129044562 0.0012214555543806358 0.06069694643656754 0.08001677650831081 0.008805115339513177 0.04942697776190934 0.08174691155729166 0.019036229651290676 0.07490343913675543 0.05737185676354741 0.01359999255796201 0.030477327566239134 0.07313006769924654 0.08599133646492017 0.07490196964503311 0.004943255207797706 0.08487796089306915 0.06866647370815251 0.09162165919231255 0.016038370226655697
68 0.06803252284027775 0.06589511652689067 0.03637714313239904 0.0585919914039151 0.058931419333009695 0.05250102460208638 0.04850481785428564 0.014566811458379519 0.0537712054006585 0.01856428091547035 0.015314244428702979 0.05114624800336406 0.06834120818646763 0.06901887070412176 0.0703439056386753 0.024125841018773346 0.05403919758062547 0.05810658258841975 0.04865335912791445 0.06517420925556254
69 0.05760214216488511 0.0761202333535749 0.062592661812146 0.013613383580167851 0.07009192534817424 0.08429550976792267 0.048206477234529393 0.03718210828156013 0.005977919322489629 0.01650061418479587 0.04510987703614704 0.01237350548048864 0.04191468239000152 0.050401167760499195 0.06013954604564136 0.07680688816187152 0.03935865902017302 0.04550367894916717 0.08208228456703381 0.07412673553873085
70 0.09581623378041014 0.031000333629301737 0.09613599231746155 0.06350893425291006 0.01984264426206896 0.020328179688745108 0.033627726609890794 0.09529225310559604 0.03375899105304916 0.02430482479142552 0.08315550574614951 0.02178303130052252 0.028211735706688997 0.04731098733335705 0.07495185896542207 0.03356427820533522 0.053248461331106105 0.03529973087336874 0.10166728721543308 0.00719100983175771
71 0.0941146052366194 0.05153018069352696 0.04441200533586113 0.10496259449016881 0.032514084822060946 0.10778676424256106 0.01432105619756518 0.09016321288803032 0.005850253710263576 0.00027197443642537487 0.012316262587159668 0.0104370164851118 0.04629222250268232 0.08377234026127375 0.05236775767990163 0.01329498003609664 0.10824624228306591 0.059916261354117414 0.007723533985126259 0.05970665077238177
72 0.06069701093138636 0.04016219519053347 0.0016651967478023629 0.018541515360895957 0.05057945530846989 0.08163255496336261 0.01936427784713552 0.04130221284908804 0.030161035920211902 0.055715970052908424 0.06755830781481947 0.03249501729785096 0.019817613635704476 0.05665528330243252 0.06520463312260291 0.05954608345036321 0.08059458644615868 0.06437525584498256 0.07754256139705538 0.07638923251623538
73 0.06320095683738278 0.004941546528947641 0.05046606784240079 0.07993140402465077 0.06209300315173674 0.030714957931792724 0.037303867912091754 0.022711204806798026 0.045358487136315406 0.0007638145635738778 0.05926324773207746 0.04357900621391483 0.07324314428477162 0.05103205160568928 0.004187915474631313 0.009364711468117893 0.09616353928974744 0.11425860770852968 0.11306390666409931 0.038358558822730905
74 0.09387065364926077 0.09544024914258031 0.0533466061524019 0.004433561691612685 0.00045053476492814263 0.07993384973787099 0.02053128311816814 0.026375955181029545 0.06973175857256163 0.060697630312744305 0.037944024615859474 0.037931181366632316 0.06731669775236801 0.01784729038551662 0.06653589956647162 0.02030316022988818 0.09315811893741192 0.06251777875547801 0.00407639020994402 0.08755737585727155
75 0.04951414202129812 0.048387937727037 0.07313450201220714 0.02494139153147604 0.013901227250468343 0.06066221296470033 0.061269433123768105 0.015859319418162977 0.10013808481197203 0.0016223268073950207 0.08630035219311176 0.0748665939710545 0.08733945523380536 0.021426584400489043 0.014849768466495574 0.051024956732094874 0.08123575735068381 0.05665316363602376 0.07578458368361458 0.0010882066641416297
76 0.04660618478542554 0.013702122145290955 0.05054137556153717 0.09175797721271427 0.07167948297311004 0.08691814967293415 0.04627159674364149 0.09044090543474384 0.041475655954038335 0.06048497031500915 0.012521711311044157 0.006489847410351402 0.09043889823561647 0.0026697716138825343 0.006082235821737182 0.07355109224588617 0.060429272738245 0.008402649463328488 0.0554358370840194 0.08410026327744417
77 0.09020334714680378 0.05500715008071896 0.00925709429491103 0.05993843892153209 0.026192799191304877 0.0812452800335969 0.0013610659766842578 0.0648097590575764 0.03356707158389298 0.06305174754950282 0.07415398466183046 0.04196147704668692 0.07662288683394913 0.004862077425913176 0.05789118763083522 0.06974674078014223 0.0811172858949963 0.029528202093524625 0.040387298335492795 0.0390951054601052
78 0.09427154453196128 0.04907703596693609 0.0910639624700153 0.09898617290285246 0.06459101424024301 0.004064677890367713 0.022951977006341977 0.008580873376822734 0.05595777311551323 0.02739179347792804 0.03354600449520516 0.09038842932475198 0.0652282682116455 0.018638115941966918 0.10124473613799877 0.0057057421250477644 0.004533443798734152 0.030460856156968474 0.04333849847594004 0.08997908035275934
79 0.08808255523114694 0.04780337488661118 0.007026733486914016 0.07140481965766943 0.03322614489775598 0.08652020105769978 0.05496880929196843 0.05276621128272982 0.016542414711134608 0.08717288471341696 0.07976003678846745 0.02206321288581725 0.04986947500583807 0.031186100148833194 0.02558455709162821 0.02382173545246652 0.022801816493077318 0.05820627710150256 0.09607934502882778 0.04511329478649446
80 0.037747565338267314 0.09305494041177619 0.016664634963104465 0.07526318646955192 0.07660851013806434 0.07338809499636914 0.08566605102953605 0.022814869485587905 0.08348234501344406 0.06303340941247486 9.238819503403464e-05 0.01362777154786264 0.07135330519251282 0.05980687503371164 0.08329997647442043 0.005506456670823418 0.04118104625747911 0.05802913120382324 0.02470698005766616 0.014672462108490145
81 0.01823175556495502 0.053973841789601774 0.006164204269015216 0.048675234071850454 0.03285767841150967 0.08424675639975031 0.07277862385998597 0.028123882822181884 0.04993932673578936 0.07937727039832423 0.07583290631359436 0.0638054371552177 0.045715734322862044 0.028460303957251527 0.04575801767671101 0.02178018834680592 0.07503589868226843 0.04322789530698423 0.06829081500424619 0.0577242289110948
82 0.07935116613437061 0.017371949636447132 0.030969025827056056 0.02278402578255011 0.08429436049245335 0.01878585957136779 0.027513055244948428 0.08964888237489853 0.0232483015770467 0.07382126622051469 0.0837227130914611 0.05991582542443954 0.07198775412758934 0.10617411762563526 0.024721675269394956 0.03641496900024082 0.022292595222803316 0.0006912145764257643 0.08116244166344347 0.045128801136913366
83 0.032114567070491054 0.02854380598741647 0.066265962187146 0.04793037889429672 0.014304628395804906 0.04951648132060833 0.024069081528770877 0.09732611283617397 0.08973982290775342 0.04803869530816192 0.03820043730677767 0.024319711050524846 0.012328347201393572 0.05331278508513 0.09029011452205546 0.009383113662609284 0.09292273495839702 0.061833997712420374 0.06400198647642888 0.055557235587639336
84 0.06203329558466371 0.009405942116041385 0.021278822440854293 0.07508624782669743 0.05439399570170849 0.016065817942530487 0.050889994053755404 0.056643933002615804 0.06924786870776183 0.06733167295417194 0.0339156081148817 0.0557752631941112 0.021931957734903473 0.07010852286299768 0.06551532033352502 0.026013554776314226 0.07976788211621395 0.04022929988350654 0.0731483203856524 0.051216680267093063
85 0.027248987321538385 0.058815882920999936 0.02050208308542515 0.05536674992941052 0.017511274424707214 0.023964338853772454 0.10272982687930342 0.04325148320671686 0.01835707086477156 0.1037122292345606 0.02661550587360202 0.0288855504223325 0.09171765020121328 0.027535050274789 0.10905024785619366 0.06486236023218368 0.07637352049333826 0.044000014464233655 0.0041118286197779404 0.05538834484112986
86 0.06547104870358006 0.03954853551334642 0.01149624054611698 0.09330583064842575 0.02838574798947728 0.08571369643547959 0.05757318336927149 0.07926704841757783 0.08263986186632223 0.06345274570745929 0.03598077454982467 0.03214270194423319 0.06275988735775238 0.057860890681824956 0.02299654659054624 0.0070719153207433804 0.061511292075534164 0.001443214181864225 0.04366342116888034 0.06771541693173974
87 0.05846475156191586 0.06898732286799443 0.003158085821021155 0.09326473639343259 0.013597973231922269 0.013785768723529374 0.06769347242697835 0.0886450233328826 0.0660983875157479 0.005159158025843858 0.04647050914939426 0.08713618325113191 0.06948302018288138 0.03371624455398394 0.09329452925962295 0.036503191369414295 0.07805357101083482 0.029910976657912633 0.0440831727456866 0.002493921917868911
88 0.002436114871692512 0.03340224029817499 0.022743962202309998 0.0250488303210701 0.036096932483612044 0.027838055894615302 0.08103397993086615 0.03790901756329935 0.02403243449035944 0.09235207705599578 0.050946810346502905 0.05893400574169926 0.06048548171152223 0.08230790044014437 0.051140623071971515 0.08420909069323794 0.041891414954818774 0.0826322276194989 0.02911645248664712 0.07544234782196135
89 0.07444607733235459 0.027187321971943696 0.06344440536448537 0.08605877418890308 0.006214434673068074 0.07622851652075613 0.018740430197297157 0.028791422780594784 0.044825052085655875 0.08752744727109359 0.0756282951798558 0.07321782580506105 0.06862935751038689 0.013627214471304251 0.06142325722349789 0.031106729294027576 0.07764097613763316 0.019372263216256527 0.043694538287177884 0.022195660488646612
90 0.03266109450136836 0.07650476194991629 0.08717789131608679 0.0443262959213276 0.013283694261619416 0.0820838824699832 0.06207299541432278 0.07335980637182389 0.06604836234231304 0.03563991028649915 0.09503154565114892 0.023639618531982612 0.014625396146768502 0.01843642033807059 0.014787069446195563 0.05856830059024047 0.014407149784458078 0.09734723428273764 0.012294218493125121 0.07770435190001217
91 0.042355681511728166 0.08519072174385803 0.09279121910806659 0.018288471723203432 0.02732039265942758 0.06744234339676382 0.02403177425820466 0.07176611840299023 0.005252047502854487 0.04000680331642234 0.051821581123348975 0.04343976920394557 0.017166987932776878 0.0776090997787765 0.0019521995311069559 0.06604024941232631 0.08604931149344087 0.016845341964664903 0.06999579039924486 0.09463409553684897
92 0.11485007322590067 0.09165308104281772 0.07574741908154331 0.008483339720320107 0.09768717183309643 0.06968038121716162 0.015416672621978317 0.029845169470421422 0.034568228792336585 0.0988306411757781 0.01441434322381029 0.03891527743869195 0.00695913300533544 0.03973136186641983 0.07992519024367087 0.00044583006549897374 0.0037874547052607144 0.09383909194974425 0.010996892285572562 0.07422324703464064
93 0.08079616267904265 0.04409865225645314 0.06453999695937852 0.07394882048977212 0.026674976942258066 0.056639438728871845 0.06921410271452344 0.07239906046195763 0.031350213216582955 0.07015099126953515 0.04917226174945202 0.037564272590686634 0.06468423088570062 0.015962974372622847 0.0070311820738211345 0.03093531756273949 0.07869611424806854 0.02961254549590105 0.06975750738115927 0.02677117792147271
94 0.050914105423110693 0.08295294855614843 0.011082382258268797 0.06780796720129438 0.028332860176860233 0.030693779961693517 0.07003583934588317 0.04220894825167721 0.03926585013586957 0.09282354759614231 0.07117611630039479 0.09597088241217341 0.03488208173519023 0.04859339253638846 0.0716868709273614 0.022213803826676967 0.012749014708145517 0.032519744528539965 0.0917745835868296 0.002315280531351159
95 0.08091094370791364 0.027130215238684613 0.07600429193217212 0.05953481866974269 0.08477689573394473 0.02602002439639197 0.051396040760812535 0.0637624404146929 0.07702151736373125 0.007621626928931054 0.0863730932300225 0.06398714463444552 0.028590990309308808 0.010289140004005153 0.07490129699792158 0.07281795124629671 0.01074423133199047 0.0024688963028700233 0.055935880015112474 0.0397125607810093
96 0.05376512441772468 0.022348392760456717 0.05205776209360856 0.014526214974726755 0.03530473876351805 0.07658294507495701 0.03709500695055922 0.06308360830649826 0.08052038325332263 0.08959495867352613 0.050858145309846135 0.08225876196156175 0.009546325227982603 0.08487097552827864 0.038302303349749524 0.08090874665748306 0.009517929746882738 0.007542165111259772 0.028686322365517183 0.08262918947254067
