0 0.08561478738694821 0.00274202870513748 0.041968572322224625 0.033451173308763106 0.04680731376737555 0.004984333548740436 0.08626055973975594 0.019928523841916446 0.06329282233643664 0.06581037756579983 0.08778944214634436 0.08867983853496043 0.02368259167879648 0.07793421958120132 0.022266693808123673 0.028378482812609733 0.08480099052872445 0.09369871639901897 0.02513757867062881 0.016770953316493302
1 0.01428828203496597 0.08124040406043816 0.07826871150951178 0.04824446346519615 0.04184685641187903 0.05537285757594406 0.03541274809438425 0.012482265318669666 0.07329483269655365 0.02283997829839869 0.09164164014990701 0.04843331573582542 0.016643273591041327 0.003127902256799773 0.060537358508390725 0.06538240921637198 0.08543261101459565 0.07156976749328062 0.02179003586071413 0.07215028670713207
2 0.052645954746431446 0.01629744471982492 0.04745373057133573 0.06324575105572496 0.019139306285785158 0.03287123795924068 0.07736640143962578 0.02751831371070533 0.044509565493327276 0.04187804488074467 0.06307353184163594 0.08360249171157501 0.07673394510097277 0.009789036157540587 0.053283718724264156 0.026596710091016364 0.04172769581567403 0.06488160108799355 0.07736564797868319 0.08001987062789846
3 0.04936232698504675 0.10844863225356129 0.01697587571391093 0.10686513906647155 0.07515765945114676 0.05806837034656356 0.014750763101262419 0.03390548056775172 0.03658254701553227 0.08718620204022816 0.02468715438087917 0.08726762129945798 0.07441204733370198 0.02930776807280509 0.004690612242233363 0.1056421471328166 0.0009151245412754481 0.02783415607958139 0.04841777098532589 0.009522601390447662
4 0.0417949179110187 0.0482080605544704 0.06999365599320559 0.050276149165002365 0.029937275051631036 0.02339469828840518 0.03673548492988388 0.011471236826013666 0.07695901320665917 0.023352821549804125 0.09090091573676978 0.09514839817924398 0.05774630867526314 0.0043618733481063186 0.04955734914230833 0.09865573459146727 0.051811469529350083 0.0312823710510707 0.07721312699783382 0.031199139272492543
5 0.04907671990052503 0.03951289510752114 0.056850142355614426 0.05524346290988685 0.0205864077968818 0.09039104110135646 0.050341328625698255 0.09609025178449075 0.08639876995081969 0.02125123745848574 0.09622296184962534 0.025741459366371938 0.051335633899738276 0.030618714103893257 0.06093480089841641 0.054414444761231855 0.016890055624674896 0.0554762333891616 0.041646555008867665 0.0009768841067385537
6 0.06967409305270753 0.058854072255040635 0.04084807892851376 0.023009548510582893 0.08164103026006883 0.0695718196503114 0.030830472473716515 0.00737644918584966 0.01940191377826236 0.08485880866254772 0.07830519255163927 0.04982838489681579 0.06796758216126317 0.07701558643616777 0.006280389500688293 0.0025943275844617195 0.0931451991430188 0.02336240334443032 0.07863774227532351 0.036796905348590196
7 0.012848922195171045 0.057710335091704465 0.058002753483459873 0.05410311126983781 0.03797402787994201 0.017898856259249824 0.023285640727565837 0.0063656382491401415 0.025597556181743048 0.0871047574305096 0.07084112487009867 0.07989100495624867 0.047578281815860324 0.08097683350784604 0.08190593048824998 0.013740722959389592 0.07970250090158108 0.05374617889256368 0.06276561026054901 0.047960212579289355
8 0.0281086486915897 0.019119268478102393 0.001100239124603214 0.06108065978216449 0.039724230323517566 0.08224967912765496 0.08044693713402985 0.09669491598645488 0.08983345731051105 0.003432906557302415 0.0993646823902941 0.09545534146580624 0.05911850269924347 0.034971041882513876 0.020389845127504726 0.0641903989949174 0.011908307287635665 0.023113493267623627 0.01760152814578619 0.07209591622274412
9 0.07876031679256006 0.042390732995294354 0.07259067252447972 0.0012803622588463247 0.10257429760872377 0.07432134014068073 0.09319532566529858 0.03889200867811377 0.015637097962750438 0.09857497519467745 0.03966815090120745 0.018634599433005355 0.061745624285889554 0.03289963545202731 0.015453621298831738 0.016950639516793223 0.0035260952851387975 0.04465082151335887 0.09911347041518001 0.04914021207714269
10 0.06656622990799882 0.09204810062356382 0.06912713208746829 0.05676959331110373 0.06052319834380542 0.04451012307129857 0.024774041311351996 0.06512692804417068 0.05252242866191898 0.05923609855032238 0.0365496642328781 0.003159268902897748 0.01429699733388783 0.02591061782736276 0.081304323096858 0.01588223014573594 0.07868808216877797 0.0038671975987849974 0.078976850509463 0.07016089427035126
11 0.009112479119417894 0.09385036602038727 0.06271761478666892 0.09532785987041008 0.09188769027617899 0.06112691442814329 0.049962280106667735 0.06432398334518376 0.018807058856806207 0.002715503806478176 0.03772366690362223 0.09510170855181355 0.07062866307488655 0.028196122542290123 0.006057219563199196 0.028526365542046395 0.08782187330686708 0.004471304506458323 0.08210244021212562 0.009538885180348473
12 0.07259351649557379 0.10457349374594356 0.02564180767375683 0.010232812762759322 0.03608881216312938 0.0853080069213108 0.012899458361880061 0.029769242349168567 0.08024660963437527 0.03572397163203455 0.09786612316187925 0.09178092625032573 0.024327420191697736 0.013180275504728755 0.07686144871004938 0.08703841399616688 0.0730405896799007 0.004959768040229347 0.02303262714517914 0.014834675579910826
13 0.025754484250374184 0.018931258928699235 0.11534613183143244 0.04140800195527508 0.04874172739082394 0.03708590690549041 0.06318144570814556 0.08996792874281069 0.04985199102100098 0.027447149947400943 0.015199573501953216 0.017547011732301783 0.03822989412671782 0.09425012236895758 0.08106160034481194 0.0805600891337117 0.056844608990800495 0.003194815882531314 0.04692830408655875 0.04846795315020204
14 0.03273464137121191 0.018039661905362096 0.065193181311329 0.052192232763919794 0.020665312690269 0.05732680978534319 0.005825113592873918 0.006922878939981735 0.09066056741955324 0.03543365360281075 0.010544935763613855 0.029290405145871064 0.03061143269296927 0.05028208174695546 0.08816263168973235 0.1035426800127684 0.05599933176608845 0.05976131555007581 0.08398700149118202 0.10282413075808876
15 0.07000959704900506 0.09733889480963152 0.05472092866230348 0.051266602076967066 0.004440408785679198 0.053124770510441156 0.05915829112904055 0.00047525689493197083 0.07704047064887994 0.024492383894429978 0.09781063621623019 0.07943329570832311 0.04943972376153691 0.0451600390081115 0.009182788806994803 0.07029141160530561 0.05920025977089305 0.0042593556132633605 0.015061593905633022 0.0780932911423987
16 0.045580911431262625 0.047847103093614896 0.020879084134361046 0.07102254029871338 0.08228766977947083 0.05947884988511129 0.088952016962572 0.0464168180834023 0.03237166304371021 0.015011002876661244 0.024621899265301082 0.03455455079601546 0.07548093768748011 0.05725069140267755 0.019967665513809248 0.0959787217598411 0.0471333914819849 0.07031203445670157 0.02024299190835574 0.044609456138953514
17 0.07073042904201894 0.057080315157131696 0.08986205016983526 0.05081310763468161 0.006987817557704483 0.0887955794062903 0.05693417405083573 0.02203495617346062 0.0331084949134948 0.0866258656964496 0.07015108869826052 0.07042290014098644 0.011694524463648628 0.08555534597434124 0.013439186520255117 0.07564171462786055 0.0293621775539537 0.06498294843821288 0.006399365849429496 0.009377957931148538
18 0.04571829848820694 0.06387070668588893 0.007264273414895806 0.06507258042153488 0.024145348628807864 0.03221858705979333 0.08585655638944353 0.03809476633826771 0.06282718408764791 0.02309236279964405 0.016342066791585334 0.08705872600274238 0.039120367451337436 0.04765855639027631 0.032280194525732366 0.0700328227728475 0.07073521903077623 0.07357486818536921 0.07865570122532275 0.0363808133098793
19 0.06130793706409484 0.0633422908035526 0.0007175574674564873 0.07050253433859824 0.03917109600905643 0.03673050876893958 0.06029746044586838 0.07153870158729404 0.0817737545105345 0.0665549096820137 0.05636224144278678 0.06402255093482524 0.08004701939281957 0.006017653230575433 0.011122667181372226 0.0711849548659922 0.0072922211447258075 0.05700910868080938 0.044163538086615564 0.05084129436206918
20 0.10610680860457936 0.004997329343463984 0.025449983923142017 0.06365681932930978 0.07048029140929382 0.016923195219726333 0.05498861889656297 0.01102404345029314 0.07525802564597428 0.001075306245757494 0.030196649611082396 0.1005540881728124 0.017842172071504837 0.040923120913502684 0.10418104739138306 0.029754294226121723 0.06339717423506488 0.07170278027130485 0.08384245430559832 0.0276457967335215
21 0.055289060366314764 0.015379427898687278 0.1021320885751961 0.05552545441486036 0.03299185609743527 0.02025644931390985 0.07789948543875984 0.06873070977656179 0.011278278200806232 0.026693854756950366 0.08580329996576823 0.072830153415195 0.05873454270181254 0.011136529427789347 0.07450200191103043 0.03520197827016323 0.07440215178828365 0.03211457177793361 0.021579862870456025 0.0675182430320861
22 0.04853029306650143 0.05361870096969923 0.07313399436024427 0.035291501595003674 0.032485714382400416 0.07216948657856212 0.08507108645807115 0.07885434077148946 0.035591903968727585 0.060451611838591233 0.011386976757102096 0.005239179518179478 0.005270865483049408 0.01906124362909099 0.06713333159330553 0.04284087953089316 0.06103697812909748 0.07433586929644766 0.06472509220399887 0.07377094986954477
23 0.0226440455729493 0.025288031119804297 0.013864702199320612 0.003391800854067771 0.0824073557365861 0.09056219656694824 0.06275548082287963 0.022641336148222682 0.06082687326407618 0.07339236351359955 0.06697694787533107 0.031202338548190094 0.09037859196129751 0.07282780131665055 0.05340284320749736 0.09054730331611824 0.0005118877497239012 0.0011102670954085223 0.06627714796448128 0.06899068516684712
24 0.09694974172054995 0.008785483061281506 0.007672537718688823 0.031454658047353916 0.032542371307640046 0.09942066070690805 0.022491310953415607 0.04645925039549251 0.07184192636933082 0.0031415618515972044 0.05765479864189649 0.049920584283394694 0.04028008869523475 0.10124067056603213 0.060801529667148586 0.07768014004624464 0.030136805192873473 0.006482795914248838 0.0858272324703693 0.06921585239029855
25 0.0829768412377943 0.0008545749035935134 0.08905086687251686 0.06298386895084274 0.00010305629030901427 0.01997273850869804 0.06014317888134518 0.03057943607848469 0.03733284440822212 0.04888350797490421 0.06413843873140987 0.08728826076281229 0.04589737215533905 0.045490882498137666 0.03499674342008173 0.014912478558482328 0.07457118267078064 0.05802080335655274 0.0674454344701432 0.07435748926954994
26 0.022262108090085907 0.023580621689972783 0.013901153858013503 0.018476032914795444 0.06677368894712052 0.0023049496986170537 0.05560009207908165 0.08933364942413055 0.021753726037289693 0.07866637176047434 0.06193992082849144 0.04373930878638167 0.02896052822231164 0.029910035387916756 0.08168478450223599 0.026789002332027828 0.08362251060817719 0.08325903658896387 0.09161080308997485 0.07583167515393734
27 0.015406325780688178 0.040234321636348866 0.07145710813661929 0.07820460956176638 0.04451171556784789 0.08386585478598063 0.040925533459946505 0.04218816695936903 0.04983938444377614 0.023835719781918247 0.08359040355911888 0.0024645610627703173 0.06957062738271488 0.06298882563724736 0.029701850894386244 0.06144230917481778 0.03262664441732346 0.07832914069599141 0.05303667654693927 0.035780220514429174
28 0.03946893617044105 0.09246498293696404 0.05804981807119635 0.034840218148127745 0.008287818784434523 0.03888290902142011 0.06991269651076142 0.04897975987172504 0.056655891907502615 0.08387508379501264 0.016116003282250352 0.010425601930838201 0.050279029690666825 0.09416319885888674 0.02473794669302516 0.06833616998770813 0.0012496268945337606 0.08622247365468037 0.04326949088175496 0.07378234290806997
29 0.011011700574940267 0.0247278465400176 0.09011408431999803 0.0898338380883593 0.008241390554036861 0.013645647524031376 0.060947323703970296 0.09119263545305722 0.023600964329548075 0.06895435827999216 0.07579029450895898 0.009120218987264526 0.07491586972094226 0.023150866420993534 0.08891053058015067 0.05351212574021996 0.0435857723103908 0.01401240026377355 0.08441776507758805 0.0503143670217666
30 0.0067174091490243325 0.021817393651631017 0.07614094339417107 0.0574528405312667 0.05311618336982027 0.07622443432163734 0.08497880951784118 0.07140560935636331 0.0028640593103057333 0.053387406148267244 0.02724003998228984 0.08187051097578343 0.055991010140924384 0.07198981705772903 0.05498450346808742 0.03696025479119311 0.09000207007416391 0.018032233870842525 0.03342253282706302 0.025401938061595318
31 0.03897707431557532 0.08101888241608317 0.08373500170447798 0.09125435241690112 0.002465858232992563 0.05462702044600681 0.029759682625940108 0.08447249500579412 0.031378422394483615 0.005866480432693488 0.014226473497472103 0.05581851819682911 0.06917578497465555 0.05607345996423694 0.07599709826353525 0.042670907740306935 0.005575959069591277 0.03770811900061218 0.05611775391624186 0.08308065538557026
32 0.09204924880277689 0.07894334942883996 0.03344436837435769 0.09678526192257561 0.02203923834757677 0.04876154368732511 0.020163149083459432 0.06217061918582433 0.02840923320379149 0.047582107055542 0.028245612532842173 0.0885480457979816 0.08119254477855076 0.06585406893061635 0.008316684235309325 0.0006963357794398385 0.05962271776844556 0.09911064645826782 0.03319690400939249 0.004868320617084546
33 0.04145505967684893 0.03143627983360145 0.09473665065368941 0.07320140705169553 0.07230929624328165 0.028688394831414776 0.06128937716402976 0.021153476954308355 0.0461566526259182 0.09163881160747851 0.011410115543652184 0.020969432778554325 0.09039972010245004 0.09430538257951018 0.06438462841142562 0.013383677773466818 0.015578844262869885 0.06133541567459712 0.045060218495431466 0.02110715773577598
34 0.06633049293558303 0.0878682156383744 0.013238347677676184 0.03252347269426865 0.07175242967980901 0.08257798394898495 0.07506551946128953 0.0954036219620598 0.017630253454354927 0.049121706266462166 0.08054914037433797 0.023156515083472835 0.012075178910555932 0.0031843719114252366 0.02992185829548561 0.014486326502669847 0.07057653158709525 0.05505720801519114 0.02664346549288445 0.09283736010801893
35 0.04820201910705082 0.0781624368639568 0.05669738482959288 0.07110672279685525 0.07006711196405234 0.029509280094465618 0.07967170563290987 0.04746818345873508 0.0652629755844746 0.03854237502749563 0.008286397746600501 0.08315349879022381 0.011498638652042648 0.060704169230416785 0.0480224698945105 0.010204076607348787 0.05584068515290519 0.07558986122994604 0.010606690916313971 0.051403316420102874
36 0.0429770382308074 0.03931301868902199 0.013526492654321515 0.07848538053240124 0.06255843322326497 0.07365564520541115 0.06816898805176426 0.00222551465878237 0.07335010907131156 0.05142134845084905 0.053062352237043434 0.052370859048207936 0.014640967352854922 0.062117509770327844 0.04226705632827069 0.0644458296971857 0.05409965716562144 0.03672962842327572 0.05229136324673272 0.06229280796254391
37 0.0143557213859654 0.061764651495978706 0.028135094805450126 0.07311040976855936 0.09654650137244221 0.029347215832890048 0.10045778852806618 0.007701904315993097 0.022977191983513015 0.016648749681222503 0.09868616598642885 0.056816792844996016 0.03969528752700347 0.023950427800708593 0.07141742320123105 0.08064279750539002 0.028625849632453505 0.07846225359663238 0.06872655041992376 0.0019312223151517452
38 0.041423238807628514 0.05047106370367932 0.05749418251820785 0.067654764764332 0.042965690339317804 0.06994315128486749 0.051899355737133224 0.037555384119554856 0.019375240304415706 0.08600330568456546 0.07899803633398493 0.07147382844697556 0.06059864354483827 0.030928026576753087 0.043354596327371 0.05575218203521089 0.01865360295626371 0.04256123433752922 0.04922600383974452 0.023668468337626637
39 0.07107086247286704 0.06279695689317143 0.09158046367802207 0.029965307510573337 0.024674409866559346 0.04298841760022279 0.012412394113527046 0.07513128017704696 0.008162043030375066 0.005887426986610343 0.0799904420348274 0.07054356115962723 0.0784505897829371 0.03288354277446853 0.09236205285410887 0.0661346115196261 0.052439093841120554 0.005253825286406575 0.05766022582752419 0.03961249259037793
40 0.04755497802187665 0.006884665174137038 0.07738079175458437 0.12737308879421405 0.027250364449770074 0.009150783678885764 0.1081817178894813 0.030098546342947025 0.08527381330831692 0.06072783138250054 0.011744749229366578 0.08602874929579203 0.029223795165516108 0.003265541062105536 0.10815950641908487 0.07016706590485096 0.030097767903042756 0.028857457111619248 0.0036919963066812185 0.048886790805227016
41 0.05625065834664763 0.03513511760603712 0.034795188428382536 0.02540384934491299 0.04839693766009905 0.04300522535481091 0.08347764829510587 0.03725281490844623 0.07418401853906328 0.000994592592023153 0.05626180667210435 0.016926098919669164 0.05888335525112181 0.07497807659569387 0.04838014448186346 0.06749354928987811 0.08348766824709619 0.07628520452538326 0.05497188516556819 0.0234361597760929
42 0.0797736589419882 0.01670385610753218 0.06711544502550135 0.04060217509142124 0.07970725897177208 0.00888440707537144 0.08119785276346952 0.08764985315566753 0.003433282042764485 0.013445050681445733 0.023451549528050925 0.08291182819919736 0.08550748385135487 0.07314918227127051 0.06125791953468763 0.03057266100264447 0.06404013734684956 0.018601879842365294 0.015169875924473525 0.06682464264217186
43 0.05726784975096415 0.03323947704116834 0.11297415254082141 0.02570182411647171 0.10846537827970124 0.054487856836776885 0.10643576508448373 0.08337457421820252 0.025649913643784394 0.017276084789823648 0.010764317213137581 0.09865783303202497 0.045151818197621395 0.00667244965238052 0.061434195291468735 0.03029009523069429 0.05500812097581223 0.03039363937910579 0.020745117533246045 0.016009537192310512
44 0.07202351527957358 0.053016705814661426 0.057872499230144155 0.045908586402214076 0.01645622376688854 0.0712152033498696 0.020286582006721825 0.06819216576572368 0.06592950139645937 0.04520975966023052 0.07262292438851084 0.003780512921272032 0.04431815092978225 0.07770431284104545 0.07519398932527147 0.07483354125767361 0.038760033283859206 0.00119402207804439 0.0554096100951894 0.04007216020686436
45 0.013188690677720048 0.06051437711093504 0.006911391236814294 0.03969744796492012 0.030212013980751306 0.06084744351985656 0.11174506279933406 0.002877059500673196 0.08002589122833802 0.0942476045813925 0.01939554221371572 0.07368687416837141 0.07508782665115153 0.06322520345628722 0.07713529212596709 0.02338841679678742 0.06675845469458336 0.06587883954541278 0.0031640086336210214 0.03201255911336769
46 0.06284237580508438 0.11418768498877632 0.012137528466672168 0.035432297939180575 0.052866797685080825 0.07245307442549408 0.03559490538690648 0.06384803381844621 0.03713291241085189 0.052740251575508976 0.10333775474421636 0.044621917058820015 0.020321880953314327 0.07408099542123842 0.0021330444800314974 0.09945773003705391 0.0134360486538826 0.012264380341935801 0.07407879867868332 0.017031587128821978
47 0.005160403207083459 0.07387940796647391 0.05663127430338734 0.07460204334406197 0.01655655802402727 0.038502097187736437 0.04126750209443822 0.0022960933513918712 0.054798323692765265 0.1037657529187661 0.10251615135970212 0.015351857852396143 0.03816518503081658 0.008407257101040587 0.03562394248144714 0.07944290481191849 0.035542775289593584 0.06414865182415996 0.09779356848008945 0.0555482496787043
48 0.07976619783648965 0.08112758434830264 0.01450983142260494 0.06853533149665883 0.04213959664339525 0.033452008585479795 0.05328923695653676 0.039624224215274007 0.042602500312038175 0.02407878732309952 0.03273056839314056 0.07390301256924006 0.05341230463295792 0.07554385739224106 0.036220656026488204 0.036894204262108224 0.07195506219373053 0.0020041905347191608 0.061419916435022516 0.07679092842047214
49 0.06175987008917525 0.07652657354465144 0.0005688628000178736 0.096341114567988 0.050269101118280514 0.00195672712551494 0.03473470946376825 0.09696998650089483 0.03395883835987554 0.0879858057708231 0.05822724028851313 0.017165449098028633 0.034674742758458756 0.04051994359779272 0.07547994679917355 0.014757537040901832 0.08902918378565011 0.08417204999230853 0.039268504344752375 0.005633812953430567
50 0.06372699786701927 0.020641208205979842 0.0821435185823871 0.08466932972795431 0.02303163229574069 0.06899762997706309 0.02028835688184256 0.0650752802625443 0.06751471869985769 0.0022481287007631236 0.051156989589028284 0.08608725568832767 0.017856083259532696 0.08665170104874131 0.06451677600669649 0.05601458632040098 0.03617940956937855 0.04380394745843725 0.05562136226447854 0.0037750875938262793
51 0.05202841341835884 0.05438552509558681 0.05362609790839188 0.04086927317104874 0.08725395104247861 0.09507410938307885 0.018980414999934213 0.008000712548347227 0.09120906832539621 0.023959069168045185 0.09938062029154664 0.02727413281762822 0.02427761883250299 0.0995551006541122 0.004213850430681741 0.03036920036267607 0.000889063278707803 0.09743243494213986 0.053526382315417814 0.03769496101392011
52 0.046768814025027035 0.08742449948168352 0.10486985409785293 0.00021464962435290103 0.019606652863945848 0.10078632150035578 0.07082838856444792 0.09736192156605994 0.021669779693309837 0.041888565130122575 0.01056499080127042 0.00040537787620931686 0.05766876243528853 0.11133059711048768 0.08386264677357515 0.007035525382337541 0.023458943714588877 0.05730102476020177 0.031120288993096355 0.025832395605785978
53 0.05603451259310866 0.026898258091727408 0.1022726998829475 0.06266650990775219 0.005731240107442445 0.03655802621832011 0.027397430908013044 0.061397490892839884 0.09382736881281209 0.08971006387081792 0.09069648339943591 0.00961125480214949 0.10297931053147263 0.011417839893666458 0.05893641410457539 0.0009970666709659553 0.07891680064229471 0.05568928433566976 0.022356222286781125 0.0059057220472073626
54 0.00977942413046794 0.06554649160414891 0.05970911171214676 0.03536068213983367 0.04375821455503764 0.013857880502571435 0.07558788460551728 0.015928079486842786 0.01329055174624057 0.08222731009611729 0.05113770934769727 0.06835603060173458 0.05272110792936405 0.09030153594310075 0.027118908595849943 0.08100894878026783 0.07381355993459628 0.012534794227365626 0.06427018755283354 0.06369158650826577
55 0.058174262097999585 0.058321571125556755 0.06772850080066004 0.01277656438576639 0.028112574603422577 0.04733168481648488 0.05217723831600497 0.011427099709447079 0.07065283561637282 0.09548407164458304 0.020232535573327954 0.02372440047408198 0.0551076496443463 0.028052644738097113 0.10836456127699798 0.00607575971837714 0.1040783283560396 0.08824182396238046 0.03220920584079206 0.03172668729926129
56 0.01283159842868578 0.00794842977467895 0.03317699299723359 0.02223394058233264 0.025010776939635417 0.016254432190390494 0.07320006906985445 0.09459820190946722 0.08179405414795356 0.0398905410416319 0.07413945606530238 0.03209962161603285 0.054588645404857576 0.06981000645718269 0.032194916858761635 0.08371515464942217 0.06639972409487536 0.051309108162584334 0.03620917469293376 0.09259515491618318
57 0.05667317137270603 0.05241413965841485 0.020955148636532375 0.08096407075548542 0.04257863055493318 0.010858562765596418 0.08315868104037988 0.0034300499217819217 0.05828172807052101 0.08507895180068877 0.06027783777831264 0.03620959809209513 0.08649902833560176 0.03948277896420435 0.025489698417769914 0.01684040705386201 0.08454151115421407 0.01644386854544736 0.0573227858641111 0.08249935121734162
58 0.04672277538686994 0.0013536849158572548 0.03652105822448498 0.048189262576399064 0.07667117030314521 0.03931337701983426 0.06303010478639617 0.026637347806680135 0.07641923490113973 0.06174597629034617 0.08125490967022118 0.04985063978435407 0.052180923842470216 0.06735153436001566 0.06133455131249659 0.05521762145424365 0.08286831111082825 0.0050207994761196275 0.017378473110169556 0.05093824366792815
59 0.04970014170551366 0.0507116851376655 0.018179602064524878 0.044994972340731444 0.004160453173291751 0.057959341398915704 0.08926858108445822 0.028092035880425185 0.08895843054740149 0.043960666204952814 0.019912401443336284 0.0883293219512152 0.038676545544975675 0.005525661985489941 0.07868714244782199 0.07037830733046645 0.05908789319284894 0.014052148715031266 0.08548022419722846 0.06388444365370516
60 0.019853800194703213 0.05420590314844608 0.07625896681072458 0.006046447714124917 0.0851099785335733 0.08778966413303377 0.049376678297832696 0.021069816663151553 0.08079465209947757 0.08081119210091588 0.05675192186580176 0.008764492308762868 0.029061978812929472 0.039225670831621665 0.07679312543225357 0.06767454276883915 0.024401759745008873 0.05857447208063415 0.001348479509172917 0.0760864569489921
61 0.02125524515403902 0.051855968418519714 0.039315127401746135 0.033588762888135656 0.0010154923456893305 0.052473040502336636 0.06719840802435767 0.09134401778679327 0.04994884449674203 0.026780065162431654 0.016486524734637666 0.07839728196732562 0.037095298903585434 0.07988141230136177 0.03974896971397902 0.08996779051388581 0.0636805309612515 0.06744082378260281 0.003632394012158489 0.08889400092842054
62 0.055927842825827946 0.013226907906088338 0.07934031675988816 0.07587244169716793 0.08437210011254409 0.037513733311986854 0.03438979643261178 0.01630451587989097 0.03519883772281425 0.0831341105904 0.029305813783565123 0.062182199493092685 0.05255464205486727 0.06417430903805783 0.08233433046702514 0.020205302604164622 0.066720414313123 0.07126692131729571 0.0056400820036085104 0.03033538168597955
63 0.04506419237850393 0.057988154799343924 0.042555290844108536 0.05510214075466626 0.01592128297897524 0.024875759912261385 0.017981501731880196 0.04595193764178473 0.04306320905909784 0.1074510016359618 0.08387521481965185 0.02261842833124995 0.10504650845681224 0.06768178912228284 0.0367955336927529 0.08440959888245547 0.04667764722963367 0.05630289947588942 0.017546623033029514 0.023091285219658243
64 0.06242738190318903 0.0195375499528297 0.07733772521043072 0.04942273805709791 0.06403681097361749 0.03398925456754367 0.08828942624817505 0.00111077553084791 0.05762667306436731 0.0559132068773242 0.08573686985850358 0.04278867567335028 0.04472183064456209 0.033909969902096285 0.039082934311725784 0.012627788688891002 0.0655482638339898 0.027567555154962956 0.06639124106141697 0.07193332848507841
65 0.05080843601199795 0.044039036444099885 0.006520713989674367 0.037767122465020245 0.041798953804834935 0.06028999320742996 0.06515328819714275 0.07532536702804268 0.02019999532055456 0.03536284038780232 0.06320974710378803 0.028057968876161986 0.05664962735555799 0.0996207642203389 0.07349500339801032 0.010055493048814533 0.09406481500414703 0.07625657152477895 0.00936788172939222 0.051956380882410474
66 0.07939558305947124 0.06752432976579982 0.09998781820140848 0.03974790613818982 0.004768209829462976 0.016282336899553877 0.035373366158626664 0.07489744588095351 0.09308904923648602 0.01955320122662714 0.002739937627264103 0.00721438135748763 0.11150601812076891 0.10905477854963308 0.02057161537804723 0.00126602329377342 0.09429165764743343 0.06463306875335233 0.05117644786708098 0.006926825008579286
67 0.07286693067800969 0.04943333917641915 0.008147033879734424 0.04871358118799259 0.09202451071514939 0.07828442394536338 0.04823096576405638 0.0703319389545114 0.08887272131508529 0.027694421202987173 0.009902632006853752 0.07823934497202154 0.03418776050125117 0.051119829857935506 0.04980394370884352 0.04266338363172395 0.08537645293384831 0.03740140800969734 0.005564149492393388 0.021141228066122526
68 0.0842145859521046 0.018887473598143186 0.06917592445324491 0.026675669079322846 0.07095561311218612 0.05092385773609758 0.052968047426697536 0.08094695856869887 0.06938105093540457 0.00879821482298453 0.016461911229403867 0.05357611812275381 0.023327932796312595 0.06870657385457818 0.08927253633994103 0.011582703427286883 0.08740121814812327 0.01572229394197403 0.02791330012497317 0.07310801632976843
69 0.06263488372143844 0.006341076146702074 0.0024160876757407627 0.09377282522607208 0.02364349539198211 0.029229016268176332 0.09494570703356967 0.038081392223217554 0.01673571197216488 0.05318987123401195 0.08808308693398578 0.03834658806826881 0.04401096646722363 0.011239148822263642 0.05629039633249899 0.0823274861218509 0.007127234782059859 0.09000963831058108 0.06975204266501137 0.09182334460317997
70 0.03394713876792086 0.0855592602383023 0.06907766995962662 0.07121791152866187 0.05292229135722464 0.09048584032190182 4.4690896559886235e-05 0.07829258212528538 0.025406889362154527 0.06798946397114121 0.0678874421314502 0.0883082374554865 0.00186568134723686 0.04450664432615039 0.03291569303677469 0.07217339198156777 0.0404217673588386 0.05377522013566514 0.012693975889167335 0.010508207808883369
71 0.07313705222612857 0.02530794927553018 0.07089071702852415 0.08672466805724582 0.003287073780754034 0.06392574981525351 0.001210032126294034 0.08779331268926864 0.06664699289519904 0.0753194268774555 0.020847869788285477 0.05302126981387558 0.060392945123491235 0.056489361869073634 0.0390762873409677 0.10142462902674161 0.03699272623983505 0.019775885457997546 0.02426446412854999 0.03347158643952883
72 0.04906531904733117 0.04906023766698143 0.05134734101663531 0.007952965040345882 0.033056049529596336 0.045372517741671094 0.08375620577908956 0.0030517529351107163 0.08955672115943061 0.07281992056646135 0.021977981338993768 0.09823939726720725 0.0025863243432782874 0.009600836079745018 0.07900141665835417 0.015915772737577372 0.06120850466773807 0.05795118264704445 0.10264098478117192 0.06583856899623626
73 0.06001934921340441 0.08302086603689054 0.06105643547488622 0.036924386650348556 0.09271634630785648 0.03132583681902635 0.07874022994834905 0.03678908957236425 0.06840305846543283 0.04115001762990323 0.02811802923959134 0.05937466374321173 0.04888053897646493 0.01534495396387678 0.011965522795999193 0.032217125826973135 0.10095646506445309 0.05145485146366845 0.05047797093890659 0.011064261868392863
74 0.05510197049376964 0.02728644526723735 0.05024151109344263 0.0006821882137772371 0.09146014087832713 0.055575680864201324 0.018456824649673357 0.000646922525341577 0.06893036622496676 0.03231633658381411 0.08727901125170069 0.02947247400980022 0.06082755506704748 0.0804562754283601 0.08528486687862638 0.04801767853039766 0.0463608264214448 0.050871070877822985 0.03453294624072589 0.07619890849952266
75 0.028409336864728296 0.03361806865877952 0.026607778716097118 0.07067878640919927 0.10185332739218904 0.06605819521454717 0.030839511556180855 4.791519220372762e-05 0.008348640165489708 0.06661724647439814 0.047592054008199706 0.09836103479987127 0.039977595004979265 0.034366992361275654 0.03706657698437852 0.09027948813129641 0.025786455461421814 0.037901116666959445 0.08762143635591352 0.06796844358189184
76 0.06332551780263913 0.05616115252240751 0.06380535697932031 0.016566563416550956 0.023962562629306405 0.016219775595317676 0.07224906601962611 0.06739882537518095 0.05926001276852901 0.006131241097671996 0.07245203073405455 0.048910350223455704 0.03243208326158142 0.03921627199863697 0.06655992425630046 0.05894173305082643 0.018415015303907333 0.07955242266289975 0.06129403688651345 0.0771460574152737
77 0.0710980052350005 0.07696568291578057 0.05062649428708932 0.04561962524237818 0.006851714607168832 0.037016088864066224 0.02068866107160085 0.06064159251374669 0.028489659260637876 0.019582096004373262 0.06248463607042143 0.08657982502940853 0.08368198537946836 0.0788960863411469 0.07972624480002413 0.05387153280380322 0.03969128297175446 0.059617806532987976 0.01091792244305013 0.02695305762609248
78 0.06845433376870642 0.013452619182142089 0.02308808324660134 0.023247739817224958 0.046267123474941975 0.08704841588519047 0.024400915739866705 0.050645563303744444 0.0846039147487755 0.0617330755097033 0.028089577388100088 0.03814770949252647 0.023076501289587922 0.06634002800566086 0.07781574862386158 0.06285253735932786 0.08827142082316983 0.07669615837286994 0.02830388818383228 0.027464645784166047
79 0.05578467165928507 0.0373815338964258 0.0873423859392943 0.02381117698001761 0.0530676641559899 0.07026156309153794 0.0621790044829808 0.013177947065036881 0.05977997506542422 0.06194011664609233 0.041237557334097806 0.05334940458902327 0.07401294416766792 0.012951041652415143 0.07243572057688329 0.06872601488919741 0.02452240038361861 0.07265586105498151 0.01927254161472944 0.03611047475530054
80 0.03902152121697504 0.03255236325009325 0.024967482935824414 0.005288602973071328 0.11311015736101908 0.03325206040525686 0.007425734608964282 0.08021636252780746 3.3348465858469625e-05 0.07205102205442175 0.11004922893864215 0.04756536230058295 0.09985831787870462 0.07717060205394212 0.08824189350921044 0.024874336552252553 0.06061720752181536 0.05164390547375285 0.01113739062069412 0.020923099351110905
81 0.015642140775374614 0.09307277747710753 0.059879395889965915 0.06320358668614952 0.06285933051129222 0.05789997122556979 0.04436756396685502 0.020501777266518955 0.01804886817421937 0.0592777326361166 0.07001890862641857 0.08951956201995727 0.03610501243179035 0.028498258352361576 0.016172513139754072 0.043002648553893914 0.019983825482962472 0.06936092409007873 0.08289962576079296 0.049685576932820386
82 0.0096554080023123 0.007908842842154507 0.11088943933178534 0.015931617691841284 0.04008350625160921 0.0345358206022127 0.01082494068079318 0.08634159077179177 0.01343710054051387 0.04807650719307317 0.0017154045729172972 0.06770245220484866 0.10602110567907667 0.007124962839668048 0.10482668459211684 0.05739043034738437 0.09630944271225494 0.03165382161572757 0.10817879447623266 0.04139212705168563
83 0.04369895754731691 0.06526186460886901 0.027950167505476395 0.07313810902635717 0.052911693396082995 0.04461249460024108 0.02153648387312922 0.017064442096387543 0.06341533989039139 0.030796488179574564 0.07511541940216356 0.04383184477607452 0.05691512565703139 0.0644257903254396 0.06375223460664678 0.042665801187470334 0.033100435096796825 0.03824647017335712 0.06347784561853179 0.0780829924326616
84 0.03919023662517331 0.090657289033442 0.04761598722273779 0.07003704708906293 0.04362946549996241 0.02848001141281992 0.07879822110333383 0.011975721753301726 0.018887062731115258 0.06856058325622327 0.024398495405744743 0.046772850379760436 0.028019223757971848 0.07590797100442977 0.09965131854226866 0.059167890516530285 0.04219100412073715 0.06334147906533046 0.04763806847880359 0.015080073001250782
85 0.056974127352748594 0.08989468622080936 0.040946277426317006 0.007279262349197257 0.06880213571528893 0.08475368729528736 0.07369297683290763 0.07618556913983882 0.007614525120161473 0.033911617862211876 0.01370457441893104 0.034607443985763923 0.00900528146543622 0.09544933623770373 0.05238263429111808 0.05262460593720855 0.05129077843514933 0.05127365795838614 0.08591314067734257 0.013693681278192048
86 0.10037521205208838 0.03512205721109291 0.0727089143428845 0.07919275777103102 0.014417078448433429 0.031193921741711955 0.03468720328341982 0.030212024919151693 0.09796804900913852 0.01924305661082187 0.01927270805574057 0.035351919794206856 0.07794303824104903 0.1046847090343783 0.04110998137662355 0.10195011403292879 0.015671364592887822 0.01604643561874068 0.03063629300410702 0.04221316085956333
87 0.06887587462175314 0.042756083239332277 0.057110327242218636 0.03796167547144147 0.0718415310663698 0.05672091476405453 0.04235096614243919 0.01821037076151318 0.07085962799869677 0.07292386109331228 0.04306418934842667 0.04539339472920776 0.0015181933026406924 0.03423063339732238 0.07233686632342393 0.06752857034633154 0.07404137384117625 0.019670258334948777 0.02837109943571293 0.07423418853967777
88 0.0860990783112209 0.05313744508044032 0.020198390373966514 0.022557404106473843 0.001548093685301659 0.019676891684666485 0.040678160396876016 0.019437945461516955 0.09157761280421681 0.07856568360952652 0.005096409416794184 0.04222084028094825 0.0011223429449299918 0.12010329104048359 0.13036720869389398 0.01635953679949632 0.08066427956671711 0.06822585438969592 0.10202205122251341 0.00034148013032116566
89 0.010985957779448172 0.04151608334844005 0.09049402822077857 0.03641273659166175 0.043865669722829945 0.0018357947140349997 0.028122704326849067 0.014450306933923606 0.04417751697679624 0.011131453222954942 0.05142406029693634 0.08123186573373416 0.05077346091848878 0.0738020383880073 0.07492253904325555 0.07872898694779633 0.09413380022882469 0.0634241740801436 0.03357092236858166 0.07499590015651439
90 0.11565849318645662 0.048621850759142875 0.0256735617088298 0.02125774371430011 0.02151445399721427 0.058576404753669216 0.03510656074885378 0.005875320942200383 0.05419900584437169 0.09005638534585036 0.008050028196446261 0.03892403262661527 0.10788986305153578 0.03110744630489013 0.03828244222664801 0.08841249338254259 0.059318748072905644 0.0031436919225055586 0.018304690716088295 0.13002678249893337
91 0.06767928961618065 0.05662890257979344 0.019175079228737808 0.002244043429186697 0.04188511448512136 0.07229958304765119 0.04992345421606106 0.04628964456637275 0.07411540719309709 0.06388078880523228 0.04554421484836331 0.0030532460515283184 0.06429039620877944 0.06278397516932108 0.06422129999117393 0.07104639363229669 0.0094597434991149 0.06483265467191203 0.05918983749128725 0.06145693126878862
92 0.027604210013403258 0.05112721380824466 0.09377868121722747 0.043316575391883154 0.050041410111964016 0.008072276993236805 0.04172198272324288 0.030445813464724036 0.11920715168190044 0.019862966075581304 0.11892529655021264 0.05765577735649147 0.017462696107611492 0.09022542999414207 0.06855044783435431 0.01883625632927744 0.043230726284660265 0.005471048958537852 0.09158245104191344 0.0028815880613909848
93 0.06256889424099674 0.028924646667629776 0.0904465380970867 0.05191439462479021 0.055990263198356656 0.0012408657205286546 0.07015960052481798 0.03081980497931639 0.07916557523929052 0.003161489302403541 0.037238456434568856 0.038371417097449886 0.0890435711134442 0.08414949315550224 0.02357255517247305 0.013054253506558896 0.03984621789079745 0.025549938320521038 0.08708655034488469 0.08769547436858231
94 0.016483401144058243 0.08855732663982882 0.04869686708118405 0.06826470753928213 0.017788950268506864 0.06711258920343581 0.07454256930255697 0.06469196463901818 0.028501405888437276 0.04143912164435225 0.08615812436225029 0.04684743267993744 0.08342760061442903 0.0017272125968312067 0.07215730160207014 0.06785011708675817 0.060208925112567833 0.010687092778076702 0.010113457840318543 0.044743831976100115
95 0.0459663284584391 0.08584385899969209 0.045987648250771514 0.07490881731659788 0.03856007764272455 0.0407048275583196 0.04129141304919956 0.09523379252882642 0.09355837251307075 0.05092906624887135 0.03516782441829044 0.04830155884087678 0.04997671400515402 0.005850158922820138 0.005178780989121526 0.013259816246311772 0.09058380321203653 0.07928365975420129 0.01276151190162848 0.046651969143046146
96 0.06881294805376212 0.00930446200221462 0.059552479486554004 0.0651162304631453 0.05590027944322471 0.015532523311937272 0.046178443425153454 0.08578088066556143 0.03489428015277934 0.08198001270392528 0.013590679493743915 0.05642935645631601 0.06840881125714962 0.11102801670174339 0.01734146650216763 0.0481085035438629 0.07042978335346839 0.027261964700570483 0.015142456355191881 0.04920642192752817
