0 0.09239279832658316 0.04933983710656013 0.019957385177226995 0.06008893125806015 0.008664324456363155 0.02677461591765243 0.014507333535966484 0.052010500816669 0.017840829229258764 0.012738008960519982 0.10258586546935833 0.08267866367024523 0.07693449098284676 0.03057555059648487 0.07029887922349887 0.017642403808205823 0.06271180764846378 0.037186355174062664 0.05302993790815365 0.11204148073381984
1 0.08636575364402206 0.07527369325352745 0.042372628504402855 0.06065365432878476 0.050733670408104406 0.08728945588331945 0.0449081994718991 0.01990939488282211 0.07951519896007585 0.026392066928539834 0.048202676725403834 0.04397223931869538 0.07987379538027183 0.035381676242976126 0.001157786825027028 0.06355802099454784 0.055214495900862005 0.060914445200405815 0.00996589735105503 0.028345249795257488
2 0.06997457725360984 0.025935689066635213 0.03512144329878309 0.05413903535566451 0.050020186323103184 0.03779193247965243 0.030406307456136827 0.09020784464986946 0.04718379507826356 0.013151376958357695 0.07932812863784434 0.08818180033330456 0.06070841803706859 0.017912028169493534 0.03610258438153361 0.07708481293752888 0.05318161894726544 0.08182312808491053 0.0003772154845345529 0.0513680770664401
3 0.08343422593152364 0.09635718692602656 0.05210238481567898 0.10603520993785161 0.08270650839839817 0.09692135927078532 0.05516355353093551 0.04700986516592387 0.010769278092036582 0.06492860469432707 0.03173928145874879 0.019583083957100598 0.021039918454624367 0.0009670360528602075 0.02467644768917532 0.03976334994771579 0.054586404322800576 0.0220227797801737 0.0033243270400513344 0.08686919453326167
4 0.05390857360389969 0.0040178357525662515 0.07258172913961118 0.03737536852656 0.08086010633038361 0.025979824889973364 0.0478666467146106 0.06449696390054155 0.04291399493144724 0.09048238580139509 0.042338326533900975 0.05547070557446803 0.03421530639439194 0.0479581304375491 0.04124437959288471 0.02149001928507042 0.020828715344400603 0.06876829023337688 0.06493451289253531 0.08226818412043353
5 0.09338048261932616 0.061908497187437087 0.03904103708793435 0.027139126435745526 0.07966747474995323 0.09683859812833338 0.07916951868228923 0.013851802638971344 0.04604175454461683 0.06624442666876286 0.01201250840821466 0.012122612978128085 0.01567387325477832 0.08062697600877876 0.039439144867370164 0.03485436334011157 0.010793021691443439 0.044684141602253466 0.09048941608596914 0.056021223019582234
6 0.06537657759660646 0.011653375132620072 0.013360649169499085 0.0019071568834855795 0.0242133130817413 0.0675314085594253 0.08678245365732687 0.06129075980370779 0.05888196461106568 0.09390964911402694 0.023633726795229463 0.06782078004169154 0.0439970207121005 0.0671687259642146 0.043498085441259986 0.08009130008484669 0.0465828078912691 0.03162389047137037 0.03705708847753125 0.07361926651098144
7 0.06038426774707969 0.06758143359594244 0.020169325405999715 0.07177466598952753 0.0687901714527474 0.01274386760372652 0.08410171413978786 0.03485760863665065 0.059686005547250585 0.06777142675658894 0.032265304251061104 0.06647088273994012 0.04280902198849711 0.020221910865319003 0.005379515684437732 0.08213677206313527 0.0775528161851126 0.00885924522849845 0.06451022682044018 0.05193381729825694
8 0.014141049562340437 0.05720369122252453 0.020924830739742536 0.020650051149254393 0.09040704334579582 0.04726965561248086 0.02818419291252742 0.06224596147278705 0.044466081246742624 0.11319623650784831 0.0390448209092543 0.04694477596841484 0.03597906765725883 0.009590950836012552 0.08383186779666416 0.08596510232837269 0.04959775028453852 0.08416142691644525 0.057676517490798614 0.00851892604019665
9 0.12249455337487271 0.010916861838348122 0.007280791014909088 0.050996787201637576 0.021685585520651036 0.07785535436203742 0.010424610766292438 0.0702520821890172 0.0663055500172426 0.05154213957700421 0.12824297635677112 0.043214760221484724 0.0340794812934179 0.08213984491666598 0.0023473547218494937 0.06375679106917799 0.09163537519147863 0.0053491026602342385 0.028507479872514802 0.030972517834392768
10 0.07237905649485935 0.09355475189436034 0.01971464575686728 0.06276568389362051 0.047781936419636635 0.05645907903099605 0.02332669971117748 0.03998151739370784 0.07611813860651842 0.06306515105107564 0.09294783298717987 0.07234519860120765 0.007556091311897584 0.07000495530531377 0.011092428748678343 0.032031334946093414 0.004787244067068996 0.06345010365160737 0.08736617881020971 0.0032719713179237032
11 0.09736093875613679 0.033080952513264726 0.09625780046594692 0.04997011328606881 0.07401592593934227 0.06888143422020253 0.08995648000731149 0.025829226914002093 0.06159732314868347 0.01096343398745606 0.03566674240497133 0.0239701008555552 0.05733736580442043 0.0232652694908218 0.02210635336123962 0.053735154164331535 0.027351556549197825 0.06996914026170885 0.003664889284066185 0.07501979858527195
12 0.0014117064489106393 0.07383003390373954 0.04517836659181561 0.04438359094537973 0.0949606088711775 0.06649124911216234 0.06431840658950166 0.02071159276801248 0.014066905206369166 0.053531341944954174 0.040141140645156774 0.06513600704311441 0.06581732604232372 0.08393608573049269 0.048938803687929265 0.05493157166035758 0.05160011475479374 0.03017350936723506 0.025336418119407764 0.05510522056716626
13 0.02536288617451484 0.004296968546892503 0.00016674858653899154 0.022538108726786747 0.013929443059033273 0.02879974647394547 0.09626363273015376 0.05836746499024492 0.10199938105952236 0.02336962407953041 0.0683157197631833 0.10307670411830419 0.004507633471849484 0.1027332978218685 0.023122994831296612 0.03448960993829755 0.07478886765455428 0.09828989746166696 0.06677302475502492 0.04880824575679083
14 0.003559174343464532 0.08215271828531945 0.04757798515820669 0.06332098583062976 0.028873380939827293 0.09120355315548345 0.01340896631364047 0.0025415340248908644 0.07095225261280093 0.1046647298264468 0.01924335168400562 0.0021854540896171313 0.02711279547257073 0.06998116493244701 0.015265263602706716 0.10063817587530903 0.05146442507795097 0.029314962014404665 0.08627394496890156 0.09026518179137663
15 0.031100197765359435 0.05120505845247701 0.06998564979367013 0.033817772772398405 0.023380277201177885 0.07774362804260336 0.08769752399645324 0.013145770530341105 0.02011096461270541 0.06076482937009651 0.0005774808892984946 0.02477455090257 0.07368585412657248 0.05667231968294662 0.07819762317923115 0.08273248489898188 0.037315422532445366 0.06020892096268267 0.033858941233990296 0.08302472905399846
16 0.048352556064067735 0.08407241020462553 0.022699818353554106 0.0875600488117063 0.10159553266216229 0.09583213548427959 0.07196950847684852 0.07554590527129386 0.04160588756561809 0.11271025212246584 0.032789364160678264 0.015815732751642494 0.0029754051968027997 0.052004404374315166 0.017369265742273453 0.05125207659866176 0.013118149180643787 0.027262463224367615 0.0382696988878404 0.007199384866152371
17 0.008769953973799389 0.03314544540632204 0.080748747794982 0.010618220569199229 0.053635836601686936 0.019552198194937552 0.07216701241494802 0.034692061418161335 0.05664146476205869 0.058037710264746266 0.05391912271694438 0.077617263349895 0.032514150749415556 0.05467918783310754 0.08431141252644428 0.009718336350354533 0.08537011108128052 0.06864177935094126 0.04261872513610087 0.06260125950467478
18 0.0803621426219614 0.0007269852208506238 0.03706682844015071 0.04966988892200686 0.05695538222272038 0.049185041946628816 0.1041806267318353 0.09051753354125654 0.08133862099787297 0.03829454784039733 0.05615038390115654 0.03329305100560748 0.09032416138172593 0.02540672536708645 0.047665941032935706 0.05346983095374747 0.023644869038967717 0.01662970136665136 0.024868804172280597 0.040248933294159704
19 0.04051759749693086 0.06149295243341779 0.06970756158119695 0.039916812332844005 0.03494711346751998 0.005286195668382714 0.07747723434218949 0.005983306465517929 0.06588346134573674 0.06235043233928621 0.04426425424171516 0.0840546296681914 0.08782184811756504 0.04722187503681213 0.008753308017522311 0.0671311903061969 0.044304060606604106 0.050651621624504484 0.025847682842036663 0.07638686206582901
20 0.0259962803220073 0.001398427265093834 0.045168364706109236 0.02129659707798173 0.041402304815044234 0.05011930519565174 0.06358207976258232 0.09150179360531657 0.050346993996334966 0.0775590963035488 0.012177732746685387 0.059883141329139876 0.04311303222934928 0.04147787556263739 0.06224081496591781 0.08886980766999839 0.061807707937374376 0.03349096381326931 0.06671543191897401 0.06185224877698341
21 0.011857295544832782 0.06958626836662819 0.04294128644879393 0.0022462921144239907 0.10440353036522106 0.017475454061622875 0.10101823683624779 0.07230465101834009 0.055335456721821594 0.05848227835109878 0.048308339464509964 0.0497564811828188 0.007910575228658455 0.09470861920502803 0.0507854639398603 0.039934870398053914 0.02681558971231189 0.06971482729808742 0.05585837674616022 0.020556106995480047
22 0.0005755108003947466 0.0824265389078228 0.009573041803036099 0.09173076091266773 0.04422233009754688 0.10990715854478905 0.058206688914021275 0.02237647119097308 0.07866517276679957 0.10169845876570716 0.1066775769430095 0.026771187297557078 0.03404285513487057 0.00037497808994677 0.026241738606284627 0.08672796348239334 0.0688132327065928 0.010676535080512937 0.009209784148086287 0.031082015806987787
23 0.09030376986762585 0.0964837152094144 0.08359818389611647 0.05385246182388258 0.03010409868779061 0.04499701597120898 0.017447078374975385 0.02194328338745602 0.062118452611136465 0.014937402853869073 0.031826263290951264 0.05087024570183524 0.07756866942303865 0.05749627166923203 0.067430042650616 0.06437884868698585 0.019442800005328168 0.08240853289913119 0.009494648441852585 0.023298214547553337
24 0.07921118214854823 0.029664018309130888 0.006171233140960302 0.036417351587325196 0.06770220821161038 0.024526098169922395 0.041824311534023245 0.07195850321509195 0.06495055035932534 0.026604585325194358 0.05514293323884825 0.04541916339508472 0.0853326563756565 0.04656104438428422 0.0787623212066733 0.056920986423299756 0.06353932858629537 0.08112730708817374 0.021331274404354898 0.016832942896197026
25 0.0021417466766923245 0.10718648884635319 0.043637583596735315 0.04604042604385492 0.06338891318499583 0.10555361138822934 0.0037357733693508554 0.10079753279028134 0.02548222986704319 0.11365661822036133 0.016508050955009644 0.03651591180877891 0.06441154024223716 0.05389152121063606 0.0058119213441199975 0.028209365299592778 0.047059859682128925 0.02047414289558329 0.06728150086686176 0.04821526171115349
26 0.03136139245944749 0.03412675040899125 0.00981362078559317 0.07164582237561631 0.06742031634278 0.016875223304717253 0.0389486478712648 0.07907248447931081 0.030834113952661668 0.08895356014880254 0.06153127148785848 0.06346376752326689 0.006912641410686844 0.06742073861112595 0.023495800394869044 0.059840279662152544 0.04477112871436668 0.06282426037437006 0.08875660798279965 0.051931571709318565
27 0.04257486375487688 0.02588668822061797 0.008422775903584307 0.01229139267623495 0.022379397288055963 0.07091334886174049 0.015616137424907344 0.03747198127662608 0.06904427774049421 0.048851901195853684 0.06985570735719551 0.05397472340266688 0.011084560652567098 0.06836907342446262 0.08135520840063203 0.07201237565246822 0.08833717761144237 0.05524519455306518 0.08375169142930362 0.06256152317320451
28 0.03594231826970523 0.054718495885536234 0.12854098123422616 0.09181760201031733 0.0845089996653382 0.014355313255279072 0.0836253590583911 0.05760696897711949 0.02642717842086004 0.020159862412379315 0.04887300993675228 0.02203157708892773 0.06798238014370808 0.025264174490895516 0.023604477616306446 0.028731619745106414 0.02770995850824011 0.03959792868547085 0.054153842288989104 0.06434795230645128
29 0.011891088756724087 0.011888143649154626 0.12276536168589594 0.014166601653972639 0.03024658224404038 0.07969273679744947 0.03674659236292785 0.06036853074947704 0.03285089032290844 0.12269186595163002 0.05003864334374779 0.05664172626037428 0.019208402598418255 0.0194668287836777 0.07743412217975357 0.040694647993306014 0.08216776117584297 0.04332708612755658 0.031068696281134577 0.05664369108200774
30 0.07404555211477103 0.04053471945614805 0.03344349184830801 0.0796369916464895 0.01911657073867432 0.0768845248308695 0.05906191754729476 0.0808780623167778 0.022570803101853595 0.07293748077619791 0.05831949332287021 0.06539088979251183 0.044464657308338484 0.056478085902057634 0.026937715700235138 0.05973637839006363 0.0672154294522949 0.022219857001781695 0.010777411751804869 0.02934996700065708
31 0.07397066524459367 0.08529134015915636 0.014327956935216627 0.09149315418394244 0.05482223760496204 0.009885575964747855 0.10043343991562496 0.055247254130321964 0.021452892570143392 0.04207826567146929 0.030003428584866355 0.07461761176628293 0.034308879416140366 0.13011424369901706 0.02263721917346805 0.11306071553460383 0.020749113258184525 7.095194514160016e-05 0.02443640402075669 0.0009986502213599497
32 0.012691019310162414 0.11206805531796835 0.07694146490510755 0.06220380885606345 0.03388188737520812 0.06068754649685418 0.07642766524649158 0.03992797842643305 0.09511337032022879 0.04893327841555503 0.018657845701574922 0.027444511076051347 0.017324852043755414 0.005390429342709962 0.05246903013227773 0.04495596718132337 0.08278792177543011 0.05649023226396817 0.03199707369556977 0.04360606211726685
33 0.020002910124738184 0.06185027901358691 0.002551108427762419 0.03359902931323927 0.04543247666737017 0.06687655777680927 0.04298884481692838 0.05891461463666983 0.08407893176668363 0.07770622936625664 0.007411131137601601 0.08162391212205507 0.03316631704241914 0.07346799037935611 0.014094965625405742 0.050864151801868374 0.06985245380221271 0.07043605406342675 0.037071032631502285 0.06801100948410721
34 0.03701237565712501 0.031096752815539027 0.06788804982368021 0.057436873050978186 0.056070124239121916 0.05818020238734125 0.06323347915971815 0.02459683813253205 0.02211919446990947 0.025927947757661145 0.014239842618323981 0.01985335056389271 0.08437311259080275 0.019189890154197326 0.06588626396560536 0.06836428336105631 0.07774469569615618 0.05954911982159467 0.08057977434181225 0.06665782939295195
35 0.06555866705976109 0.06123182228944796 0.013830331692102155 0.05622587593643188 0.07706965301765398 0.07136393581380261 0.047700542069166865 0.00398796407277935 0.0945862053360513 0.031443151752925357 0.04106946098705694 0.030767412989047116 0.0034711743808334126 0.11033841279071235 0.019914538687956666 0.048444166203458434 0.0172263483451347 0.05995471009791617 0.06291364581417688 0.08290198066358476
36 0.004659993218270747 0.006501091599221811 0.10050567909003146 0.09235890429538045 0.10605705966564807 0.021112875162391017 0.035227363983711325 0.019852426126354242 0.04667678775373248 0.06242239881210722 0.005238001960453983 0.08190091885693936 0.049415910290754775 0.015424708186496664 0.10504580536354124 0.04923040788599368 0.02570150907012151 0.012173686116105167 0.05020760234647203 0.11028687021627291
37 0.06568987491886737 0.07306862545918635 0.04944679034174004 0.01707385736716261 0.14279126568189277 0.01356606823143904 0.03951173554053816 0.09122664617880379 0.020123055124320742 0.036576501687394465 0.016808242566267367 0.13075097235309152 0.13700691287713618 0.012646338902739904 0.016875263943078308 0.019684930725752246 0.0031932389419256093 0.04597128866877336 0.05306404283516103 0.014924347654728923
38 0.08415083081307805 0.04981760728827966 0.01961355638162391 0.07427793488538562 0.09135693403584752 0.03384059290829967 0.04805411989921061 0.059295125118258116 0.018323821583325826 0.043296578571515955 0.008474776649878817 0.07243568163912667 0.013840423516848806 0.04428744174872812 0.04650457497246512 0.059419034069129704 0.08827983998080305 0.08305816735394599 0.05915205155972267 0.002520907024526136
39 0.05763713707110305 0.055873829257767085 0.03149712556661784 0.03569797348555202 0.07621208861900566 0.039529039192539604 0.055891654088717414 0.026014296048306098 0.0918875548733944 0.08732466794466687 0.039236300834023935 0.028589731852796507 0.09212340196286103 0.03913385435190446 0.06236838960914781 0.02178395274049343 0.007299531415200615 2.1679122103177945e-05 0.0887254325113154 0.0631523594524837
40 0.10613203418624621 0.006403576560124672 0.07625381538577723 0.003649183416673392 0.024577949015552374 0.04586517276166804 0.04594565873567385 0.041564632275317356 0.06902768873434258 0.06857895305513831 0.07972427807685746 0.0033939940630902453 0.04897251849074515 0.061878907993624756 0.029907286000465848 0.013555926388269385 0.09821422352190973 0.044359805937292794 0.04284202467070151 0.08915237073052946
41 0.0910912784714281 0.03325651276028215 0.08001221912534504 0.022284846076754326 0.07402599067490312 0.05249513241323483 0.08734161643712203 0.008592005849372596 0.08847003376739947 0.008137427286376378 0.06476847533388351 0.06809866231809193 0.03463546208672441 0.021389723050157877 0.06673695925376968 0.06517752664021664 0.02602569282861851 0.018898487668334806 0.04338907774839026 0.045172870209594186
42 0.0032579526283988956 0.019247020357408266 0.0033030404880124995 0.02025405890424317 0.03665282242609223 0.056193641855888675 0.10197017817862529 0.11199452401795051 0.03195791610814239 0.02523726178001923 0.022578242087473655 0.014562869849331401 0.025510505242718435 0.029537850139364503 0.06809324677604414 0.10946202248717221 0.11246613456392208 0.006790570776428424 0.09293303125201377 0.10799711008075023
43 0.05035061229976489 0.06450640386626645 0.07904461383049324 0.028658971120761812 0.10152728639645475 0.02322773563633093 0.08745515795715048 0.005692938499771127 0.06234596496558291 0.08050352269316267 0.01621947306612356 0.0866707384553604 0.07039764681973756 0.06420757590884878 0.0036208852958089822 0.05271871547213518 0.004075662793414567 0.04937272480268547 0.03700302151592574 0.03240034860422021
44 0.06614075547596406 0.11562857918585324 0.009681104301170064 0.02587420507188602 0.03272755658563824 0.0780409750576666 0.11621156391815891 0.04846936278857123 0.06382354620958713 0.005492899144130847 0.0012254629660577651 0.09531929665813885 0.09435900989542491 0.01739401070868617 0.05504905970098716 0.10655383985245066 0.008183228305604084 0.0027103642601049153 0.008815741385822008 0.048299438528097025
45 0.05409291995078116 0.009776557909606437 0.07107008297340545 0.06934376077435966 0.060448183147261886 0.030058107467000394 0.08350877537422904 0.02837848850405396 0.08017230111407309 0.05557220481299139 0.03412187048980089 0.0675024036409083 0.08144870877413969 0.07266609431737511 0.006578905317447162 0.0016620287979693278 0.06602548185623756 0.01551204061895112 0.033738589557001625 0.07832249460240666
46 0.017784413318285758 0.060607331216041664 0.08429896564638323 0.06811069837603041 0.07847928970998475 0.0830519341011056 0.06597934822528945 0.09275886627492462 0.0013152040243410957 0.024337829984438595 0.0786280088486797 0.005008139282199952 0.012666720959380076 0.08216720303977412 0.007811326658092396 0.035508584406651035 0.05728608601299994 0.07193284418643763 0.037035073508223895 0.035232132220736304
47 0.08436048319513496 0.0685766276542588 0.03226716391584621 0.007185653297378287 0.06159879823273125 0.018204652172540928 0.06194285038366226 0.02575440147859972 0.010644848844473564 0.09165559848846262 0.087277198408012 0.08673858165132405 0.01597935409598001 0.007036673249012093 0.06199368919329144 0.09276645830232046 0.0874635001770345 0.02485450931136975 0.02810818100418199 0.045590776944385104
48 0.08105112660463915 0.023771056884413035 0.0521179868168999 0.0008888826635768309 0.003307061873372996 0.07522781940560554 0.060287746490567826 0.018266609167327388 0.043135709265809646 0.0811486972437537 0.08452007730741712 0.046400458646244966 0.001921051982033582 0.08384889130798549 0.0654073671864341 0.03855605728138445 0.053498407328657155 0.08504999565948847 0.08453220328252653 0.017062793601862015
49 0.06662556904419617 0.05406689335979138 0.04455474779659265 0.06198712935898249 0.07150826674759918 0.10134320482416219 0.07764101696376269 0.06598966525635715 0.007624277322110924 0.07715714018737853 0.029111928907585197 0.006833307256408464 0.0190959982060278 0.050547042815411766 0.015587189674534891 0.06083388150379907 0.031468229650409386 0.005031641680374088 0.05888298793169104 0.09410988151282489
50 0.06912127149013965 0.007348703899245278 0.0020771198587059224 0.0732582410638368 0.07882394799240236 0.03601044981402582 0.052608630402310355 0.08159804199264079 0.029467974351963393 0.054466391984668426 0.010244273205113615 0.06822584285805718 0.07856944147258718 0.031403935152793376 0.06253306224291455 0.027544583515693253 0.0760793371016794 0.06631840739966441 0.05256869683771964 0.04173164736383842
51 0.06941649803816657 0.01666716933257926 0.0860534981568036 0.05054311448071786 0.005070402917902602 0.04656051423001208 0.002244774130484146 0.07419472547865305 0.047497397519636976 0.012168695471419732 0.023880702924748205 0.08028452809342283 0.04009276075136355 0.032044595342573666 0.07200246370930256 0.10553521666767784 0.07541687812480152 0.029748459133924408 0.06607809447246919 0.06449951102334017
52 0.013235800637058077 0.057658948321317405 0.06640565992347008 0.09984939659009834 0.037336639358308096 0.038888732061894915 0.014810582338855884 0.029296212685912235 0.08132029314368369 0.08597400562641766 0.09938027266598778 0.05890397823844173 0.024719496352135124 0.007940810700263196 0.007185703880954482 0.06654166743982085 0.045074234846889334 0.09637082793222235 0.014148950400309532 0.05495778685595945
53 0.032316629666522004 0.006166651484578807 0.033667358903018064 0.04630239693320165 0.07896457204173296 0.04399622632763839 0.07678861063580175 0.0252640497563112 0.11094449814117896 0.026781426104658314 0.12714572377678757 0.009974891699714506 0.11327234352993996 0.01811454694304464 0.037281850250649846 0.05030537312995222 0.031737332487256034 0.05474618869768063 0.063819833221826 0.012409496268506582
54 0.08809007011149202 0.043488431115762595 0.03028353153239177 0.012175982577839722 0.013927890692407914 0.0051598844057393276 0.0835913323031124 0.014917372940438002 0.017937802704275654 0.009384455946782451 0.10283761895734703 0.10539207504586176 0.035412391520875754 0.09015322512789527 0.06571640299342589 0.02998077521063784 0.06841887201453149 0.062227648848667355 0.02507830587309094 0.09582593007742475
55 0.015374465722111682 0.06173431744523618 0.10012530546394918 0.04041827832195981 0.06884729265035403 0.05416362159073287 0.018281280956067514 0.08451014396062918 0.04648101730393188 0.03586670125981129 0.07943153585899199 0.045500706344775904 0.01139791247978758 0.0010047325825106991 0.04843180978155158 0.0807013587626677 0.05550144519911534 0.03515691305080176 0.06435810460524875 0.052713056659765035
56 0.0536588399927624 0.04989524235140203 0.038960280536528405 0.027449708713490617 0.004915442037420787 0.05777325482538893 0.016565193350041738 0.0020928316701841697 0.04845342028158117 0.04574418334623517 0.07685778922418518 0.08728306314386973 0.05180225353467231 0.0828515840209722 0.07344336039692478 0.018319393158756737 0.08584277347167105 0.051292324367500856 0.0544290345326422 0.07237002704376962
57 0.08481674107463241 0.059299136734713334 0.03338857120686721 0.05159292049083848 0.04831716053396172 0.006922737391319385 0.07962760693298122 0.07714298133603027 0.03783995102426452 0.013154029638334888 0.07805917702653004 0.012489117060994273 0.07709861677968587 0.036453371625106507 0.08049174711806023 0.08842405861546926 0.05148646276561119 0.02939845516386286 0.022696077212114033 0.03130108026862222
58 0.05414909309214561 0.08333050448684513 0.034258758257881605 0.06825160109970764 0.08436755611896019 0.07137902659694509 0.04459524448087562 0.052055687411781355 0.006538493609003258 0.03339064648736118 0.02767708025455465 0.07767885621403947 0.07605133592224424 0.004350322029656716 0.020354796140383095 0.0688508830699229 0.016004789748067048 0.08446092006805758 0.06138210925198625 0.030872295659581456
59 0.03846245054948738 0.08651409405388455 0.05206865896917831 0.06987438708059904 0.05466444587084173 0.017964576740714572 0.0809926925792443 0.05378412141745413 0.05543793805274407 0.03240895426998509 0.05117670116565669 0.03148283688836777 0.09126784340714286 0.01513658156334362 0.030429335600044884 0.005504570081307961 0.041132307526439454 0.014446030506560086 0.08831749750123413 0.08893397617576936
60 0.019381282693067957 0.05779932039032162 0.006679770022162354 0.06136253700603733 0.04423205668983763 0.03180469901936285 0.08258196066282796 0.08301929946587386 0.07665396641788494 0.00961927756584263 0.017240294012715998 0.05151764182012849 0.05467801266566243 0.0532588405991733 0.05849905476245393 0.05544357989638606 0.07783072337652538 0.04720686592839317 0.042112637852986745 0.06907817915235524
61 0.055190329956432825 0.07810543470391915 0.06244334354702119 0.05087623138509899 0.049660981789640006 0.03495732190904263 0.02147559780962887 0.06793385156284526 0.07441404034413823 0.0763155806970059 0.01890837667215719 0.04047105534249056 0.020287036662295442 0.09578446292204827 0.001958516766138607 0.018391346895309895 0.061846141577156455 0.03890570140999075 0.055359345515140615 0.07671530253249936
62 0.040126894395654325 0.02901871987123964 0.08408619028891239 0.04375212217933652 0.02429352151887036 0.038593422532738585 0.04892676598272902 0.07542428110791058 0.027886076968358275 0.061023028224088685 0.0013018157538509383 0.07429656967756232 0.07399637523720651 0.03582154422677179 0.030881838986355447 0.0534245048591795 0.07047448363079903 0.07520975360979444 0.061332888019726584 0.050129202928915255
63 0.06060080024462823 0.07356359580505407 0.06055720431717023 0.05087414863300265 0.02004541472884731 0.06672781243071438 0.01594970494241172 0.003160287219888598 0.07255981748231662 0.036413817761703264 0.06143964891037237 0.05921831870568965 0.048565170713466554 0.06619843574935723 0.018455267903466625 0.0812336427140109 0.0755502180017384 0.02075055596426604 0.07070194174422095 0.037434196027674005
64 0.017010828248436596 0.05160437089724194 0.04143214076956762 0.011408358819175552 0.023388152441937673 0.06403515376853161 0.060667962695037804 0.08468957552963614 0.0719345716476019 0.05411801166637771 0.07520107308209012 0.05667545131162946 0.04929019256707732 0.035982561438649203 0.08805522107968448 0.011741212853546413 0.06868817906639564 0.060704557817179525 0.004564557167892949 0.06880786713231027
65 0.06098283217217927 0.03152888167909624 0.10584763182448104 0.022608731117099753 0.025045612275518825 0.06333861840323364 0.003458016725780652 0.014930690201825655 0.013383902547544515 0.008587442737218218 0.07252262494702076 0.04981696703345838 0.10925354925405262 0.003186104260982887 0.10883009247182368 0.07127681992162042 0.09545618274973823 0.07140101294461401 0.030409986971893385 0.0381342997608177
66 0.07387705816263525 0.04945631112762423 0.010214154539674144 0.08306675794592812 0.06608512937546031 0.032996725774829344 0.042915971452787874 0.02874451543386235 0.04366668457455001 0.07616519272979803 0.04038170761256579 0.06390945746483417 0.059631757535101235 0.0476853119038829 0.06552948955561894 0.03294887453587759 0.021879515725996612 0.038890752403321835 0.09217025086274888 0.029784381282902398
67 0.014193786706459644 0.08961892287638504 0.018140353536023942 0.008073901800134245 0.08442160550830818 0.06748053742662045 0.042809950703441416 0.03651016571944085 0.05357092117796689 0.10236001581176082 0.004774894173957264 0.08070165023908352 0.06600999624864072 0.003689800709527505 0.09339435716749393 0.021751205416155165 0.029685069893406718 0.04823177420536115 0.058635531083065615 0.07594555959676676
68 0.04875376080551465 0.08336597930178447 0.056713002756808996 0.019098446988895085 0.053817325420206535 0.043806697454797365 0.018590858298040153 0.049754165230002985 0.03865347987744252 0.06462092028509672 0.08998443408128476 0.04497294152920271 0.08305485686849626 0.0626846752315924 0.030143569820300777 0.012348550283880363 0.07305704080136668 0.042266536808691274 0.010647684744399987 0.07366507341219523
69 0.06823416777681024 0.06175910420549092 0.0314691489247077 0.0691203726347736 0.060425784978677295 0.08930607153096079 0.05190830439803242 0.077217272330041 0.0672758050680148 0.023904803497666254 0.004457497939024665 0.07229997528244385 0.028789438489814433 0.0514836001481172 0.0017956342586681886 0.09083228367131105 0.005542069642778221 0.07705988352733334 0.051880496781682224 0.015238284913651723
70 0.01649982164971945 0.044656101406829934 0.078587266771285 0.09060968035946916 0.037812094542647716 0.011697659493971857 0.04516574477772506 0.0736288523369543 0.05519502179485299 0.016638183376142448 0.07167440789820995 0.040547605204379944 0.045983952379344155 0.062065444120148874 0.05328617113388748 0.05073696746909722 0.017129022877777424 0.07826139205714487 0.08359766029761981 0.026226950052792325
71 0.039077552543782965 0.09607103132323497 0.026218998265467728 0.07760709280255922 0.03854629657450595 0.022915601897978862 0.05499441027295806 0.008287691338695322 0.04728587050163172 0.03976987248776065 0.007099104241474357 0.060996355218829686 0.11291900172111476 0.013387052684040614 0.08426923621827108 0.048910609983003436 0.09769731144172045 0.02513897570747445 0.07769532627149515 0.02111260850400051
72 0.03788306958428894 0.03577786370052719 0.07952406497387035 0.06945782057555504 0.06591596444364704 0.055544943899311416 0.054339134115222315 0.036777024743922235 0.051242999385953183 0.06996076832966143 0.0354409869308002 0.05020890074360679 0.04085504366411672 0.030204904236122106 0.02230593565514 0.017279104397697146 0.08025883936992734 0.04538122421702999 0.08288722124763744 0.03875418578596305
73 0.007013934632242115 0.061503883958419575 0.0816942309779111 0.029785497561259262 0.07887343436291291 0.042302914630570454 0.022096922747397194 0.06668134368642295 0.03408784311060924 0.0374400152946869 0.03035962914542084 0.07306863487380381 0.061836013645857245 0.036199827056620865 0.08075593713058629 0.02977476482915719 0.07815143044031805 0.072735629171317 0.012830825681259777 0.06280728706322723
74 0.009352759673622724 0.10485568663519557 0.001722469428789758 0.08256954123369996 0.016373876140100527 0.03754666182741725 0.015767964693913582 0.011874410455062616 0.0334028615689903 0.10796618896570684 3.389313074057859e-05 0.005492328844683228 0.07821503404564695 0.026415148382867612 0.0941375296347227 0.07028638082040155 0.04473608098213672 0.09611026190504962 0.10748190438028628 0.05565901725096565
75 0.04622975462400965 0.018576268331164845 0.05754794172643749 0.04628584639496656 0.047225903731938024 0.06540651016429201 0.07709495732539708 0.06042424316657545 0.05791139926260637 0.02755056253516655 0.058558299155510515 0.031651730121152584 0.00952559301424111 0.038422585375109536 0.014179254356550156 0.07673850695280757 0.0805572789158375 0.0626755546839391 0.0792813351735677 0.04415647498873016
76 0.07582231229842434 0.039227714995993854 0.09355122433258661 0.06964985928244008 0.024482357613201642 0.06513464501088392 0.020377321594991206 0.024937477148623502 0.005448421922395047 0.05472597976454286 0.10023326398441562 0.09764556819643712 0.08147377864284645 0.05035364148037438 0.029285080803215152 0.0978943557654852 0.02589984770281894 0.031219978749530294 0.009409535667003546 0.003227635043790022
77 0.001349170940100388 0.04591896191043514 0.07825982242661983 0.034619454382827555 0.044322545762018765 0.07699406820018705 0.040922089257808006 0.050995658890717145 0.05334233544576394 0.06404339786512266 0.043199469445657133 0.06638534634078348 0.03413755427284586 0.06588761187598874 0.06391829563295649 0.04489993143094256 0.038515698770620665 0.06957723785673081 0.025438256466737995 0.05727309282513568
78 0.06969280489024768 0.025575857329310555 0.004804029052766911 0.0871518640519772 0.0314193955906346 0.058232982701255126 0.08176322186806603 0.04011218802502449 0.04560018609742162 0.009193149568891024 0.08323734692778213 0.06538506617249315 0.07115403184731389 0.014222209566186278 0.05813247700791395 0.07019347943754076 0.024928428216123837 0.010193776623902235 0.08826725962456657 0.060740245400581996
79 0.0321989990897814 0.05352436241708454 0.09576055209136197 1.0131982284342573e-05 0.08876063311953898 0.011161840110529704 0.026527362601917976 0.02291457130720078 0.06987415257471388 0.04968679170932775 0.07817245202179211 0.04563148231620064 0.0863489176785463 0.06065633607533779 0.09292471640934541 0.047698803899954206 0.012254603653134799 0.008754490619081857 0.028523069255062435 0.08861573106780328
80 0.0026469013332652814 0.09914117613885416 0.016146765898555588 0.0016793977496132428 0.08215738891488118 0.09408894772134253 0.00015890705850537807 0.07624817163780637 0.02999088043862452 0.002538351716186901 0.09545662529920958 0.07207837476725186 0.0389024621077483 0.013071569894881447 0.09336820442911654 0.029964266962226177 0.02377953399235353 0.09406963293258018 0.040227283861566494 0.09428515714543088
81 0.09541688399216079 0.08409582093308259 0.028476027018953243 0.03420486112170097 0.005878331048557829 0.0127559935146528 0.0612014847324289 0.0300084302501383 0.054684952692949824 0.033859149837255964 0.042633623842299725 0.030343087647666314 0.06074382035190398 0.05677980803192368 0.08475822327908004 0.03218076776364963 0.07927904525769894 0.04958662932840345 0.07876727334010968 0.04434578601538321
82 0.02161352482246694 0.05821349685169185 0.033383649305893985 0.08109168926831221 0.04104091359359893 0.04205489893401442 0.07491758709258692 0.04099355665936501 0.044773719391430454 0.02995943708495476 0.04871391409729827 0.035876943923656146 0.08288252339173768 0.058656069801177345 0.0269670525355382 0.03457538306680975 0.02204837231637982 0.07744237942128498 0.07367843074604319 0.071116457695759
83 0.06716563448348668 0.08700735383662912 0.07476120104359472 0.017999948903281632 0.048911150914404074 0.024846258673133465 0.02194354394846132 0.044025532578962516 0.0745141854476189 0.05403617414115834 0.0563920670963027 0.059758517711055906 0.007863712520873398 0.05549861715452027 0.02264545152984361 0.01547277506507721 0.051186248004749614 0.08409757032756891 0.08385227813102784 0.04802177848824981
84 0.052324386909370885 0.023644247749370188 0.04745975541806012 0.05226706899467962 0.07259906659473635 0.006427604757380255 0.06620894240121934 0.03669035883440512 0.07908346345137955 0.05682526290433141 0.05078312535419096 0.056934342965445764 0.018942148178513706 0.030244621840192918 0.04980117390837903 0.06467683794511908 0.02882712924313134 0.058965778972140774 0.09990265191783863 0.04739203166011504
85 0.043606541462208576 0.09346715647760952 0.020150756222588093 0.0832951154480212 0.05847080976787062 0.09141683428920418 0.04485520549525162 0.052621290984203165 0.0972246296284048 0.012555160261175268 0.012548467436743132 0.08899943975822555 0.00012008605154049168 0.05802671304234307 0.09024993335550166 0.06675341213063218 0.04807247894446074 0.023871429185257614 0.00131439571341117 0.012380144345347127
86 0.07776764300283867 0.047045717679094094 0.025937194842164026 0.030903596528425052 0.026143993661430553 0.062403977632817076 0.04340819018204747 0.047892104782370576 0.0723957329304342 0.07996522612944688 0.08583844041416239 0.06395722057222351 0.0736164450205845 0.015440762902786422 0.00770755319058324 0.07682673098635576 0.0914892404827626 0.0025224664203010875 0.010957505657347454 0.05778025698182429
87 0.07818479786135707 0.005391259094969383 0.08170382716206154 0.04420117068513263 0.05215827592356813 0.0697795034390526 0.04039864694376813 0.0400867750536031 0.057534283917271924 0.0737646313188484 0.06683456301004667 0.008906217964355883 0.07847132668719738 0.06534142302056518 0.0026620444960822323 0.06549826346811528 0.025146286495026017 0.04362420444375313 0.035037954767141596 0.06527454424808363
88 0.031017625989345207 0.09312090991907095 0.049238492333639056 0.017357301392490688 0.05737661787532851 0.029398740573450405 0.09275579260574154 0.03843223474170127 0.05653411006268636 0.10443232183236605 0.02611889461902475 0.029087030336032164 0.0751223071476127 0.04638449647246076 0.054060277824766786 0.04346921932188748 0.003113554091900591 0.0585837386173817 0.0887620972043992 0.005634237038714
89 0.0646466830343547 0.009219641434275687 0.03828547217617506 0.09608937228889516 0.06477304956544956 0.009624323811269419 0.011281809315033661 0.10036126238453358 0.09033267987353347 0.024190983851569696 0.06262061289671585 0.08961688303399355 0.055000593399295854 0.032385672241975416 0.038061609411079105 0.011135724368919553 0.03663657264776441 0.0885060161866943 0.06022433633215175 0.01700670174632024
90 0.05953804261514614 0.06589591736914896 0.01932635045179691 0.030320751767379923 0.07392968503437038 0.03624305547261463 0.037554251608252515 0.01404676167464816 0.04020561904726809 0.052780293085875334 0.026927590945035593 0.06919000724531724 0.039020468835240504 0.046788889694712 0.06358680923261455 0.04797626518093049 0.07601774250507558 0.07449632713744407 0.05198437550184866 0.0741707955952803
91 0.07075038272043296 0.013976875690647244 0.026902890160824228 0.0928794461907452 0.0488153675035329 0.06068822253949611 0.0926689955958019 0.046497471689115305 0.01931045784903607 0.04477048926824616 0.07899916143114298 0.014096219918887007 0.030740278554963953 0.07002067462356393 0.06631467470919568 0.051130963557068275 0.027774578278819528 0.03257464415821155 0.05256192181430013 0.05852628374596896
92 0.040515828285852616 0.039108167053961126 0.026262393943757813 0.021990432531634282 0.0592093735013958 0.10027718045312434 0.07918344857364265 0.0725524420023824 0.03033417448783698 0.05032603222628159 0.05304744097761326 0.001969579764256994 0.10156276554825432 0.005884102393502413 0.05325694758157202 0.0484942754212832 0.03263552749725422 0.0597591378508118 0.08839480942082 0.03523594048476203
93 0.009431842610870671 0.05447960683244397 0.009605037737551829 0.050183547296954345 0.07640001330376803 0.01281717807747735 0.06978374114589948 0.06706674916788267 0.0373024000372109 0.05895542902676325 0.08337396312900747 0.01137630302982731 0.05312156730333079 0.05316033788000906 0.029563102487849834 0.060586453121118704 0.05358956120546574 0.06782971446676483 0.07906977121120774 0.06230368092859596
94 0.0634565642250614 0.05386206652525273 0.06577211642634516 0.04548345271028179 0.07381571263153774 0.04177827781037675 0.05437396466574209 0.02070814022823475 0.0508699288768506 0.006501142486023298 0.0013719776853684303 0.0346001112564125 0.04940785837673877 0.07995863935860519 0.08236124981766983 0.07475170284093022 0.07793656772286114 0.09043685446012939 0.0322977691904997 0.0002559027050788074
95 0.08069205076498372 0.08200268894204223 0.049014563338728764 0.0466293284175163 0.02787968978590781 0.0677818021888827 0.06651411973548114 0.04137295302484696 0.04536681827865572 0.07000337959496906 0.04971128812557749 0.021205073287321817 0.03215563801799974 0.05662848623945815 0.03569653039007298 0.05801266476671548 0.035672193646687694 0.05201734416157403 0.021825370737987126 0.05981801655459111
96 0.04931798179767032 0.050701533785611055 0.09732968073169292 0.0042193750094220535 0.010509988159836454 0.02540995076848183 0.03210862202924203 0.0812982155975506 0.01616512061751071 0.05316133338076325 0.01928423387450322 0.06796083117548865 0.03346250645349773 0.06706404182942431 0.04102155843182404 0.0953340517574526 0.030993039877000052 0.0437860726630278 0.10190087417653133 0.07897098788346896
