0 0.017943420210604386 5.1603131620114256e-05 0.08261339962196199 0.025597361039658695 0.0075341462658002015 0.09835900627503666 0.07033561650948285 0.09835529007732981 0.026188299144386768 0.009152950741531765 0.0953804935191533 0.07104507887615344 0.078262329093354 0.07814777240663592 0.063901483946591 0.0002718077752008141 0.06374820825846449 0.05327604686507514 0.034814379071184565 0.02502130717077425
1 0.04313062278117585 0.09551315674914782 0.02626715882747037 0.024258299956224354 0.04736443985218949 0.019487001250271356 0.013006930344075626 0.026224148680092096 0.013011015746409794 0.0929792992860652 0.023279045581486336 0.03093606174250789 0.11759327056857342 0.11586867262830779 0.04077751939774777 0.10669959958788847 0.07278866920188692 0.048863818514016534 0.025503406004069147 0.016447863300393755
2 0.007913626538104047 0.026245215537753545 0.06925374103111755 0.11378828412475547 0.002223676055990264 0.026667804226023287 0.10251441008990032 0.07327324706518774 0.004797571995530195 0.015688538214753814 0.014387662369431762 0.11379577184702547 0.09988844869475795 0.03477207372534357 0.06722566924514786 0.11451771463714144 0.04739196635028311 0.019352278324266257 0.008101480893793324 0.03820081903369298
3 0.07715152845335936 0.04245839716410634 0.027180479794559394 0.010472542465570226 0.013821515126942047 0.06247839955433567 0.05308515416509872 0.11117212820481148 0.013893273311178393 0.08317900266977969 0.06042481086570519 0.023708624505085835 0.062021867609675964 0.015451148025461768 0.015442520320645352 0.10417465278889208 0.004925027930225103 0.0997832454789708 0.01882817992041363 0.100347501645183
4 0.059085344488987855 0.026492059599099397 0.006495370185574532 0.05412135896786195 0.016795070380273662 0.08477579212677143 0.088647550824573 0.10767369835804771 0.08491249235095542 0.053549995272700164 0.04222886452355297 0.07159638274704785 0.06467383569093053 0.025589285627621135 0.005338323382277872 0.014992872681299771 0.0550000805986015 0.08557607815324259 0.020274037057209687 0.03218150698337093
5 0.0169505280042599 0.04980468053897685 0.026967831767296273 0.014092969061601044 0.0892047537018367 0.07458580620485351 0.0007048268693208189 0.029236565688477413 0.078257196997374 0.06117062870134356 0.03696693208564839 0.06769542846285168 0.0518561868705323 0.08159854253054377 0.06167725004648335 0.03495077155441234 0.030950384169373724 0.07198935414347295 0.06270787513323295 0.058631487468108416
6 0.04414758926228867 0.0044568637790509315 0.05215139649871463 0.04135304836463629 0.06090317718702553 0.07944748456533723 0.013270938080967735 0.004075715675747961 0.09352213750750209 0.06307195446327957 0.09892476274138134 0.0018533298348724 0.09436825383206117 0.02857930971044465 0.0003791874188596042 0.027072058059224153 0.11030285860083978 0.069717624801343 0.09401852781402804 0.018383781802395045
7 0.007441015616861384 0.09118372218977447 0.06729351873864711 0.009333189813580594 0.07947858777852393 0.037965761582596944 0.08540724819717747 0.0487562941923953 0.05151772202062866 0.025300903494920368 0.03135297589442207 0.045140877839994376 0.1022513154037089 0.0056545011005136045 0.08211801433673967 0.011641445954938238 0.06889827536701064 0.06130689586584352 0.07509181874250474 0.012865915869217958
8 0.057312874740792136 0.084109136332821 0.03537239266179862 0.03487116076943955 0.005365578619439153 0.10136895012441598 0.06295316481706864 0.08507696597795841 0.001882686389909462 0.026622313342232085 0.09174583786388062 0.023259424927648025 0.008980636228808913 0.03394875385935194 0.1070697817810381 0.021442998755183674 0.008980161244824682 0.09452235131941003 0.06546806420334239 0.049646766040636336
9 0.07660599281105379 0.08013809187022344 0.047716094222883886 0.07401981647547795 0.027198144506694968 0.05113225612404259 0.025976684264010418 0.06770039927834927 0.0626072268237849 0.04866917559068084 0.078954566083994 0.07845281953561949 0.030728409728847977 0.024926873168526573 0.07323903421368624 0.04055155255709244 0.014418448625157914 0.07333649123260531 0.00015621671188787751 0.02347170617537998
10 0.020248104849477446 0.017060907389614757 0.051974525819375006 0.08487572347686029 0.0005093503461236205 0.0037158118647020056 0.09463226316176719 0.014646280648929692 0.03659794705454415 0.08464768428903038 0.04750469444240419 0.03900027060843231 0.09402809885984617 0.0448234347273817 0.054678752245924805 0.08409882396269334 0.06946952381456868 0.07927585474163594 0.06581159189669943 0.012400355799988787
11 0.05523222863943946 0.009581526486016465 0.08376665101963592 0.09386252136278041 0.05495249096396533 0.06514057399615839 0.039862855268361766 0.05329703427516593 0.09189824126057482 0.039186286753884275 0.03764427802318092 0.03251905384634514 0.04067710379813722 0.0390730755009393 0.06471017757694872 0.009599466772749319 0.019037234002214496 0.08247457636678959 0.015473973434815038 0.07201065065189735
12 0.04950740079808124 0.053422813228490615 0.042974159331551014 0.032497897771691785 0.025724178973922443 0.05695674046071679 0.023803424419749083 0.044585032046691515 0.07789360763226214 0.06337173368076407 0.005598083395508212 0.05700912570821275 0.07242150504528722 0.07430014653605065 0.019326339620233095 0.08130777573656466 0.07452934843807166 0.08047361291514711 0.04666659892303017 0.017630475337973843
13 0.07100455010559045 0.04534864532126337 0.0513004778804016 0.002205023999447629 0.05490737860620379 0.04888685395709528 0.051478894906441676 0.0177440030196195 0.09224660996763642 0.05532193937072368 0.02726298790538907 0.018446924135873538 0.10422099427813426 0.012001598842256982 0.05581046879754162 0.038676698282912966 0.04569874840629607 0.075717025837688 0.0793584942657231 0.052361682113760834
14 0.010637181739536945 0.06206305178496428 0.01526874177110037 0.07772200429985883 0.05134894019911344 0.03435902783802372 0.021090007408846513 0.07739355043058432 0.007246693182765654 0.08684571265903371 0.0595626870058448 0.0580489536317632 0.05892954318328979 0.03808653563142566 0.07622822227218284 0.08617487691819688 0.016329073415665304 0.016519852969916534 0.0746710779698642 0.07147426568802294
15 0.018482635915367668 0.0009584320993912766 0.08411106232945785 0.048333385679891365 0.06792490843917078 0.03913510662173703 0.07198939584339366 0.009713292281540782 0.06509281240357619 0.032237439987370005 0.0734599473152137 0.052070685867511006 0.03323949169785915 0.033065812749706325 0.050683769950547575 0.078506344737088 0.04659098769816397 0.06719414416529747 0.0723192355107181 0.05489110870699812
16 0.0968981078415153 0.08142344121577441 0.04083382309725489 0.022017905270284483 0.080531061498858 0.034711933196549985 0.032352130687197035 0.051042527242363106 0.06923041379113815 0.013993087791276436 0.03656757240746507 0.03141418517983092 0.009842971276760882 0.08731318153267807 0.08860437516661313 0.00995052130181092 0.04630555118952247 0.07740972944392008 0.030977068290729756 0.05858041257845709
17 0.09566432221699396 0.07804737699822295 0.08283172505776122 0.07081190668354712 0.031116612333830913 0.04055454612464518 0.06697714205034845 0.06323788158881927 0.049046665644083075 0.008606956863461253 0.005390289272508332 0.03540194156546297 0.08686296571898575 0.05335967341899951 0.014857583022996182 0.06718833831468463 0.035156267061922736 0.055661400287455455 0.035549555848565464 0.023676849926705577
18 0.07606873137089788 0.05450676557765764 0.047159523854770825 0.08629923339748215 0.008857216376668232 0.08160427504698221 0.06829486220749932 0.04785736962775969 0.0095121070125657 0.0707160853104194 0.0068336900091612845 0.005159616702229281 0.083529823551106 0.08260123680021382 0.05616823723998351 0.07709470800551625 0.0119089710032652 0.029235931055209913 0.019197669044676926 0.07739394680593496
19 0.021939489734663014 0.03975843361782867 0.039993205783613726 0.06065186603109044 0.056708939554085416 0.08737808903239985 0.008364833990086327 0.023425213881926935 0.09314946677303952 0.029046181223194228 0.0380115922957383 0.07200422019969456 0.030155514436435934 0.04854710801703154 0.05536950441899214 0.009561984423051699 0.08922852165176041 0.08552341655596313 0.07096429676962542 0.040218121609778855
20 0.08670021805093023 0.03568304511863764 0.011163465133046255 0.09044886614671985 0.06525097587430895 0.017075263083427546 0.023617380497490147 0.01827773765483926 0.07414453851552574 0.02795446682515948 0.09937103388818928 0.02886207772505419 0.05064483516774084 0.08077911863922889 0.09315106008791917 0.09348542481995542 0.008793910947365305 0.06106966187433133 0.00870194056311056 0.02482497938701969
21 0.06889406970840234 0.05402985603146971 0.08093523921649617 0.08452726540305051 0.054379993314570566 0.08187073127792191 0.002578116200884445 0.03298980341012454 0.08034995195998341 0.01940580352109429 0.03868625537565045 0.044776964551155506 0.06627455480784226 0.02904652830913936 0.053687540976295786 0.04875501842275896 0.06834344642585359 0.0651852291660055 0.011948217462932733 0.013335414458368156
22 0.004215650378445374 0.06727552667865938 0.01339802347376416 0.06679420992226104 0.08595049907111331 0.045608166765053214 0.026930046495263794 0.08593834388731265 0.09617000192044317 0.012413714388055393 0.009715821078813367 0.020808706088514796 0.0753943178375146 0.051148566263937725 0.09640080597066764 0.01469991573213804 0.1017233334602214 0.05134215569320298 0.013800385538761496 0.06027180935585653
23 0.03451748689436685 0.04522188763383554 0.08370575935112465 0.08037393960638552 0.02258154709277785 0.07340651029985928 0.053260806183555685 0.027673218725694473 0.07536140063067305 0.03338597349652666 0.05920037170712124 0.08246812162866751 0.04078575719010425 0.061952041694782085 0.007127357295486911 0.001958728606960801 0.050439303392013746 0.08497027664821356 0.07954139073653421 0.0020681211853161643
24 0.010281232255803902 0.0475341348631091 0.0477797752156538 0.027365569972984755 0.08810750312001366 0.051464529099347435 0.03481834092531216 0.08486470675777656 0.037761033602447466 0.0772624771491252 0.00593178192780883 0.03126964267854439 0.04570445312223748 0.008173855800800196 0.060485514787400496 0.08890569246066994 0.07957498696352198 0.08467912967516951 0.06045726896619036 0.027578370656082526
25 0.07527104337526354 0.00537870911069204 0.01638959802259976 0.0033285700000362474 0.06730242090633742 0.02012704571970949 0.07453617976883017 0.04382462969467191 0.01406500920182802 0.08956456743482653 0.09663693609629499 0.040509200356039415 0.08075027372446009 0.09443447786114499 0.025237809266478988 0.07107916107838115 0.015186937123404003 0.0812949975701849 0.06105680002108101 0.02402563366773523
26 0.059272729639532784 0.06293474754503592 0.04013553448792575 0.00037566075797287565 0.07319394671368679 0.004684608158338312 0.09703179163924439 0.07921778812935269 0.020338905207081974 0.07716168670341106 0.08337450409347531 0.09146562865310981 0.06985582113029198 0.0044598642853287684 0.0359233432970692 0.008008458508133755 0.09262039474558023 0.07209972025252892 0.018413696420418367 0.00943116963248105
27 0.008133150772494921 0.06894651629226842 0.09514224292443269 0.06986461959518707 0.031624597734893095 0.06722030700316041 0.005674098601408458 0.00583090350181705 0.07510536984111753 0.06947889559299324 0.0900729319078858 0.011350766960363171 0.09726277286839917 0.06788882561087908 0.055569533817388335 0.006583816912065566 0.01457172107490341 0.042250811501340566 0.026027684617074266 0.09140043286992765
28 0.03712215467490861 0.051188236101394294 0.004464328702757711 0.044618078352935506 0.060240206309869745 0.060830179690632175 0.03552618865167562 0.019266847695205248 0.07201306428803689 0.05265177360951516 0.07189030424295109 0.05308925070525184 0.031256949305382226 0.06379104787346015 0.022664515394580347 0.005128433217017456 0.08883567695341914 0.08628550175792922 0.0834108189553519 0.05572644351772555
29 0.04303881602233529 0.04837833097791409 0.08207745484279104 0.08246106355766601 0.0020490262916298824 0.06255802983044183 0.07602440293099419 0.01888235955168726 0.06336471834378325 0.04118912684440972 0.07518078813136296 0.026500203323505726 0.011185186556895961 0.05785791614459132 0.061499819875732664 0.08656330409143831 0.0045127541726558695 0.05367326756231252 0.023902279527664473 0.07910115142018756
30 0.06601549567171226 0.08468920236319528 0.07933969173330264 0.055762379942650146 0.059945145290066164 0.06183848777746935 0.008692839267527843 0.07019622811131943 0.06780903675217718 0.004636663808116854 0.032544220688128886 0.011174814862584292 0.0549268707952429 0.06800223317718172 0.013905583958954389 0.06161886265201511 0.07766904771792461 2.7098027932809708e-05 0.08436928407637909 0.036836813326119
31 0.02256094141794233 0.018612361386357378 0.09443327288901102 0.10808826342067186 0.019734226404564882 0.09139113048074061 0.04625065718146282 0.00442562567973182 0.058075732947789775 0.09158628352680089 0.08895799973387619 0.009043023623584933 0.01619522894850458 0.02747041309054243 0.0333118249679319 0.01059671247222066 0.1073398500153432 0.031471544945021294 0.1019940150765203 0.018460891791381155
32 0.03850663962945636 0.08675587580521413 0.024641319205189513 0.07183251416676734 0.017050342530291415 0.08344188755908959 0.06616868122085594 0.032866341240588334 0.030696565126433633 0.03850970075967719 0.03298291776090066 0.06693975463256986 0.08750386022437234 0.018275019873804567 0.08035733864834664 0.04676302672055108 0.07315723843194746 0.01953441077206879 0.041846885574311994 0.042169680117563245
33 0.08378312343983145 0.061502501953916607 0.0020080034286821835 0.07653575409800167 0.06641448647611596 0.07947986638286238 0.056058828726545634 0.024495840020541466 0.028858009191537654 0.018412020960635794 0.04597564251766278 0.0689228418161945 0.013813972179794392 0.020136197661353328 0.06718258973393762 0.07618717059034961 0.057663066067892066 0.04135115941823508 0.06420874174563346 0.047010183590276325
34 0.07748288231117874 0.005921764927296001 0.0482605576750232 0.10776133297520801 0.0963462360573482 0.026630753010166916 0.08314960770336517 0.0050492528529786675 0.10512337407890064 0.005684946098211353 0.06374927141620029 0.01921118450692793 0.03403501137361913 0.000185843972304038 0.04798066915465557 0.03550830946274762 0.08693725249921325 0.0087948562019681 0.049413581846873555 0.09277331187581353
35 0.02617932320835403 0.0069450160081676576 0.022339940720656575 0.058650148688918935 0.041434183141871125 0.07164211887676648 0.059859880051234694 0.07307069286109262 0.02177761381626038 0.033043458694928675 0.07197238555143692 0.08952694579145348 0.08380208856924914 0.01768504461167986 0.06131264811796456 0.012174867589959589 0.058010896160042624 0.06582705863727042 0.04093530089194808 0.08381038801074411
36 0.07804028339602725 0.059265681283712165 0.009380819537329228 0.034882979786898624 0.011830617588996442 0.05304311201323464 0.029808853821064414 0.001585946197832161 0.004814711950801192 0.08000017771298928 0.018926633351956584 0.04680939934059362 0.03104896844392137 0.055306163583179 0.08312112609071375 0.05648495825142605 0.08782954945890614 0.08465179209268472 0.08948026250713387 0.08368796359059959
37 0.09696457027199945 0.05738432245234778 0.01099838121030485 0.06003497643027686 0.0784129102304317 0.07499107735944362 0.02716551860473089 0.035707543639998625 0.057469132845837705 0.0571557978348433 0.03589910740554637 0.0856709033003862 0.06859136478629631 0.03606778131384646 0.0006588247101369327 0.03460782789229436 0.09780535485800193 0.010099928894356817 0.05558083218226715 0.01873384377665272
38 0.03187672426659659 0.01208527120734001 0.103610521456446 0.04358341966208223 0.09026412329346314 0.054215867458485556 0.018195810757823342 0.028463778837573096 0.004082980880570877 0.10312796414851426 0.05193833079043094 0.0031221454519729354 0.05766084286412401 0.037413483236532964 0.09761999599369482 0.06561540981246225 0.05179737403794186 0.01715266483970494 0.03132994346593288 0.09684334753830734
39 0.008725198926638396 0.009323327161379341 0.03955520465727616 0.08055961451168221 0.01577730860750203 0.08996491993578559 0.07028701125829882 0.046040869850412905 0.03653915072174162 0.042748437889189875 0.0813545143822501 0.09119577708545411 0.005775418636296237 0.04737696464583321 0.08037681244197176 0.06437797893932355 0.019629096706279568 0.0757830193428765 0.06856461234605386 0.026044761953753864
40 0.05945598798337776 0.026079693609996426 0.019303879104086277 0.12221881148558894 0.12041770257889368 0.005105600949213796 0.06478282407389764 0.07225567913821257 0.006007339699235614 0.03891288062536821 0.06555484437842586 0.0038663372896237946 0.10639677809655185 0.04887645749446837 0.021263351662190896 0.020982861259381775 0.039096141437012316 0.07394045406646646 0.054234154954900804 0.031248220113106833
41 0.06875489133205158 0.046397172081971756 0.09226411300455267 0.0014173002342350914 0.003401290454709349 0.04551400762293013 0.07055958533142749 0.054025476932559865 0.0765404515772649 0.09224883797398764 0.022234640275237836 0.07281881277750918 0.022644661378168274 0.0208222766423264 0.05497437507989975 0.02724993569195583 0.0849207616490922 0.08148999058992518 0.058742969587194604 0.002978449783000064
42 0.03664618522974044 0.08061810598599088 0.010879058146875271 0.040852883453273814 0.09900569465722991 0.07863553857117632 0.02783224729164062 0.03209705889820168 0.07174797334320547 0.01380589474092895 0.003020210355625399 0.09730939896818054 0.03952563075413319 0.06025488542953107 0.053447338119576956 0.03452261598798932 0.08518449186181618 0.017653077605443167 0.024068277018264937 0.09289343358117591
43 0.05165405194069092 0.0711846351250841 0.005371770853867927 0.0532924424513189 0.053097378314009985 0.07237160551568386 0.05398420489954521 0.039436866898003596 0.06287611146433633 0.0413849718242236 0.057378132777964067 0.05365488621558824 0.05102173328757161 0.04358552474633136 0.0533100039499868 0.06148599841166479 0.0513420168447244 0.044179286357236086 0.01736703021079492 0.06202134791137318
44 0.05083165027793268 0.09061397863978268 0.04526739345614019 0.01686564733683207 0.09179861837510744 0.038621560156812035 0.04020976759764534 0.08425536382492699 0.023624899127039318 0.010025630939104153 0.08132086932930939 0.0762787809343149 0.03869908651584654 0.050637934006250135 0.017298940357152272 0.031032099977250323 0.03651382157239689 0.07331559218723319 0.08209827111263929 0.02069009427628409
45 0.04644878468161229 0.0822332444681685 0.08849755098868951 0.07096743869108113 0.08916102402016382 0.05003132070805844 0.0019215319463987237 0.039162031383561675 0.017505661153729035 0.09405353124714277 0.07725191962419412 0.023288711902085486 0.04051497034233336 0.045912452759344996 0.04800410841866833 0.08110182811327644 0.028987777964131087 0.06337875629626351 0.008003970236999112 0.0035733850540976726
46 0.017530503876457045 0.02860447377598695 0.06026019998868309 0.049362074043312776 0.032285662761973706 0.02278910057372082 0.0475286297690941 0.09102261168556881 0.030626103653737573 0.005117444446927609 0.06961838119296704 0.07263466085169197 0.06186321268722756 0.040859008760267455 0.017567118153859983 0.08419971168184465 0.06808474556942327 0.027724590430376804 0.0886026055134346 0.083719160583444
47 0.07797623420002132 0.013685240416975174 0.04618101526431982 0.09597912904298583 0.08778284073525226 0.009188636117914277 0.02978616272336106 0.029559061417113487 0.0688687810507882 0.008411386106703396 0.07480689761362562 0.020926722807369628 0.03309784336262539 0.03721550251532286 0.04849072098944691 0.07672096360899036 0.11138712243949316 0.023513526379936662 0.05716130294746819 0.049260910260286284
48 0.007750014390615685 0.07488435668173564 0.10774455322440102 0.0834550042148743 0.08813074618294639 0.013406118935580373 0.02279531212878399 0.011787295093874165 0.05834940521374041 0.04069000476133642 0.05218040133990189 0.04172263432659065 0.00701127641761499 0.000357371561333939 0.054022376021269296 0.054275627373218824 0.08696512904932616 0.07157544280513156 0.06678621942840147 0.056110710849322946
49 0.02216424937377456 0.013598018503426922 0.010420128803334774 0.06573187346811515 0.016031475286135972 0.02611757036637874 0.032853663606617727 0.08354557081374955 0.012014495623639106 0.07738806669419453 0.0973662036729848 0.08908883945954682 0.000498976495193366 0.07959278143165306 0.10211904235631845 0.0710480072850082 0.0247982464553501 0.08159265113909471 0.02681046912997343 0.06721967003550977
50 0.03894891594438531 0.026524749598496242 0.07950313325379986 0.0763006785429868 0.022361538892720988 0.09102241343388932 0.06263170444208063 0.04283669739100079 0.014745312332740231 0.03315354566986768 0.06569143164741288 0.043721986776446245 0.08284050286086181 0.01610727838629333 0.06390606311347084 0.0543281578240096 0.07365059723360623 0.013688549155637348 0.0538472755629322 0.0441894679373616
51 0.08166387530453041 0.09203964155168518 0.05807306493376285 0.04452429822671252 0.0009737670319339695 0.08909208197923209 0.004233786791246392 0.06931037399401498 0.030037696735009254 0.04972248426277186 0.004662677301460351 0.0139810044289159 0.001312663613030183 0.11725578601556766 0.05397615983934213 0.046112622086288794 0.007200752263434763 0.08040401132938889 0.08794855531203617 0.06747469699963574
52 0.0383393382652048 0.03259104581027224 0.07369536787414656 0.07957046320860683 0.061823335595513645 0.00727898085727205 0.010204284090033175 0.05951365095366626 0.043053765050351286 0.03090340487405636 0.023008879609360943 0.054585997739669566 0.07802156074719482 0.07179098079032657 0.08469129808177134 0.09871229258601773 0.06877463566513173 0.01888899523863685 0.05597572399686946 0.008575998965897825
53 0.019506077468296235 0.10647763508960384 0.09168226069322385 0.005301822056949061 0.036911145975465506 0.006075225436106622 0.09574710745311645 0.0024326474587392866 0.0236921086444389 0.05137692815573926 0.0998725062176344 0.07091708953754204 0.06412222430461309 0.07153286883136305 0.015366535115536338 0.06527366801579672 0.04262244600715285 0.03247916644547302 0.09798305925586215 0.0006274778373474548
54 0.09286854839768577 0.04825340151612372 0.10470837757990994 0.030364060148741805 0.02579043274611743 0.09153214690273571 0.015299253598285694 0.014965514786022061 0.031865169112944736 0.0987650760156075 0.018770881149547846 0.06959300182125092 0.030174752727614166 0.07214527619920577 0.0054467333904755525 0.04232352549748768 0.03092653944262403 0.056923106596252715 0.03285313027317443 0.0864310720981926
55 0.04325855409409151 0.055662629841013306 0.017119016660567775 0.0569090833541362 0.021173025288920375 0.045947906494983426 0.05187830013108868 0.049063414389207124 0.03429724816741278 0.09004628015504476 0.059010239318425646 0.018523273882416865 0.02039721993002817 0.018961394584760073 0.09159148118077604 0.08718766068767511 0.08352241273266621 0.09656570393283546 0.047536476860094684 0.011348678313855673
56 0.02321042473604435 0.054141052800158004 0.0794183559662378 0.0033565732421207673 0.014135946207453147 0.08154053281519641 0.060626288563102135 0.009289117276524041 0.08224540046667368 0.03264723628779999 0.042770317312307425 0.05168527363905824 0.08275393678652875 0.05919835511422356 0.06544520984103026 0.056529084940303065 0.08302205682612142 0.05121076043962392 0.0006743204242836992 0.06609975631520952
57 0.02779672167079854 0.005908507826842184 0.054429323356896646 0.054933598243047874 0.06782300529548364 0.04848826257126458 0.04288111883458798 0.05057085822387598 0.04695575391268347 0.04244297193375319 0.0029510174413017675 0.07799608606732639 0.04301386097952844 0.08080813752544999 0.07134953009086571 0.07436775952629102 0.03366170156445546 0.0819105685214197 0.08335401154356208 0.00835720487056535
58 0.07554528478828262 0.0024285031218856997 0.018604788765754752 0.06036253762173808 0.10087486385782064 0.04527966176373409 0.10926496292057984 0.04680468021519117 0.04754134704400508 0.03731673820880181 0.0861869818675425 0.06862375265935378 0.024608244296437848 0.01575853964349402 0.027261024692563647 0.018361659292192713 0.013372068714395178 0.10487183039440251 0.003681353611015336 0.09325117652080875
59 0.07412028102585821 0.08689064158913802 0.03032809703532899 0.07955531190332654 0.035556508647995 0.07807324932381587 0.07417159974765361 0.0032567482503682303 0.042260024489389314 0.016565992269526122 0.030090764840333656 0.03198189581575779 0.056340894798040386 0.0038171605703405842 0.08204134630746242 0.06415298001275554 0.07204656570823982 0.02450505985701033 0.08752746661961845 0.026717411188041124
60 0.08911057454977998 0.07367372156215211 0.08711019558929091 0.0658653184532851 0.09379080731547615 0.00233091754847443 0.09530817146185831 0.017158965886171888 0.0370725707407626 0.07423446588178975 0.01714814162476998 0.009199768619095924 0.0023938176733740986 0.0774453049419469 0.0735742523305302 0.041529782771370545 0.05185863828917384 0.027386324929973567 0.048257285549987414 0.015550974280736159
61 0.03043060753423198 0.08113538642658767 0.026563183713200014 0.08033997632414334 0.0813468040374007 0.08620572199251356 0.029112395688799992 0.04018136090773341 0.042689663299492905 0.02432503617786674 0.04519655726984602 0.09113579767313745 0.03278518725676827 0.06336261096598976 0.0004302032291122389 0.06198691136796297 0.07031528780197975 0.08076634796667763 0.012819336819703752 0.018871623546851703
62 0.06410104661675774 0.010557439663855903 0.0338685766590941 0.09836022029101428 0.09491846459439927 0.06805166551969889 0.0003899352270523556 0.09393379072962281 0.060336032010312346 0.03935086601397858 0.0042237408615628195 0.030839582211878214 0.08031356921083777 0.066264785699485 0.07026233021390818 0.06129952524498679 0.005438247769802056 0.029258693776530398 0.05951437921697982 0.028717108468242405
63 0.04939090576911697 0.02973529275849272 0.05145502621342486 0.04496573964354541 0.03399642996464959 0.09466051320952931 0.010271866865634546 0.08015993116911556 0.09625197984721366 0.0028733618692735725 0.027506670021880297 0.005238110536150657 0.07769245955524717 0.10267173330278724 0.09942660158554537 0.013189939404638473 0.057530748034725576 0.05736905246233538 0.04790449073212304 0.017709147054570596
64 0.009679364712828972 0.05071953045684975 0.008476810318728002 0.0924493568210523 0.005386285178151889 0.038465098058813464 0.004908540949635592 0.07933130473192825 0.02676896915291238 0.030709982346636466 0.10177371469826832 0.05153036438693096 0.07601742620742961 0.023115524182094106 0.09920397011202614 0.027991904858833037 0.002156300460090445 0.10225487140524073 0.08084223158614515 0.08821844937540456
65 0.010250681150557306 0.05718276133393303 0.042670161850269554 0.06626883268875393 0.06448270428390135 0.05312738851480026 0.09829041330557625 0.03510337079370123 0.08237033525881676 0.036416856808112255 0.0048903078425094676 0.0467430341101744 0.04041603593541163 0.06854799377558655 0.07094986138701165 0.0636946232829886 0.038803752116648944 0.055957897114674776 0.035097296891449435 0.028735691555122525
66 0.02412094288059126 0.013186363510587249 0.09724780468158828 0.04625159030547702 0.06707712966137133 0.05201123295884438 0.011848617226920731 0.04287339648339719 0.0009425095550609026 0.06699606313250868 0.06322559070439848 0.02956094827518027 0.09013143450645934 0.10458676868451673 0.050723585925292226 0.09458153432175605 0.03417940703582197 0.007511702158327547 0.04954757830582518 0.0533957996860751
67 0.08625174807821882 0.0551912412180814 0.08443347001340949 0.048791635724679525 0.02254865604543879 0.07514561378287554 0.03187041242055493 0.024313522017654694 0.0380626321705821 0.0827620109207865 0.0739964859981003 0.08115388525434962 0.005878953446320869 0.06725656948039203 0.049166022865469006 0.06840974280531048 0.040893229848282635 0.009485674803822607 0.03863913247772319 0.015749360627947486
68 0.07888506401135038 0.08896704944759738 0.033216329739964794 0.007960182457994356 0.08654588319221318 0.07516281729545236 0.0705911292540381 0.03732789272335297 0.028123963426217834 0.06852116753927323 0.09138053563366977 0.0487491094786906 0.007753823171781029 0.09446654793060753 0.017363536301549652 0.00853088335341954 0.003071644297907261 0.09685965708190168 0.05231359214914972 0.0042091915138688756
69 0.06551979782438717 0.0677225862595872 0.07830167729933159 0.03570780843199323 0.06660247875794262 0.07425131983603409 0.05665574777289993 0.048329951309215996 0.055967805935593244 0.048207452343641856 0.05987696184852279 0.02060295839499712 0.033090950917919755 0.05747170336385473 0.07280513201547557 0.061891341242943744 0.004559617722981733 0.002833147185077931 0.06722207462538933 0.022379486912210297
70 0.00961059200716046 0.04961373604964506 0.05897562343612276 0.08066463722306441 0.07102709603073144 0.01884312804091418 0.0012690201980659417 0.02050770478567621 0.018209580142873803 0.08560815385163446 0.07672289435867671 0.06502376319663286 0.0662636736452169 0.055534542757059574 0.06121424557963632 0.0899131230510498 0.027341691724951135 0.026674271409588616 0.02605463450607121 0.09092788800522807
71 0.023529913387028027 0.06587944110408667 0.005012480975239786 0.07616781267539725 0.07132818610513354 0.07067950166675098 0.07474440828897855 0.04105783885333867 0.07550862432701813 0.06543058279682337 0.04700345311988464 0.03225839559794304 0.003174793387535762 0.06764515916432194 0.06332095945659662 0.062447488381777806 0.013864712729967867 0.00715193499123965 0.07035111320943599 0.06344319978150174
72 0.054402398192516396 0.08789655118578027 0.04037353069275699 0.03929550284416681 0.038181817525990557 0.08003242296442255 0.0018132698485255152 0.00561656665318281 0.0333131163126313 0.05798922878646708 0.009490679492946267 0.04716809053857683 0.03846879994979403 0.07662700333269745 0.012136312639072087 0.0927052871186117 0.05542687567708911 0.07278473853504798 0.07254779905874044 0.08373000865098403
73 0.04918075062755383 0.07594142096909921 0.06868277972223988 0.05015791719040768 0.012720888009703208 0.04369920404734361 0.08214246678025157 0.049375317697066344 0.06040812083263563 0.017619503507939283 0.08213965066921709 0.08137371044167307 0.03332011136809696 0.06762594617306929 0.05995788498031169 0.0012536913488774679 0.0727992084613332 0.04126150826716696 0.026798460820703373 0.023541458085310576
74 0.017006620882710124 0.04292218177304194 0.01688109899034821 0.013909576565636923 0.10281568399895481 0.05203489027343467 0.001956856929713164 0.015965874157588166 0.05639022262452091 0.04822788040837074 0.1062337273377819 0.043544424186179924 0.06701633975951905 0.08247675103146591 0.07034277212611198 0.015089153020661631 0.04150993958974206 0.08484046401937355 0.0687958999583758 0.05203964236646857
75 0.08820927610664152 0.031607100098636993 0.09984132739477034 0.008451712122918209 0.0322090694258966 0.04573476826927931 0.0188207737390068 0.03612892269073088 0.07908115770873492 0.07173339609847748 0.06813113750220554 0.013398214098313216 0.061084689873190684 0.012126260536026032 0.020647078444230332 0.04367594341345102 0.10005062403868709 0.0634858410457589 0.049736825997112946 0.05584588139593115
76 0.08302141409585773 0.06637195412820605 0.013786032955985785 0.07084302979072626 0.09488455888496886 0.07803216132183716 0.0018484726602365589 0.005892728769638411 0.027702225285459896 0.012249163424878525 0.07561653195744611 0.05935572869084911 0.08686105510497592 0.06201695969508655 0.03790885879674607 0.017263650926534948 0.02210973903781325 0.08266347344032421 0.043612893574418 0.057959367458010745
77 0.025582123170053473 0.02953312341255668 0.07953364226582796 0.04941431774485831 0.08282739610357727 0.08276277993069107 0.04048817744838207 0.055651520499413104 0.07767197340249819 0.08040405588504351 0.08886227888801532 0.04207931905782561 0.07623369999879201 0.026599544317817334 0.07335780535732651 0.003617139396177793 0.07139320858847137 0.012034985851690588 0.000386740626520555 0.0015661680544612933
78 0.02819405556234195 0.012704249023105001 0.04104894790452242 0.09776894886311216 0.08643069987433977 0.08837718896833893 0.033380534368530286 0.06301512989659536 0.06052728801475461 0.007074109461024658 0.08468914654271832 0.043184471127778935 0.010350242020335567 0.06818456717073791 0.033123882792515935 0.014625762808873679 0.010287211800595716 0.03296524597294167 0.11114115113910493 0.07292716668773234
79 0.007780674732616064 0.09267975477269132 0.017067001554189123 0.059918211532378945 0.07910879151840754 0.00752673611060585 0.05916706204612063 0.0026567862120142486 0.08821848756817988 0.08120037843368315 0.004957166722985763 0.0708931669261137 0.05223343552561369 0.03660916255379014 0.024939751371594588 0.08308806715712835 0.08023836961057533 0.06550781296751948 0.056221952807952676 0.029987229875839336
80 0.03493371693893772 0.04160931138828017 0.005994150758184894 0.06588695853088476 0.023421185500627276 0.08738224505139405 0.0171893913987661 0.06347539272008103 0.022878075159688267 0.07362259065291148 0.00926403847163493 0.07650679464081428 0.09701186470265723 0.011085648133606216 0.08651949343297079 0.020101431420589667 0.05015112883623712 0.06905310704282068 0.07598445935965954 0.06792901585925376
81 0.05473022553093866 0.0692545382802722 0.006473553561094953 0.057072485344676405 0.013077327258850394 0.01026791651843204 0.10234725111269795 0.024374439899087243 0.04526509654565219 0.1076606779584338 0.040317886796218914 0.08682589351497512 0.07731345144503882 0.015790794593298494 0.0033580132497128853 0.007562393720729316 0.002457185079142247 0.08325210114911884 0.11767446716497756 0.07492430127665202
82 0.04971369963450712 0.040615838156903526 0.008588579300697743 0.07941060422020164 0.04898279776958954 0.08294909269857556 0.0663284133481749 0.09484552048124881 0.021846604240188288 0.09927161963250254 0.05630407186487639 0.03501312161142353 0.003898828552493797 0.023329650768142186 0.06896070999226345 0.006534967152660677 0.045037364455519195 0.08768615862611356 0.0751988880634909 0.005483469430426951
83 0.027695210978088112 0.10733755040721446 0.09642279900691836 0.027991335965842686 0.04104167370577462 0.03800441130793365 0.028301906515513793 0.10485447491656484 0.01725881488156063 0.07464495947663928 0.0406296697131748 0.10955100460346864 0.0005551531073588403 0.04082829203703445 0.028937422420537713 0.07570617220425045 0.040018774979694964 0.0030349597005777103 0.004833821293278376 0.09235159277857359
84 0.0905594139363807 0.005546655572492869 0.05954806512327446 0.025076286039952145 0.05936657031941102 0.08181800612918601 0.008241477923552345 0.09844866697479934 0.0638217394872842 0.00035840733822906676 0.010219861723189668 0.11049848541621025 0.09915760421723946 0.09014810774156691 0.03408848485479982 0.0026910413239160332 0.06935459864862908 0.030137810695676826 0.04091490571791334 0.020003810816296475
85 0.08807873690823878 0.0407496729697978 0.02621046070004125 0.05415511310970739 0.031971187111638544 0.01760614406810789 0.01561016525555029 0.050830632631470314 0.012947915775746712 0.013369356271916582 0.04049499449091878 0.09884203756547226 0.090865044950163 0.04991312146294154 0.061624393118816706 0.04587663469983229 0.0964093257759168 0.09116996647864893 0.04838197591578676 0.0248931207392876
86 0.054091082863433115 0.0595193245616215 0.052094391059956086 0.08258926054803126 0.08404293944013405 0.03623471376064145 0.03370578102013155 0.004574051269067863 0.0862494064511938 0.09596797107183148 0.07074058951250287 0.04704082303565035 0.011641134135455648 0.06654419256094464 0.003186642882250799 0.06116329771595541 0.017342516388648838 0.02007558291334301 0.09154761550574342 0.02164868330346268
87 0.062355730202880696 0.07818790867042476 0.018665392806285007 0.007656745006759773 0.05293727736852161 0.08443595509893866 0.07067241531237728 0.08989720434913363 0.049126465934849164 0.041875839539739314 0.00609713594235797 0.05822127306183322 0.04412960817769649 0.056459439198276964 0.04498478125432799 0.02648968729565492 0.04568704726660048 0.044719156400550714 0.022776021858866645 0.09462491525392447
88 0.05016948490560471 0.0980776729145766 0.09135916604946051 0.05699150053141657 0.0023144777926625425 4.787983505617414e-05 0.017873409823246353 0.03674389017720291 0.058172370505518524 0.00778315908711286 0.008368586146427487 0.08701081003918225 0.07952682879906983 0.07320167330955642 0.11176545688017879 0.05624553690692571 0.018319928707030125 0.016453319030920916 0.02064781043937767 0.10892703811947296
89 0.07908877159371977 0.0380717693500953 0.036225989718543156 0.013464128065496205 0.08884756815176098 0.06937896194561323 0.03055914930741827 0.08724947355408681 0.016702904129656304 0.06198052508760316 0.05211351438607936 0.05529289711507054 0.03898162872199665 0.034655686720904154 0.024158498027191302 0.0816365589235367 0.09300904443803294 0.01739607751408762 0.03302642335154979 0.04816042989755798
90 0.002627568061995636 0.07923935730980658 0.0734719485857231 0.04546350629819237 0.021052999642826017 0.07910602431237915 0.04566470254489527 0.05940520961637722 0.0849158346987477 0.007936817157788968 0.010579747409453102 0.04088710807630179 0.059753053116921265 0.04928713351145491 0.06536873168989216 0.07993697425646608 0.07544703077309563 0.0647034024024225 0.04217091378532482 0.012981936749935594
91 0.04177492697549113 0.007727985795681191 0.013398503358040537 0.06459021683680612 0.11442974154955352 0.045958421372757886 0.009433027996628766 0.1077421017702957 0.0643121158684778 0.0381748925315673 0.09055184516363128 0.01785822622141839 0.04291284644526371 0.07841092387764258 0.09030112278821803 0.0543580866401253 0.0456505805414314 0.0019414278427065433 0.05347706174448513 0.01699594467977766
92 0.0935877955890307 0.05747082088211783 0.06701834377867422 0.04289674561018203 0.08323307386297846 0.057951862750508676 0.07193583853383426 0.029181213472948827 0.07312563038696514 0.05092988024118348 0.05531389010297282 0.027640465578839823 0.05384702123113908 0.02316678249857482 0.025060312107365115 0.037497020164434826 0.011792232868646235 0.0421483676708786 0.04732382273704371 0.04887887993168125
93 0.05051119343672337 0.02227056094103353 0.058941789287892524 0.006463714343485913 0.057008347808406294 0.028751271937886787 0.050699615805629546 0.03483928347922867 0.07382806704865542 0.07177690026121276 0.03913820633925463 0.07405923432829913 0.06612856347024734 0.07201417648957889 0.0662190538510779 0.02561631457489624 0.038689243754856446 0.06196778600605353 0.03369571071651247 0.0673809661190685
94 0.06066013339353878 0.005666887590605663 0.009062456119212026 0.10442104958522958 0.05319957639238011 0.06388226673559651 0.07767231157743358 0.09107549136055249 0.0005148314804217739 0.09811987301232186 0.06047145260428229 0.03382770809551189 0.0660052744150553 0.07369700148584829 0.012514278510965942 0.04350236674373277 0.02812995520447676 0.02061287912386681 0.05371774188649928 0.04324646468246826
95 0.010512699439815889 0.0554812751391181 0.060232364486534705 0.010701586646749008 0.043643215898209194 0.08322914216410073 0.07835767168699401 0.08654632942592208 0.02074557761461655 0.04261042337022469 0.02512138918148931 0.08615076669708485 0.06431238817358449 0.04146676782413493 0.06311386500040868 0.022550903900379764 0.04408480580186126 0.02491747606754906 0.061961570947090594 0.07425978053413197
96 0.028640159944595553 0.06896795021953141 0.06427756951163655 0.057871987602378924 0.0061000061000921054 0.016996030924592682 0.01719704128999374 0.08888942323604147 0.08388288402188182 0.028942843232496684 0.050018034898052705 0.015250672164552326 0.08153641573759214 0.07407709458115362 0.09203854191274924 0.08625621041369365 0.09622361846161105 0.02385956666649256 0.012333623489644927 0.006640325591217112
