0 0.11434657005005847 0.12951985810018962 0.00016598828568875024 0.10758664031250914 0.03349837007598594 0.0037227259218560083 0.0006204559549582911 0.08440058702402473 0.012329105659294196 0.022113293867339897 0.13350214724484952 0.01895990816824281 0.1319405361586312 0.020607468800231774 0.02278604534593867 0.03381175918665894 0.0394862395942465 0.03460165368067971 0.051339121198206814 0.004661525370408776
1 0.06698186851680372 0.072566866637623 0.05455611767204913 0.04263962936865825 0.02620105376537037 0.055764382761579454 0.08247855065933477 0.027088332946345696 0.04031360742554135 0.030825431856766408 0.02679687531905425 0.02177163130298125 0.028466532556215205 0.044566272906511356 0.06542744533095042 0.06983905596223824 0.05323932685341836 0.05115040891958749 0.07090595026445584 0.06842065897451512
2 0.03059501648408482 0.07062043120215132 0.09040438381748263 0.04317109831740611 0.0783066881654465 0.05551430473828251 0.05058155492872981 0.021619216161100657 0.07305991617831348 0.0679702386236934 0.0276829201222646 0.07540673013616704 0.012370931746538376 0.032389770776197924 0.004964117692210302 0.0821684810752331 0.04256068246777322 0.019205770878557217 0.0708480349134958 0.05055971157487114
3 0.07980559420634405 0.001852021361052613 0.09042472850351882 0.04579509476558011 0.02368161619767242 0.036886201494745 0.0735861322991002 0.010101961671695185 0.015767044651050516 0.045954836424318524 0.019999805918510232 0.0876283974157563 0.035091277885709315 0.07889329091074922 0.029027979610850997 0.0630307779718436 0.08302806749852916 0.04504469768167625 0.05257323577791182 0.08182723775338564
4 0.12613477591899322 0.002912027712844685 0.09575518538266306 0.01360143846284364 0.019527788780366838 0.02046607536008734 0.01364454118065589 0.02071974975302636 0.025170294129728682 0.08860796364920002 0.048085419177266525 0.055687847606965164 0.06294798818791221 0.031145437962178238 0.04566098241871737 0.09931525652825798 0.04402380637584381 0.11605953231050638 0.02141251467288868 0.0491213744290539
5 0.02944298143513734 0.006552639286303294 0.060346260918672644 0.0728522968757525 0.037240017382474754 0.0026057624533649747 0.053149620543012456 0.0500165369076084 0.07556404678391006 0.0005144864283761172 0.03837792804363845 0.05758352291996484 0.0742642850363764 0.0786119190209438 0.07786867041488647 0.08131385339808572 0.03950702067417938 0.057988416605067344 0.058809183994643015 0.047390550877602015
6 0.005758771259889758 0.07453384187864591 0.007954774261723021 0.07930869446146792 0.08607404308417883 0.014891192805104429 0.0811218543252188 0.07230871704542913 0.053214883801082385 0.057795882341162994 0.0855914834767665 0.02512940718784507 0.0008489978842055447 0.05206430527538064 0.018782150326080323 0.07967296307565946 0.02310055742484598 0.0569884617832469 0.0860545949724829 0.03880442332958355
7 0.04540956470170549 0.0027158155919050726 0.04086202062574624 0.08805917664888645 0.02859544145267287 0.0803679857923156 0.06866446709674202 0.042470367220369704 0.030201593408006475 0.08969416643655244 0.011614386419724674 0.061282920169701494 0.061258502540561345 0.0697544083513204 0.08993148209393872 0.0003831827165182492 0.05652853998675332 0.07074256080930923 0.03294966167226622 0.02851375626500404
8 0.050720033802817886 0.0583080491209689 0.031249057587813597 0.05652805515117247 0.07792337294069616 0.07168036708388684 0.02025845327087992 0.07852751091641437 0.07883282456596179 0.07802340948166159 0.02149937057816475 0.03245217018032485 0.03741142464198582 0.07012063530201461 0.004608638747044019 0.01338694577364454 0.050388608754795804 0.08857592459364409 0.012399847631535456 0.06710529987457246
9 0.010787105420654775 0.004344437796922521 0.09353921631880809 0.04541857376321182 0.024167032507888868 0.009805234865249507 0.08128593255301178 0.011645262752751706 0.03673413486548882 0.06440716118824763 0.08992817682130307 0.07486043975537156 0.006800560596979836 0.08363974760522024 0.10329289420706061 0.07441940620131239 0.0042934254747174876 0.10969294538547156 0.016823862623766634 0.054114449296561055
10 0.008223750408197878 0.015341257973333569 0.08350174780869113 0.09074624042492119 0.016396250570356548 0.04427932225529146 0.03925785186446901 0.018418057969788876 0.08067033722761789 0.050664795442901374 0.007360078893694997 0.08764725009938557 0.05396608711797575 0.06001668544132819 0.04628015422794562 0.09005363780577627 0.05205887438973692 0.0670967605280162 0.08113045311307904 0.006890406437492497
11 0.02221545962128594 0.08599292739014311 0.08956033426625766 0.08186179784345747 0.026905885086437785 0.03567922016712413 0.06334879298491189 0.04689341143434301 0.014892824992327556 0.0774064856909114 0.013376209496485906 0.08067719163703287 0.03890915055827114 0.07811856542627178 0.09383468196388055 0.043042814699881964 0.03118397428290077 0.014860512946876535 0.0011717847343624987 0.06006797477683597
12 0.053964588743667566 0.047124559232231904 0.07284640791236398 0.023122445453509277 0.06499311280309168 0.012279323302261001 0.03842174347300314 0.057218903134403656 0.032372710425177156 0.055067027183450044 0.03895720967889391 0.07269902800469075 0.06490307700714346 0.021832136648403545 0.05164940403551263 0.03140052710113658 0.0076748315592784725 0.09262197844333322 0.07283850559966772 0.08801248025878024
13 0.05768480962851216 0.021833572414943186 0.10755896799816986 0.07435341272415855 0.06363698765111693 0.05463982213641782 0.07874660932327843 0.04910063026056175 0.03954357613937535 0.10085671179019141 0.025694935261564588 0.005466694717818096 0.014294725664481702 0.04182136956685373 0.018999419594210275 0.08487904185043225 0.10245380764334353 0.007948703156977793 0.04256489916556063 0.007921303312031957
14 0.012532993282750824 0.024942228847882084 0.07356626295876385 0.04868575783841838 0.09363079021231341 0.008676149514297054 0.07689058939774109 0.05462493835590982 0.060889935619041206 0.0728888027966154 0.03668740102840377 0.00436728113371272 0.060827827213763785 0.023256914656195043 0.10375488296385767 0.06721956069563195 0.02759186929542957 0.06401894695917856 0.031751248335736976 0.05319561889435681
15 0.013113126280712812 0.06942726546500112 0.08405294511460826 0.03875015534790349 0.058283427873062926 0.001326340241192972 0.08675485903103884 0.01343816511389497 0.044326172714929085 0.04976750012053643 0.02285636817986708 0.068271293979055 0.03271002117081896 0.03897560846932577 0.07695742675516848 0.06410055835791313 0.02953336718345487 0.08213646447214375 0.06565733108551075 0.05956160304386129
16 0.04807758930187081 0.03216412410302312 0.001252429156685206 0.060214150866748986 0.008198166303549526 0.08254570295877668 0.021874259230255034 0.06477130735360959 0.055312274678014244 0.08104653463163691 0.08222708637872557 0.04932344468417633 0.016789981057947843 0.10574542469732132 0.05804839693581126 0.029570989933368447 0.05096844717373233 0.11757986950277376 0.018521563876204503 0.015768257175768498
17 0.055029665834177156 0.04545034866807602 0.056852161236779955 0.00274706352867309 0.03740034242765652 0.027150965729582095 0.07029004117295777 0.06272426282896613 0.02957970408863169 0.05797887790309462 0.05800075227479669 0.020318497812776393 0.07544907968599619 0.06617888472081267 0.07262545723902603 0.03594475649047621 0.06455479415985403 0.026420845811353583 0.06951579663752122 0.06578770174879181
18 0.015790462019623534 0.05161318091354207 0.019454229101315168 0.1021250853948652 0.00623036773029074 0.005106224921923266 0.02391253194974002 0.1394308581633015 0.07465750176992002 0.0514308987793084 0.10392706012163128 0.024469290605429735 0.015623771456810693 0.13306187476666367 0.03694774108400933 0.0017342011175099168 0.011316510720997881 0.08385268114432706 0.023986638354586896 0.07532888988420326
19 0.07919426577348407 0.09845316588877741 0.012145866974912368 0.022791695559966015 0.032857627291003395 0.0468775367597227 0.04552311722232007 0.04102840706660526 0.024845561357284773 0.10058041697671105 0.09211733868271069 0.10073049703770767 0.040013703049895794 0.023011216327355723 0.01235018621791392 0.02197697003177396 0.07676804572225782 0.05586164754483128 0.05845823376910136 0.014414500745664654
20 0.025927851307620237 0.07258092221375896 0.05159685933771508 0.023631396009846435 0.05401370234050437 0.06235521022808021 0.012402568015859337 0.07945239314882388 0.0519810858099016 0.0003036125652408775 0.053288547877351274 0.06777022698423714 0.08096525043288826 0.02318247818173381 0.05430104278706351 0.06559931346983774 0.053987753498336025 0.049507141374406614 0.08064437450271457 0.03650826991408007
21 0.0788200278891634 0.07417947236490309 0.04978124044783153 0.03840062263656231 0.06493499977912885 0.03484093196919403 0.02447293306120284 0.0823711790801956 0.019614991902238837 0.060094822184063264 0.07629133487810498 0.06771165711342138 0.040360054571393696 0.07582865964242172 0.01689671949819737 0.018981438088727726 0.07106196689104179 0.047787356178987835 0.0254020047072736 0.03216758711594616
22 0.02541287727474266 0.0944236264975071 0.05467712441053874 0.10702339311004752 0.09987827043610743 0.0011768125650120404 0.011120919636478868 0.08201429157900916 0.0063315017185795654 0.07167284236165539 0.022390980691021054 0.07920951681171269 0.003030971079236557 0.09396874482308333 0.02260049046113033 0.04493886409228818 0.07302937055178774 0.053859300533514835 0.034646978001388086 0.018593123365158545
23 0.07711907844404446 0.009874768327958595 0.07077134103892918 0.017907154257101553 0.05768280054420255 0.035685052115924175 0.04066893722317987 0.021115025662028348 0.09660076640733127 0.09648802215224786 0.013418848225606983 0.04934110633646881 0.027457136267886904 0.04720056062170917 0.0715855791332518 0.003907898656814211 0.04956829029338013 0.039331797971665 0.10712597063379814 0.06714986568647092
24 0.05677433470203795 0.09691009839633218 0.0993039950788674 0.09234843803844077 0.000839134085475447 0.0054369321387988095 0.07921745436733488 0.05352897020221856 0.011811852909944057 0.04033701226100417 0.07209166948686764 0.043271386197451314 0.05180740350628936 0.0035107496868244516 0.06072468652970736 0.0850922044624934 0.0203821535344584 0.040133667683940104 0.04022638355558155 0.04625147317593243
25 0.07020503442251433 0.08116228579377499 0.06390374466913924 0.0422656209810693 0.07693647358708244 0.04032032610605931 0.07628078403932725 0.03643841982427913 0.05187226105327249 0.022584091774528373 0.07900310327977696 0.08656505820027854 0.05016815685005881 0.027089019853575775 0.043864042981161214 0.04450872091802275 0.07499459253973668 0.004396186063442169 0.015070421818622537 0.012371655244277321
26 0.015346333647113512 0.08230752368103415 0.03168614350761892 0.06643549815370031 0.004952723592071584 0.08054065497338996 0.03946977897508049 0.021557733404570737 0.029493605738378795 0.005870046882254946 0.046768273358101416 0.07264753621461575 0.05518986234627848 0.059941794151490875 0.0695898596964612 0.07927698859460863 0.05458099163940366 0.06669250566590565 0.08141623152127558 0.036235914256645296
27 0.0011282048839124494 0.051126885033171206 0.026733376563840467 0.029056259504615385 0.04236131863050998 0.017472765647442417 0.021204613519573007 0.07911716975207757 0.07983966250198779 0.08417098282489663 0.04198775001918747 0.08716335154618259 0.07792772052259785 0.03816739325355152 0.060586818069348125 0.07281765889023441 0.046265954538942215 0.023272378090851083 0.03641868899369477 0.08318104721338329
28 0.0781080206129921 0.010565941572609374 0.08657710084847346 0.033493412108870954 0.011106451450135956 0.031420844971845184 0.06065466826882841 0.012088747228331195 0.07705550726407522 0.08853483065715996 0.09030775288093436 0.06157799952334253 0.04472484544370632 0.0667373860797532 0.024647791752617644 0.07807405100185011 0.058911189546575884 0.04786867155034829 0.01944477173796503 0.018100015499584773
29 0.075827641017997 0.026786870957575332 0.014513952172623551 0.0267781453483407 0.04894587238260933 0.0037933964056132566 0.07495548217776606 0.054504177703494354 0.08764771521225823 0.06272110310285225 0.03177774623397301 0.058669127889437976 0.08882632529296476 0.03953895194586308 0.024364197482261575 0.05775356016787358 0.0358483212970271 0.03580877201186172 0.07329664726700197 0.07764199393060507
30 0.10948097992004073 0.01867497902139592 0.042368540679725224 0.042561771171061434 0.023136657408137546 0.10718138664878847 0.042121570915279655 0.12167375121653001 0.036507548194754505 0.1150939933360437 0.012041788238573898 0.0011165700177166319 0.08320846808779944 0.05684818957374203 0.022162006604103723 0.018957904673518693 0.005838632783393676 0.04746104947052131 0.003954769600110615 0.08960944243876255
31 0.05487394268345212 0.06813326297490492 0.036381408685346665 0.06697626843595555 0.030220053585487162 0.023400220295400304 0.033982773263484804 0.040124893104493624 0.04020255258137207 0.08381996250833816 0.056458127113399974 0.08584952827714239 0.039708712225675624 0.08616048401893854 0.01676354169249438 0.04952506076257029 0.0786122294553917 0.07685339071518117 0.008101210488466288 0.023852377132504324
32 0.046069282618436624 0.04932521656061389 0.05514661217423743 0.04242627876744209 0.05358258754931064 0.01938644806230175 0.06710608061438504 0.06245229754039428 0.06868212942047669 0.03555928217277479 0.062135195215441065 0.040300409929508695 0.06630850114675012 0.014893496593182346 0.059796905745257 0.05889139857150008 0.024095437142275477 0.04691022830351098 0.06223854426690784 0.06469366760529292
33 0.06182465987206907 0.09966286106632019 0.08229686364782404 0.010654670443160949 0.02792170025652014 0.00918598996829129 0.004351343912235519 0.0586622907846688 0.08277828110723034 0.06599639700122326 0.08808958034165677 0.02460908768546397 0.02022556964593616 0.0515961569627397 0.013628526786256595 0.06072590750071049 0.04462843393430274 0.08475953061377611 0.030969646528127545 0.07743250194148622
34 0.04741398325377761 0.02569302452860514 0.025356479199868963 0.07260420969336367 0.006306284530847848 0.07806281402846105 0.04046708140510162 0.06763907374172422 0.020774008451004817 0.046177337351674674 0.07728390060745914 0.08003534558591273 0.08162007381580169 0.0824345840104695 0.04952291501452633 0.021280859860187556 0.037674450401104176 0.049166430723709784 0.0449290461240114 0.04555809767238813
35 0.05660206941005523 0.08415124002420425 0.07645565946957036 0.0004914586151666731 0.06163572171711711 0.0552795020061519 0.08587846780862862 0.04565919163536574 0.07086907955640982 0.010104129001493734 0.042075026736510424 0.05649363504185527 0.0775812528886419 0.004737283184418536 0.010235072988790518 0.035473213563445474 0.06697639830032952 0.0819408981628374 0.04994322041301411 0.027417479475993704
36 0.09271008881429582 0.07546162886542261 0.03250595766225694 0.09296459419392734 0.00048536016982440617 0.06492879654936305 0.03617551056852389 0.03303659347813434 0.05829430842387515 0.010931422325576888 0.08438353600102433 0.0017829985614638368 0.08088571531527627 0.0866024542147793 0.015235918898498863 0.07940183222964609 0.03530891101229546 0.017385792362842285 0.07486311191822859 0.026655468434744447
37 0.009357197401998375 0.03090088943782165 0.03429867363347978 0.06371229915985172 0.05388615468109272 0.03782738650996735 0.06567362761275071 0.0019355804580805695 0.05637964577548645 0.06883473943081098 0.0426657663894244 0.031666264786150755 0.06462818493986887 0.09230761063356507 0.06901194237941022 0.08602075040222251 0.06351701327523816 0.08690808727478548 0.03454392399188567 0.0059242618261083554
38 0.09294807281749763 0.09086472566516988 0.04869549344964563 0.054148748036231785 0.054693586806823936 0.012366065395196855 0.019890173546984465 0.06326735908859785 0.061669261166310066 0.05985378423843353 3.084099272440568e-05 0.041109912546052195 0.07744527138776396 0.04166092727659023 0.002026378571678646 0.081761729489968 0.08279610533960768 0.008242667744332346 0.06291530254501067 0.04361359389538033
39 0.04496260729232233 0.088743155017181 0.07215169714290949 0.08973936690366399 0.03698759252861206 0.00527626699222712 0.03369337848494399 0.06076445079591878 0.03641502360773007 0.08592939026131526 0.018950427456816885 0.015518709825363302 0.024953552814945344 0.020563385906104136 0.06690122096158575 0.08582128660691844 0.05499525242137789 0.0648531557136113 0.08040868514587735 0.012371394120575382
40 0.113488756408572 0.05392082709327742 0.10632733685596506 0.09846552482085835 0.05951543352452918 0.03711848193398039 0.003122100495131179 0.03440122366398201 0.05052450753052343 0.007169025181487512 0.04975115602969294 0.11358492393761006 0.011088902128042206 0.11126863779100842 0.060685513152315164 0.009186439512881759 0.03983308692981037 0.01251459999246167 0.02619715594222282 0.0018363670756479527
41 0.0432569468475779 0.07437952921746438 0.0390672957862968 0.026306809069245592 0.07080274204170575 0.07822501538945002 0.0016105375766015425 0.061769987883236066 0.09720161345437452 0.07458390750849885 0.06655128360257288 0.11287124039448247 0.004673982238362232 0.04153330472974688 0.07586168319935706 0.029737111579974322 0.05282280402376424 0.03523686932026702 0.006954582214274913 0.00655275392274662
42 0.02319285112940431 0.02220648997360115 0.08325997575677968 0.07204574515757693 0.08006738309974706 0.0929171317830053 0.021060610520766267 0.0564460655326518 0.04857408907867373 0.06409814269573272 0.05204436656349229 0.004675045414759116 0.031685281371367446 0.090926783541513 0.05508453179178904 0.05846261081066297 0.006837575487610648 0.0394077489398647 0.09023147523708618 0.006776096113915656
43 0.01836011585118895 0.06314562407185477 0.04193086589686397 0.03526960471209573 0.045771945735262526 0.01954843190672444 0.02396885042522542 0.03315793504866607 0.05427484908851837 0.07823401107633093 0.06785828093006038 0.07812216624531026 0.07331743356104944 0.06456636013762915 0.05739083141610524 0.04349734858988737 0.05977387872667579 0.048556837908864135 0.05072169314186448 0.04253293552982245
44 0.06958829968715399 0.006396584221744057 0.0729495266481453 0.07665631503471458 0.017580293592340826 0.035251334748378695 0.07705826273084482 0.0778834213967851 0.05633844545115371 0.06854269358258785 0.08019151026807837 0.024652521795318436 0.06654425599030928 0.06114317841332137 0.0373943861428622 0.00874021448103058 0.03182005639674905 0.02915011297650464 0.04986621847289595 0.05225236796908109
45 0.09652616762663649 0.056200355302353594 0.05893596932594234 0.004126786363601186 0.03985759190861149 0.026166307923682103 0.0829020144358384 0.06113017294983761 0.046594654285734546 0.06334756761255901 0.04721611816107955 0.056386153792313765 0.06703376357230069 0.009322409756865527 0.04978324399503699 0.027775394749901407 0.04718486536782134 0.08624400296536729 0.0010000037426455867 0.07226645616187108
46 0.036927378232723886 0.04019605427040011 0.046518463237324593 0.08168737071498226 0.08787443596297227 0.05254627954621551 0.013209843811684125 0.012469206268053484 0.07263314330757893 0.06864695535313742 0.0824225673874215 0.06495409124163684 0.0545736073159825 0.03063660336014197 0.06876167523978403 0.02595106286396506 0.0086183493950978 0.021214935937237108 0.0546842787551623 0.07547369779849834
47 0.0725667044547975 0.0027115597999075184 0.04123872935699382 0.07098478202985789 0.05274467541611024 0.01250760683189214 0.061583040548319264 0.04480714427590287 0.0674598859191628 0.06890623456772431 0.07408417403308955 0.07183333937957588 0.006382716615179033 0.049665042372866314 0.041178266598001646 0.05220011457080285 0.07195941818047939 0.045857196541946726 0.07312128558957649 0.01820808291781377
48 0.01482138528708443 0.03849278368312188 0.054409852643539265 0.09120880228831067 0.031210072687393873 0.04398121436090268 0.08212220629844486 0.09235922159344548 0.09937699694422643 0.0877639113789021 0.007906190017081283 0.06833626124322872 0.04796049071945528 0.09878224967268885 0.06109409571220637 0.021538744089644027 0.00925442248284559 0.01740735382027226 0.003320703451583855 0.028653041625622055
49 0.09434765445642206 0.04323456111945998 0.09594191278116944 0.005166710175179748 0.06745297860983349 0.10799815385464863 0.10089289735355356 0.0030135398942802297 0.01624245263960515 0.08371807994625961 0.0672876683620639 0.011878954602572152 0.060723796858630476 0.009562554709448797 0.03259348152812556 0.017620598342211368 0.029111159131132106 0.042252060877817715 0.015895371040692594 0.09506541371689368
50 0.0002920577061771594 0.0064925049423856275 0.07141801422864584 0.046937064584811936 0.0978807684586752 0.04558800776669197 0.022784817534239315 0.007105566047945139 0.12494954562430179 0.09090214061989327 0.016364822762395512 0.002008421898468093 0.05855286726361656 0.1303654900798171 0.02512784106851005 0.027572216092626212 0.039197357158684464 0.02920292871900647 0.08753339610097419 0.06972417134213403
51 0.06277454205277778 0.006186356175611626 0.04270019636175685 0.06990970021578465 0.014553996346946773 0.022145963794850163 0.07186391655341151 0.04933135335770999 0.06419786076833188 0.04998330951897057 0.05314020093858894 0.02006898673762006 0.08719664236252658 0.004896607153274297 0.012511780589512599 0.094235699336448 0.056935620195113286 0.05272564976704459 0.07406479753334573 0.09057682024037428
52 0.08739214612008005 0.07561518555830428 0.021176341657207335 0.00511828612908507 0.008206099832484031 0.05110203423748646 0.02387161306407204 0.01702698245270053 0.06564151532359119 0.08699259711274462 0.06793515699607007 0.08723452886859606 0.03199794769383443 0.05415673434470075 0.08292616717944577 0.07400780378878807 0.06425357394804752 0.057123632853854314 0.008236428579907562 0.0299852242589997
53 0.03768427943073424 0.11742888802575083 0.11107288092501404 0.11868083801040032 0.020935349561509536 0.05792103105399642 0.014172825656258917 0.02638001927475221 0.033924787585881945 0.02233001852670066 0.002390797547253464 0.0011258407732700356 0.1318064482028026 0.026298287697384168 0.007522876141673809 0.002284293468834649 0.020991028036815226 0.08483759001624258 0.06422234918599307 0.09798957087873142
54 0.10088171727422181 0.03642651941363963 0.03800707366184765 0.11454799758330822 0.018956300198854983 0.008824387227876873 0.003223527006087732 0.043807928905561594 0.10998489308618598 0.07496566239637129 0.014280171719249392 0.023399781042869817 0.09064224840364615 0.013086167292185407 0.07725445674093484 0.030771281784836572 0.028094452888145726 0.03403445126994172 0.05150579391355432 0.0873051881906806
55 0.0929535245581481 0.04476052936051092 0.004379900227670984 0.04891350724671235 0.022111161043283 0.08038803385987177 0.04162957804824079 0.0015563683085951464 0.0028184206986674606 0.0717891530668443 0.0442757119716003 0.07228447319909652 0.09164079983038001 0.02955805767655247 0.024866692939182162 0.07087724810174888 0.09091589174368367 0.057942662515607084 0.05332507906166771 0.05301320654193641
56 0.005660639255032812 0.018026951633271185 0.017917046815688304 0.013605258939493783 0.014570322091104877 0.026915259593630957 0.04055644404868507 0.09015124566468752 0.08856186396522364 0.09534420898735484 0.08682115607398644 0.041798097881430844 0.05794118266834455 0.0683682022360481 0.02333522838891243 0.07107748147805147 0.0141686414053636 0.08504386442551995 0.056590301023918446 0.08354660342425134
57 0.06299808533055565 0.04437071230506093 0.005716489070373001 0.03166292574507065 0.020860275398204762 0.00898190770166661 0.05182341825827451 0.044406326671090374 0.05259970256007569 0.10433079584308748 0.06367159622401149 0.01625468571192319 0.08529996913669542 0.04734110211555521 0.00023798674245916292 0.08618899324485078 0.06378337523415117 0.08832045927365473 0.03349577742827196 0.08765541600496707
58 0.05489551333784592 0.07219506464692482 0.07836343530265096 0.08452866985052472 0.007964367343150681 0.09148059471136519 0.06872430455257025 0.06382197612765904 0.058253352328451344 0.006675669668978841 0.0028415806114252674 0.09757160931647148 0.045720888672397916 0.004830964468577828 0.025896510501649407 0.00574589850731369 0.05172111518578865 0.06605011006378228 0.05257986624986596 0.060138508552605725
59 0.0807630985141937 0.001079181682313384 0.06588188508767964 0.07651332176490022 0.034351340667148206 0.03284454338344763 0.009980489876233022 0.0594677685078216 0.09588549658505953 0.07048835054413961 0.09995697438899223 0.030102625387326536 0.0012927941506931313 0.038424854874602454 0.0010208633763628798 0.028535961586616216 0.033923046763650634 0.08854357839668385 0.09860480155507372 0.05233902290706193
60 0.005658278377062936 0.02955692623389115 0.06712038351480955 0.08681871013244633 0.005773747975645411 0.026053610381057645 0.058917963207956094 0.0014395567506416968 0.0751949254374754 0.00030160923557479014 0.08269058328097403 0.05101590961615559 0.06364120536160868 0.06696952729993705 0.031890942915799594 0.07760665057223363 0.08478319840256238 0.05950620259838298 0.02397350782315277 0.10108656088263243
61 0.06453842972844011 0.013092779155173704 0.01820622109833307 0.08450571340816901 0.025743148191238446 0.07395874470516683 0.04727015647797637 0.03712581347502099 0.020529081679502754 0.06910177833183664 0.05273582248480449 0.029404181648652043 0.04912325232302861 0.07396144269150318 0.08579658940410081 0.06957058723817361 0.032800831468976784 0.07227534280853372 0.029693276761655264 0.05056680691971343
62 0.06057149756268114 0.0427952451383917 0.024427608942313727 0.02244386402815498 0.07551309174044817 0.0787975536766141 0.024130409669109676 0.08017937254972869 0.05642077152153943 0.01389295542826382 0.06422805226366027 0.01586310357971066 0.06844040879291052 0.07625186106976894 0.04607201326201069 0.02520863445422266 0.03621435077363549 0.0576368844425536 0.05219214974704614 0.0787201713572358
63 0.07926918742472136 0.04001869128426822 0.027869771022866033 0.040158544624343796 0.06530771397330218 0.017958078547037414 0.013156873519659886 0.0640695273919432 0.04916595884777137 0.07695817805642134 0.07908227166418992 0.04677919530722467 0.04282993192222367 0.05799818774875366 0.04804228999924645 0.013119947126826369 0.05686550862438565 0.07089359301691257 0.050831559206356146 0.059624990691546
64 0.015471063782771636 0.008255734893582254 0.04054799488796453 0.07710923332709874 0.07287665743730157 0.08052913837193633 0.06693189224086613 0.07941399216058037 0.012645723206032583 0.03463181805017503 0.02624801052892426 0.05981164996308289 0.053265606735989575 0.07123034243398602 0.07543069747525125 0.030957145436500303 0.037791619952856875 0.049623377313609385 0.07641597610060376 0.0308123257008866
65 0.007210836571747752 0.08598497960624599 0.10174525047257964 0.03205009462361385 0.03785367534659277 0.049561387081388485 0.005346405469421701 0.026131306244555744 0.03342474563175733 0.08316229842127568 0.023612628241349375 0.0739271356112973 0.06610620889855989 0.019493036246336977 0.0306277523799032 0.05849670445040661 0.013748982315449429 0.08686533079413576 0.09165689768335913 0.07299434391002346
66 0.05788664104260688 0.07902459084159366 0.05505210053954065 0.06468392097654041 0.04421886305508436 0.009692513636287967 0.04947331142621582 0.06362656576581117 0.0030950234385059817 0.0735599503324341 0.0545014149252977 0.042092002217344694 0.05583910214813496 0.06621107129243507 0.0009995861089721473 0.08985164432932227 0.05750711142584173 0.02502783249152772 0.08208959891755699 0.025567155088945782
67 0.046135862091638134 0.06236358946567317 0.05671491038803935 0.04032123439003194 0.013340418800706742 0.0012291013111386275 0.03201346534554872 0.02020513131215013 0.04367623773943775 0.041684733783357006 0.07672357232298904 0.08383290368183291 0.049782127629377185 0.056277056850366075 0.028029584081400417 0.07155813957461597 0.0737232154265798 0.07841927981929843 0.06685453472221492 0.05711490126360373
68 0.09646290816607049 0.031550676628215084 0.05379094876049683 0.07720411879764977 0.006971858116922605 0.036540585042022476 0.017431541023971327 0.03493782837669815 0.016846143891757478 0.03100705651867301 0.019599953616850636 0.09840625126568213 0.09060347451905351 0.02950092527291709 0.10096126833953024 0.08026480936639785 0.0945132293849151 0.013316137525751615 0.025356365138479567 0.04473392024794521
69 0.0963561481853937 0.006678675789517558 0.008745776082127454 0.04817868915728867 0.08935856384194353 0.034017559020736145 0.05769042598346058 0.06776314609900798 0.060557975447816256 0.1005172787740474 0.03270522157219625 0.053323756123937735 0.02798994477163862 0.005741530748775057 0.0656038489526915 0.014550091066955716 0.027771965488302432 0.01622037845153007 0.08569835606612596 0.10053066837650722
70 0.05664358347611007 0.06771305686099847 0.07529388206802665 0.06709158348106911 0.014609354034035134 0.04386460771436673 0.04000773916966848 0.08119939819691621 0.06140337641583178 0.03785062270429412 0.025463427047789085 0.0014096180074924902 0.030176278381025923 0.0791476716698084 0.05769484000053762 0.0955174423686089 0.010730556082111504 0.10378547034569299 0.01016926178366995 0.040228230191946227
71 0.08510475603558415 0.06098523246900566 0.016972993329543933 0.06782778828614207 0.00989711844524037 0.08612340917682894 0.03118684434813915 0.02405896450324555 0.04021370062099942 0.0763821341087904 0.09414408794432495 0.012209855404524723 0.08623706971272785 0.008175372254832499 0.081407084534196 0.007677188103573405 0.02172973992257619 0.015313994020017851 0.09718064033786847 0.07717202644183824
72 0.0520797164858096 0.006717109073655184 0.02658223421149764 0.07866699842849975 0.038494387820391815 0.04069370674355431 0.061981684195745367 0.028647887986938934 0.0018598809161011359 0.053429277743960515 0.053304182352340336 0.04720215472191996 0.06921249567669606 0.039464194055109716 0.05156338217911172 0.09790284393801489 0.061137361005206496 0.0636878294394651 0.026430994956567404 0.1009416780694141
73 0.017906786118795953 0.017146864660487947 0.0255198911538655 0.05648053450046303 0.04071370223486772 0.05353835236410299 0.09166429872042346 0.010132914328911755 0.03598216625073732 0.06824785297212982 0.05511282860152472 0.09262875649552185 0.06125927658593334 0.09306895460674787 0.09765910060032137 0.017453279494579293 0.09034356102925814 0.005801579206615262 0.009674308218766244 0.0596649918559463
74 0.08370992008754188 0.06344325990827253 0.0075922018546072355 0.0669437622552598 0.04125784143015532 0.05679444583649758 0.046515125959729356 0.07590222668995579 0.01329491781943673 0.0499761310122987 0.07284294486081927 0.043628966769920986 0.01720620882941865 0.03448646907092867 0.05277399095641435 0.06324065404196863 0.014635181513509454 0.06270505520032955 0.05532404972269407 0.07772664618024148
75 0.06445715728462512 0.011998217593611943 0.017218371728599604 0.049623692067271616 0.03716087138943214 0.07665719409402136 0.0917705106144414 0.07529788254174259 0.07794787616638382 0.05552474386048342 0.07860120897615011 0.009946512685526154 0.09397483178827624 0.012349434612708779 0.01518223659033808 0.04641442796843116 0.031349374129001684 0.08145724580922815 0.062466230570616586 0.010601979529110118
76 0.07609282706961551 0.09616241032447893 0.015933551422463797 0.032302266917134295 0.07452259800612644 0.03637217543550565 0.0971981595800334 0.03554445696940252 0.07044040721281732 0.04922496531985008 0.058822513523429217 0.008833560236196672 0.004692090554371751 0.0813999567247166 0.01838496021871974 0.0080104866333229 0.031012236105634236 0.07035397797565068 0.04033110950256748 0.0943652902679626
77 0.037436394020221024 0.001527824591284487 0.06380849060258403 0.07883298126910285 0.020419782042064318 0.06556841645781822 0.0034138327548827513 0.021707892586537818 0.008352497187019498 0.02957848953469822 0.03244702028717891 0.11389379817314849 0.06300190980713236 0.09344199963184424 0.1106588781644667 0.09300126111560797 0.09033063861000562 0.007407733635468329 0.06104130302931367 0.004128856499620835
78 0.00396744087231541 0.08194237135636562 0.022948727083386487 0.06925421938859616 0.06672443046301407 0.014013180973998002 0.07015113035171315 0.05984347471284881 0.03471063014608485 0.06915248278453184 0.07057963496171972 0.028217821306402144 0.057453325095809284 0.040028962749793895 0.05050899728992924 0.006077526458735223 0.06689024979807845 0.062179951336483213 0.0704425699088099 0.054912872961384626
79 0.04437914270847761 0.0710093106760684 0.09107878072856582 0.05895873094797182 0.10590808169545586 0.011257982410351886 0.09526832199328363 0.035804848901714675 0.10113838603031682 0.024527574607778282 0.03475909258529374 0.01658795991153798 0.02901151222305156 0.07555314056497239 0.011548062461197819 0.03579825417903755 0.03173151366584781 0.09251472135385692 0.008876528367428521 0.024288053987790874
80 0.09154666069148154 0.09069200462165083 0.05842856141860798 0.07015042399350782 0.06113308242797679 0.05771800974671331 0.0477456500564889 0.01784411404566212 0.04632098198874255 0.07221114505278596 0.0224051263100241 0.022600788593987887 0.0486389569889499 0.028222513378770506 0.030739523992687288 0.06012429036128157 0.048139536377100924 0.05329939812162338 0.0486667784825947 0.02337245334936186
81 0.02958643860501894 1.0209556918575702e-05 0.031214690475323385 0.0836123510191702 0.10385804824807424 0.08029110645253365 0.028736644311648123 0.06346752068635615 0.05167321436074097 0.0059292545146038 0.005794165707766761 0.0015140495959195697 0.10539541091433956 0.00038433698546463593 0.05746085350786747 0.0822645661119628 0.10499220595732912 0.0012783496256791118 0.05288441897975714 0.10965216438352601
82 0.051144301731406 0.05304249058595305 0.024909225453138284 0.05357988291902478 0.06604754768585237 0.026033827651172344 0.052415405981371094 0.0814961599203112 0.021551888060209284 0.015567219332349747 0.0004966270988282013 0.07924003518696365 0.0058175194392026675 0.07504456994166754 0.09452169363568554 0.0845798690226905 0.09329957099799435 0.023182317138897596 0.024154195500246875 0.07387565271703501
83 0.08172077836774048 0.05949149476202996 0.07143084859355325 0.07668967283131733 0.0704982411344602 0.031239593971628173 0.08056799583883471 0.004615874863760614 0.07976037957276301 0.03738880868933548 0.037532222531057674 0.031000610477178194 0.011719363319217047 0.03477222763659529 0.06997095081959886 0.03733403924335153 0.03461167431230901 0.01841806087579018 0.06670076008755403 0.0645364020719248
84 0.05977571020965782 0.06406185447086767 0.03751970656907533 0.019948055696939877 0.09734744045407408 0.010355938495344347 0.08834934134450931 0.04775802492912649 0.07492816756640154 0.04661976604821901 0.07567267349670453 0.02734493159613672 0.06207706987946014 0.04561582376021605 0.024583692769837694 0.015860218958128294 0.08107135617366938 0.014578318887567119 0.08817153807244606 0.01836037062161846
85 0.0014820980846546733 0.07436785325667167 0.007599627822833852 0.07873743268772879 0.07857446246173351 0.055069567330452304 0.06602480415082596 0.048487671166143 0.03017617044713516 0.07806698916122792 0.03963312609931473 0.045377086132104776 0.04994342873164871 0.00116777601690479 0.04560821517325488 0.07011755046309287 0.07173500722840156 0.0440355331581083 0.046711827326826355 0.06708377310093601
86 0.047510182836659184 0.09506855703817002 0.006186429574754254 0.018034266720387254 0.06774325159529596 0.0698958366595258 0.008429577217562236 0.10133020503744045 0.04160045173483769 0.0025076563586497857 0.06539978891373378 0.0092275485912354 0.08844431454949916 0.1000726060925356 0.020941097137955295 0.087059474831367 0.017078639798533368 0.11153290936385729 0.01739535307970156 0.024541852868298852
87 0.06129585184077012 0.046531854602629645 0.0505471765148486 0.0834906502515502 0.04555939843973665 0.07109888156565371 0.07125934046468431 0.06915289389721267 0.04557352033097714 0.023704121292290232 0.07566511120652558 0.06686423161626392 0.017460882956360436 0.0015294709488571899 0.011200786331186818 0.052608907676101206 0.0484782605128457 0.022342382785459657 0.07362895454588386 0.06200732222016225
88 0.08320273019008463 0.0019181413098052864 0.045624746106943254 0.08516708495519808 0.061270743320799036 0.061678840907290144 0.08816245562466885 0.019446670404450025 0.005267293380734985 0.0736051796133143 0.0730048317475204 0.014737472453610503 0.019255492837532473 0.028532678387368338 0.03695045414107603 0.05764918071135547 0.08601724546317362 0.04720065426640483 0.026056642225902246 0.08525146195276775
89 0.0647170306724458 0.08124345379248336 0.027118383082175346 0.05818320710885073 0.008344111249786594 0.0825684447519086 0.027877906295786414 0.0720471978490124 0.04561563968269837 0.09129600815731301 0.10283814441656977 0.03042561144156463 0.011498090778586646 0.0075171789439499636 0.07924012991046514 0.06633150490009038 0.029632497279778937 0.02630352010102258 0.08229519475624109 0.004906744829270219
90 0.017313032918064467 0.08834012068832695 0.027551692131957344 0.06337732336860315 0.04737551979771242 0.06924866787501728 0.04275425281735005 0.08645659950374276 0.014435549798699952 0.07820460577372883 0.04102931027359526 0.07347591567609218 0.028912299162287363 0.03911452940849973 0.0783338560446664 0.061175486315965505 0.013938834122491106 0.07685000452986282 0.013503359197480053 0.03860904059585615
91 0.058695639109394196 0.06286018937933037 0.08495347071173238 0.08981817178134767 0.07279847388873138 0.006710421016447553 0.02102009596450604 0.042343717050885736 0.0024470600409617783 0.007144327557872013 0.09063885352551908 0.03633636664133361 0.024122200039182317 0.09876744567371554 0.07904972914682927 0.0037630809580079714 0.052664003535269684 0.08146384392106013 0.004408089606025206 0.07999482045184807
92 0.06988534276029368 0.051241229671768425 5.5099187880714474e-05 0.07194112727592596 0.04326870679624064 0.04042264096202619 0.023961943652420836 0.06453511115534916 0.014610794918471151 0.012887223686763864 0.060673510415689975 0.07584031662546104 0.043052626335873034 0.06922589547137478 0.07437591080602686 0.05785071131555546 0.045059222765004694 0.09279314109178098 0.06872043187210133 0.019599013233991235
93 0.03764876211214513 0.06922985538509778 0.03064285360338311 0.08182852495796418 0.03769884610218208 0.06211583459596789 0.0168597004121948 0.09209840781219378 0.0764840931305065 0.049726494573514204 0.027605862960149077 0.026267935183627217 0.04647636684586716 0.08471881368184044 0.03796006190881277 0.01779538736374293 0.0953961394023946 0.00848907125914018 0.09729434776049597 0.0036626409487803876
94 0.03129684203376846 0.07353521721779654 0.08267354830128439 0.06488351537370782 0.032255991459747176 0.035391160354543906 0.08190269703968359 0.012736691603320038 0.05714094070955553 0.07501018421131395 0.0904089372832433 0.03881860122984909 0.016402162841992685 0.04842411340535957 0.010229390337384446 0.0510771146703185 0.04066195844909819 0.04576558313205529 0.03830084710607148 0.07308450323990602
95 0.024994074590304612 0.07320397905063858 0.08860231059971177 0.06384578825575483 0.04590098483666498 0.051342652000672506 0.04540702489524184 0.0006756341845613425 0.07446767476026142 0.034293086653590016 0.006322909366215546 0.046756415721561265 0.05047791904648497 0.09176742854063213 0.09268955807073923 0.0912167651399769 0.024240085145995734 0.003877886007028749 0.055607188774094526 0.03431063435986889
96 0.08557422264872035 0.033145437449171866 0.027445532494710993 0.03848353768414767 0.03706566162373488 0.09642264329485872 0.0007642041508722399 0.09364420152066734 0.01875521995092658 0.017552130182231434 0.02992770316977786 0.08605238594616939 0.08661364366559908 0.07822116861627275 0.01065024221776296 0.003474713247324009 0.07202502731251784 0.10928453137084679 0.0349170930458861 0.039980700407801203
