0 0.04949396935218562 0.016663351542694528 0.029144550442707983 0.038480855609352674 0.028577560422585323 0.09039071498982346 0.05368936572568969 0.02597502653213895 0.03325777462974827 0.08957974882321697 0.06774435043434808 0.08966088645454268 0.0385078734438955 0.021485395289097077 0.022338431966697044 0.08893419677853194 0.08206693725150989 0.03200269250683381 0.0762707653223153 0.025735552482085138
1 0.09136835806279325 0.056882256154523886 0.06837056304436544 0.039784992486292414 0.07964080672274523 0.022978717210150677 0.02844433337605298 0.016258674393550852 0.05024489120359148 0.04045466274510473 0.0032362699050462592 0.07620310314425224 0.004014814507182904 0.03493867059257303 0.03649066876381407 0.081756293832888 0.09636973496981126 0.08156115860163402 0.03857464488257833 0.05242638540104884
2 0.06419585386911024 0.06738723958573506 0.05992519228145132 0.02528435021740854 0.03975561700702591 0.0852346809653283 0.07856175255869471 0.07740345661523089 0.05381531892845922 0.015575045549303241 0.025560705128582672 0.028279920479921623 0.02436072426211318 0.015852969473548747 0.04443666160722594 0.07805077619739448 0.056875679256749134 0.07538452552512405 0.07642220508616451 0.00763732540542831
3 0.0735189878555511 0.024763267866422554 0.05960039085985489 0.05696154622718969 0.0609425881884624 0.006692541215959806 0.07460652066668104 0.055630841756213856 0.03785706743214538 0.04596642314886238 0.03718087627757001 0.045423512871146224 0.021932058533770022 0.09472201706726786 0.08784966991717741 0.06705917737224708 0.08617480020632486 0.003255889742260306 0.013517140528793645 0.046344682266099474
4 0.08193772009341665 0.07927747278462673 0.09862126698415785 0.034664518609792964 0.035300968176619124 0.06835314981662678 0.04351670825923701 0.0172770291024579 0.012170109337468501 0.012003400517837342 0.05550765169827685 0.03234050405249899 0.07678782500674308 0.06698969038605158 0.019852162973972926 0.0878033140107183 0.0018101442843148558 0.07041577660913644 0.0031797845843112953 0.10219080271173489
5 0.11309113383830104 0.0012296879287682454 0.019721997911352318 0.03262886889094182 0.08755487909349348 0.08784789704771671 0.08983241294899892 0.05994049713948806 0.09034050855643014 0.005612639986203377 0.02247827973498706 0.04417654721849094 0.00880929856265142 0.0016617273862385032 0.04791590158834173 0.10235421138519839 0.027445539050445916 0.052958639935661335 0.06636954144947765 0.038029790346812926
6 0.04837313345889586 0.05978141519966908 0.0189569064705119 0.023551327145249067 0.00010693515958670596 0.05674808659849449 0.006162624196520175 0.05196415814989811 0.07805392925381097 0.10409116637694833 0.11078222311147491 0.04933096501267124 0.10828153494437834 0.04357773427401093 0.015072029909496245 0.11219103550480569 0.04570737046378652 0.06298496460593254 0.0008471038110108921 0.003435356352848021
7 0.03867090383697321 0.09916342512634073 0.09810075931655958 0.018174690769642714 0.007043420269895219 0.09158919332961779 0.02378728416116416 0.06622994755470672 0.05902181499767297 0.07255128483655167 0.08572356712579245 0.002011381814120408 0.019992689004770182 0.09325238242797897 0.0029707847597264547 0.0022938855968320055 0.022697099612896843 0.09804653764051778 0.03414546774329643 0.06453348007494368
8 0.01040630439274691 0.05758400827885642 0.051328237834224716 0.07517023801710977 0.048891442588278 0.023494953162593 0.050421253893091836 0.05441781448131672 0.030355436176681374 0.06871290401438736 0.08749980494204167 0.023262510590221188 0.050522421475042684 0.011621076122567409 0.04300584472720347 0.09127459463459886 0.054320348264204454 0.07165212501353305 0.04026172177501513 0.055796959616285766
9 0.016206310278175356 0.10263527289610848 0.033672283296335745 0.01060845017239288 0.04529601924464209 0.06897122806942582 0.0442158322221319 0.07334227049692804 0.07404040256460884 0.032662789680034436 0.04238015701745204 0.006410901214045781 0.09632347499609949 0.07142561888483243 0.08905941853430774 0.10430694408242608 0.004578021853683365 0.006096596645278966 0.0499290607960139 0.027838947055076512
10 0.010607437109304072 0.022366885497467515 0.05461524289402078 0.08152976796806072 0.010272540003893273 0.026498393499874873 0.0438852891951015 0.02486932002088072 0.0614243265181475 0.0078198684141043 0.10804604900262607 0.08721068659467493 0.0821080681658038 0.013196714209130444 0.09508701722759393 0.08780356006235933 0.05143618908888624 0.03801134992205432 0.07439235092282082 0.018818943683194943
11 0.041733685945002694 0.046210557102915065 0.016880538626240126 0.06477367518912854 0.04920954410147196 0.07219895626229288 0.09228987620220633 0.09706046022219963 0.022503657803762303 0.008940800609755892 0.03892606457081143 0.08444463557993526 0.04447636623672476 0.0938002249834572 0.012869329530098223 0.022482242614327155 0.014875883927652028 0.08005636099015731 0.04067794785019446 0.05558919165166648
12 0.016391179684891285 0.006311541859317923 0.0763683859015805 0.07664949297953659 0.04847898751479227 0.08804008948310366 0.045427642795491135 0.049244605945677346 0.04745039676508784 0.08896868723859802 0.07666781676407394 0.07692229854297986 0.003334966550932523 0.03831208578684547 0.012109512582563898 0.011206953604457517 0.01826404037166946 0.06563096473741784 0.05585240711033647 0.09836794378064644
13 0.033240220032925184 0.028218521854071737 0.009374814111102994 0.001414514811987366 0.08985962284058847 0.09192345018687866 0.06686765427951274 0.011033065786603619 0.07255456946517011 0.03027975972432472 0.04417153333146124 0.09306556473014763 0.03720195372444115 0.023091489598795853 0.07293733017325511 0.07166293850321778 0.07380530663635372 0.004852299450064541 0.04989755368333663 0.09454783707576074
14 0.057196150320877256 0.03695111768918151 0.06616862460562002 0.06255818915265143 0.004319936164215858 0.05554482360158687 0.03906246990519766 0.08498244015933348 0.05593869264075414 0.012432465156271832 0.08619304663622016 0.09122231265108012 0.0464022592163722 0.05934639890294704 0.04662139362875282 0.08002421386678849 0.008302313539434237 0.04302849437757075 0.01850163192724761 0.045203025857896574
15 0.03185153498730951 0.01111156496211589 0.06523075750951259 0.07285597157818878 0.027496678685523007 0.06694631505697476 0.03456090334804267 0.05775900186005422 0.018617161185512824 0.08838881068201335 0.0341745471090405 0.0548563956441991 0.08946393564517766 0.020498189837477736 0.07699098431062308 0.05747081308800068 0.02456903334333827 0.05227031894392115 0.03688442821261968 0.07800265401035457
16 0.07310493512810014 0.060998845042055196 0.053641544339912146 0.05020729114954314 0.05266963816607512 0.07744278711089135 0.03576124876364218 0.03289257018388516 0.029901976964162445 0.08235151184197406 0.08317023851928855 0.06355592256470008 0.02673520395033965 0.05055644641192636 0.0073315642643909905 0.0020120977378877206 0.06894947999005697 0.05842819486643855 0.005844021586897863 0.08444448141783209
17 0.08589974608102104 0.04848383652187297 0.042868325682240215 0.01800281577747928 0.05582093963059311 0.024395541739068095 0.02718700339658709 0.07281727407221661 0.012998689316262075 0.08189474365184155 0.02116063670528977 0.06950779371535837 0.019865528125230285 0.024850515136684438 0.078801315394982 0.027885676157156133 0.05417314914172305 0.034274553821175 0.1024538650403691 0.09665805089285004
18 0.052440023226351634 0.05686794890478215 0.0781703046121882 0.06047109339866968 0.00010141026923730238 0.08947288418375962 0.017567525315132487 0.08265510083046755 0.053193122712529455 0.08708233739203024 0.003460860640019026 0.004644496745168514 0.07746056392261812 0.04187202865260365 0.044945169204079295 0.006637749798036573 0.08462312108048181 0.07833025968162524 0.029612336733033633 0.050391662697185965
19 0.044329318402505924 0.07945079245514572 0.035959335823617114 0.028376712693405987 0.07529676641748632 0.010751078138483677 0.04725496784839104 0.061058439281024245 0.07022137910127337 0.03063433651289285 0.06617058338935922 0.08066599135112754 0.07058341919739171 0.058867501718536296 0.06947676716092156 0.02496789060450578 0.03158484300020382 0.05167769492707934 0.004816328066217812 0.05785585391043052
20 0.037220686393450934 0.00418203498278148 0.024399867061208745 0.0666699594022895 0.09085106827090478 0.010784868113055691 0.0002244521837427396 0.05375925606317691 0.023522595310684707 0.08317082105862066 0.09580389950342981 0.02819776195350973 0.11848145451370734 0.046084952394991704 0.014148097229709358 0.11663468791022 0.04857250272173912 0.02854183877055682 0.08933088344845326 0.01941831271376666
21 0.04171857069123281 0.01958915188552533 0.05426829470666352 0.049362453902559035 0.03836697335504436 0.0667677949930418 0.07250911115112395 0.009015447599714696 0.06789145905951728 0.08885090820073924 0.003360090704613302 0.06998124966611424 0.05602099932577248 0.0451838173570979 0.05589311625353135 0.07181176686299805 0.06312733127429819 0.0628510933516201 0.059444849909153 0.003985519749639394
22 0.019121543707861514 0.018338079675023457 0.04936069573174375 0.0037237507575415413 0.023008397878662372 0.012466149079639575 0.1150726128794381 0.07730653226651774 0.029404742371179605 0.0726927833167097 0.001119478210275078 0.02828111478905176 0.0793255812366417 0.12207892549457776 0.05187447225004793 0.022738827846281937 0.07342031355049286 0.06994296366832356 0.027445593788327855 0.10327744150166211
23 0.017682466220475417 0.029676099028637513 0.05381275721902858 0.0186424685694551 0.033452502516508255 0.04540002306865823 0.020050178905520903 0.05608001723568221 0.10642712202169027 0.10171502962629046 0.09154440548329881 0.05964478016913656 0.026056851402909004 0.10915323231634928 0.022797708797765572 0.046726376122329646 0.05673234276002935 0.03500467969705228 0.05450541122421029 0.014895547614972218
24 0.02792800804356749 0.007777701967173571 0.07110352391596644 0.05156162190302364 0.06219686576872318 0.0317143352952448 0.006815854583137246 0.02903393375794176 0.09143667984522966 0.001603169708800105 0.08227350244463359 0.04544625327030789 0.08505244435240084 0.08707777993641677 0.07759315464843085 0.06019262052309813 0.015656883858715817 0.03915791688045846 0.06441614257978322 0.06196160671694659
25 0.08682021559381675 0.02950578180312707 0.09665701565242595 0.040951518015346876 0.07314033817855647 0.013068505075794648 0.009493630841140022 0.004181819302626934 0.06223076926428702 0.025155474917643392 0.024074529709740562 0.031031037049045574 0.022807160038545892 0.06209582655597521 0.09798046055548744 0.10785817204009022 0.07390846981676684 0.007248007749262581 0.02864829240506435 0.10314297543525622
26 0.04220533992373114 0.08149341199649959 0.0269161672145283 0.024121563369948005 0.07336322145272571 0.024066470965072754 0.04292690607933132 0.03864973746314541 0.058428530518143194 0.023746718468466918 0.08429838565799422 0.015809759131539324 0.08104889514321302 0.006950476981393059 0.0625986185684728 0.009588298827912846 0.0823019241574601 0.08157550772931901 0.07507070111557793 0.06483936523552535
27 0.08880133897291678 0.06480326022151461 0.08402992230785368 0.028590475049484195 0.03889507463572666 0.012474497065496842 0.0012390406832778593 0.07592808366739306 0.047217943011193475 0.036701496152690666 0.030533671138173527 0.01506217507222825 0.02859028031320507 0.10196077603888669 0.0846273655149731 0.004401514433093903 0.07811499970100268 0.0920869405102379 0.012525389218131514 0.07341575629251955
28 0.06258992917559575 0.05490013733894654 0.034279105630267495 0.09290055235234608 0.05980084580828791 0.06780932303204035 0.03499863240842454 0.041121660421519754 0.08063436737239346 0.016875136707466903 0.06215128516025817 0.05698150060427403 0.025195387789486448 0.03647508916478928 0.09270648540103468 0.017900641524853565 0.020836945775478614 0.041641880118350225 0.09533283362287985 0.0048682605913064735
29 0.04509976708330819 0.1024734801598013 0.07859817565016192 0.1029878343795567 0.003955452542063279 0.0445084244895898 0.037146788411383136 0.004454057046242889 0.009042879440810047 0.09443148834876904 0.06406195012098548 0.02101884796247992 0.07901468032010213 0.004388307508466234 0.07650683239610603 0.09446879555240886 0.01561062188955377 0.023433294772290073 0.019122722035192198 0.07967559989072892
30 0.0605342438291517 0.02576646026997224 0.08557233057979767 0.00011867919570018381 0.054149916054635615 0.00890599097130128 0.06974535596865526 0.03161583139832453 0.01716443556843297 0.07283551771987985 0.08850202891369063 0.1066483068882453 0.08257729452771978 0.07090699204717521 0.07520106423111506 0.01600864546346038 0.021770413262509374 0.01959130807575099 0.08508585420663384 0.00729933082784833
31 0.016039912020541808 0.03778664228018016 0.0011295146207219821 0.11790011169889138 0.015171179413867336 0.0030308986128535164 0.09874297332060579 0.08824912077333223 0.07413151435085555 0.0003738147249646458 0.12236988628072558 0.05445873922170384 0.019614603709989045 0.05093501357187487 0.06958246420591435 0.12113927957620417 0.000898196052081463 0.024196120286591846 0.027902292907015364 0.05634772237108526
32 0.0013261872602854977 0.08905503025264432 0.030004601643331696 0.10509697489387423 0.0560329128097785 0.05236034631106718 0.05278012817097875 0.09395822347783173 0.012006875989724419 0.028832572245689178 0.011755503799755025 0.09124990270716861 0.043020236621561445 0.08398304073579793 0.05966783852339144 0.011246211930647147 0.09256196887223095 0.020840808217625267 0.014173135744340917 0.050047499792275955
33 0.026639143466344446 0.04389083813873187 0.07332989734242108 0.055997988581482756 0.004653659605411013 0.08760640701622302 0.11191540557709213 0.009997954329496623 0.013491842769893026 0.04245355935366734 0.03569610716385892 0.10936683468494962 0.05581490388477003 0.08654189673567322 0.05997049128579209 0.003809077616875575 0.012505298226564774 0.07773130162852618 0.04137412139516065 0.047213271197065365
34 0.0496474673555054 0.05804622746433702 0.03116472160593581 0.005314848587060941 0.08803063621690842 0.025783305791240656 0.09614631735856347 0.07412450131137341 0.08570778497346075 0.0946834317802334 0.08390948171191072 0.002326784155158262 0.03263346345137037 0.05184152765530039 0.024270446679869835 0.07026414840290625 0.03006914877800021 0.004370745768729792 0.07483936878521659 0.01682564216691835
35 0.024889690945878472 0.0518325809731426 0.07535435300051752 0.03065542789606458 0.05866142732320144 0.08318335723334916 0.06153054130847003 0.011320399868133654 0.0006355694452215858 0.002254868440054751 0.05858447430711765 0.04386338532263545 0.053051225121526706 0.07407522459127687 0.05925044860725702 0.09998759699477099 0.06273314398097062 0.06833578206291062 0.04278795944390743 0.03701254313359285
36 0.026491669568485438 0.08855127591921642 0.040255158831041644 0.03179936139398987 0.03462085143210502 0.10591478437709859 0.1049758920866432 0.059507269815235846 0.0027034557323016655 0.03489767716623293 0.043444723646554315 0.06987295395169962 0.007608341806775538 0.037024255643819066 0.022030295350877853 0.1022014495529817 0.0384300696831679 0.05525185803025441 0.014366514059036698 0.08005214195248202
37 0.014557629717689521 0.04091901320412384 0.03673227855909439 0.025944037209775853 0.08298644795916285 0.06258454174101132 0.04617395768389841 0.0822145081408198 0.030685916786182283 0.030238786363537763 0.02503875722126586 0.017093541113886817 0.025211970752963782 0.06755064052229814 0.06275434230728993 0.04542358258974809 0.08107799538362981 0.0816183958273584 0.059802946000773974 0.08139071091548913
38 0.0807358682359041 0.03323389332548126 0.08502298414112916 0.028552393018196776 0.01994495660800075 0.04737610450481156 0.025195230492777793 0.08210216301313633 0.04058751375099978 0.02261460568634885 0.036236411648419176 0.08747610970666486 0.0502308315213554 0.08495227883537015 0.08866801618152179 0.04300377821110614 0.02923419766438538 0.03545799487578192 0.0749620337515846 0.0044126348270240815
39 0.07323263553171823 0.06915420312526604 0.08679219840985582 0.07016296568004775 0.06365069549031536 0.017886247650020237 0.073853775336965 0.0601471435988908 0.0870547118822305 0.0022340848197533797 0.06233736100604632 0.0635941813491652 0.01697523496011594 0.050997633179207975 0.0803170858853781 0.009402448285949253 0.03448652613928567 0.009680980916599724 0.003278930374964924 0.06476095637822378
40 0.031716185584727 0.05489794915282629 0.06827415034411542 0.023387383958629406 0.01765365424688344 0.07683784910235907 0.009321767811239523 0.0258278243954393 0.10261625291407254 0.0455923290028918 0.007341601517511454 0.018391253601975036 0.08953026002813166 0.09470771622301104 0.08217741980163103 0.053248719624843635 0.0067604680707907035 0.04568867007565792 0.06291147230150602 0.08311707224175784
41 0.08485698231848568 0.06092395758738032 0.05879015633319133 0.07058872658141337 0.05794699389922619 0.09648865214574805 0.021312692437176615 0.09060984344166538 0.030526099413892404 0.005431339945243761 0.11988005061842713 0.019138595904416984 0.027989725849878976 0.014393342393986307 0.04149614900199149 0.07225050754253122 0.043888990132941674 0.04154482476851641 0.04145095687481775 0.0004914128090689616
42 0.03017946337071398 0.003904584257472199 0.04245533478707198 0.04545654264843227 0.08058571524282573 0.0073758242225711946 0.09035992517243036 0.04440381595477302 0.021920397026416 0.063115974815299 0.027695279354174478 0.0753480049712131 0.05593030706824649 0.09889324164794738 0.024721527978666277 0.06952970214353255 0.006587792193568937 0.060699508152456096 0.09476163874083376 0.056075420251355
43 0.039490429298722686 0.06720119365878036 0.0614007076532561 0.02838125714079173 0.09382869707135069 0.07543268215048488 0.10488326198926404 0.01783379597066145 0.033626162565057495 0.09263924836193771 0.05969684900271786 0.023444393904462315 0.0016583168450933943 0.06346289032064838 0.1004436598941761 0.012741114657591188 0.049018784386606847 0.022484116161854847 0.0482166825262917 0.004115756440250189
44 0.015592505961408256 0.07991728870097431 0.03811125781927399 0.08564411588862897 0.05866434415598643 0.054088629016169565 0.007029886512420195 0.060743964828762986 0.029348364282041132 0.0801582746263937 0.002721436012736143 0.09705517197355719 0.02191686540126133 0.016475700565393065 0.09092954722398558 0.09177442890831386 0.04614353421245677 0.02047518094866924 0.028462852167705575 0.07474665079386177
45 0.006587468010057487 0.03921110556406436 0.06930313401476412 0.013576335339225835 0.07601402892175735 0.0853548064696775 0.03734051373307177 0.01740269522330786 0.05539917065596931 0.05770825906631459 0.06561216173887903 0.08608365363790987 0.06937211412155957 0.06592411496200998 0.06509666677328844 0.0034947731318756585 0.07407890032738967 0.06524160899214054 0.044472573105717395 0.0027259162110197838
46 0.01330646636407282 0.01125690037812888 0.049384747611643014 0.03082677602094354 0.002587937122869573 0.03169182234159867 0.03873895511280073 0.05498679234697753 0.006467196726689904 0.08768538589252563 0.019229146572154552 0.08410823536767278 0.07815538865706662 0.06212641387849403 0.08113596185151808 0.05532875480147404 0.09617419947405338 0.07219121618002057 0.0870554453163186 0.0375622579829769
47 0.011548122394743074 0.06408732900323157 0.05771745610482241 0.022794413907206892 0.10251762103105354 0.000300374825922506 0.007919778884808389 0.04183082959442598 0.005914925918207677 0.1015562055725514 0.058756818938115477 0.05899340956007747 0.07135869089783244 0.09661920455855023 0.0045740082197392685 0.08054773667311857 0.0666150266159082 0.0362946147758376 0.07613172192743983 0.03392171059640761
48 0.02757217831334231 0.06387547966826691 0.051936704323140945 0.009192952864156341 0.03483994267510998 0.06265512283965528 0.03120291571218164 0.10624930425100662 0.045646812777385914 0.02848904756025733 0.08605978603491782 0.07362899098682528 0.07915144891407148 0.059695209938734894 0.02547565064415382 0.08038393738260598 0.022451123865545156 0.026802152933414685 0.045019774718467256 0.0396714635967604
49 0.06986466681157712 0.07820965806713132 0.043164577493786695 0.05604291699923955 0.05751837614174834 0.01658031929465778 0.054487364428461284 0.02861362951559525 0.01284105790221542 0.03392925827696681 0.06197700776948125 0.08476792988963724 0.03542351766314597 0.06790731880692447 0.0035466907803664367 0.08436060212239914 0.041205113396411454 0.06754895883827634 0.04444400550039247 0.057567030301585644
50 0.016637936909556502 0.030819742314439746 0.041080299020701594 0.05731614093789628 0.010001961980316193 0.036186567485087466 0.09534434830992658 0.08320109016501004 0.01914419140582892 0.02674154179267131 0.03589326815667509 0.05475558065305854 0.04797255655770698 0.0014495598639643265 0.08558924918812581 0.08456057755900932 0.06998333377131015 0.08277907886477176 0.05162481496883745 0.06891816009510587
51 0.04182827092212472 0.07072675933110992 0.03690158320391748 0.022416074309413024 0.026082674410165572 0.04927821370358586 0.059084662670315966 0.06747210779895661 0.07925365275054193 0.016666991028635544 0.09044860219145222 0.021748864687669345 0.07457639056493198 0.08330517898813668 0.026636280636934875 0.038733773523016095 0.0716143454730239 0.007181787672286389 0.055753626361902384 0.06029015977187967
52 0.08621849182789694 0.09463181364917617 0.036606001199271744 0.08899811250269046 0.04662522544700548 0.014283408609945683 0.05888098173237661 0.008322029974087037 0.06232525259994574 0.03605421075271933 0.018604915566619213 0.09277736164653515 0.04753737986807671 0.027754302676938906 0.04017785474600231 0.0696606832033375 0.029753579852009736 0.0424558347499508 0.0833235936630126 0.015008965732402124
53 0.018232201095018327 0.038871042757954916 0.06983351402310485 0.006715980909237955 0.05361465426405828 0.06746475444126106 0.0618549180098037 0.07104579823979912 0.02012077785442028 0.059687934254697865 0.07211365043690843 0.038325511081102756 0.06627580517336955 0.005445431629066831 0.05501538798555116 0.05941144764132363 0.051079087360746595 0.07476072343847122 0.04701249087700147 0.06311888852710197
54 0.04208574800195302 0.09481194601308061 0.05001664330558759 0.0815380341382486 0.06749323960573284 0.030734191019453586 0.03322831321766336 0.08595002905174737 0.030683949400246976 0.041596667878537365 0.03363561960396165 0.029576100138243893 0.09189816085510526 0.09450032370973847 0.013555308603711543 0.051782049080326215 0.034305050884796025 0.008274515138451812 0.015599740510971185 0.06873436984244276
55 0.10137219094624768 0.05486173489872935 0.07002818123184705 0.027646156764557853 0.012901936677854841 0.047859896745822625 0.0069806093525612714 0.014593357798579206 0.04073162198855112 0.01546319028365641 0.0104964032686785 0.11792944459538374 0.00754556516742778 0.05209935943275465 0.05186888560743102 0.1142736017933209 0.06979360527649571 0.06645277517691954 0.10462970983897983 0.012471773154201048
56 0.021944533601360616 0.07702954052266606 0.05478373861301083 0.03822335950978192 0.061916318975351756 0.03874600167326104 0.056053693522243396 0.07734954919040327 0.045156289334724535 0.07550344169521131 0.028251897068269874 0.03275329279647767 0.030332706636785094 0.06283488585969157 0.06679772022636349 0.05271774319027269 0.05153309435294904 0.07002077653522323 0.015912669981304514 0.04213874671464806
57 0.11532218355071946 0.05170265141690238 0.0009036751095323769 0.10729864915575452 0.051942196585119664 0.03701454583816263 0.02593416646541115 0.08333041642020664 0.07399519600790591 0.021180337931264545 0.07497130382372563 0.0047582199035694685 0.02944414925010218 0.0379127068085153 0.10076602897863252 0.02194526408383978 0.013375630548306176 0.05107605519285987 0.06721726901544042 0.02990935391402957
58 0.0487902331838332 0.05679636259646684 0.050901808846538305 0.05926701657226235 0.055010898570923644 0.04184360007390474 0.06952920589528022 0.08375111884870931 0.025230104283604202 0.005656289325988381 0.0661482319080466 0.057228962008241596 0.07224461787178403 0.01509718419655435 0.02448845667560168 0.06251983028191034 0.02391492012916005 0.08254253499287556 0.06825727705669321 0.030781346681621316
59 0.0481669321323374 0.0726568201635076 0.06203930919219542 0.10443677012951597 0.07802456225652399 0.005689805052721065 0.03844808435592351 0.03000816030883734 0.0009935233601876515 0.02228502016140305 0.02975577138791747 0.025918577655449464 0.06773332500402576 0.026997530102217643 0.101336021566306 0.0021874416959582767 0.04313872937056394 0.05402463268521049 0.08789177356671843 0.09826720985247976
60 0.07377600728823097 0.014249783816468256 0.06084493335511623 0.013999972531279268 0.0810070638301875 0.009759486478816639 0.02572030792212203 0.08091623112061151 0.01248718001962555 0.08765543240266827 0.040252612221307243 0.08399469182744573 0.058209568848579696 0.07078785434132752 0.09018368922264662 0.0295962850613013 0.0390632789602705 0.004680868233763811 0.0324646262412117 0.09035012627701972
61 0.0067088918601748 0.08991321573365667 0.046903695696867344 0.00409549368014052 0.02445293356988017 0.06615746549576622 0.03391928817495977 0.06841625619871669 0.019636745028376285 0.0627728503479906 0.07772996400569411 0.06376870804810066 0.03012403366000567 0.09291852379003505 0.020690797766972985 0.07190097334390481 0.08987871533613108 0.029791290535730104 0.03573672679204134 0.064483430934855
62 0.0664886189724626 0.008682279008803187 0.02826112567548027 0.09459655739457111 0.06642058897489753 0.05787478000480445 0.05940173494298575 0.03596721180368482 0.05270502818310306 0.06948310594584055 0.021191628538590745 0.01057342594996446 0.053418660060314704 0.011284339299307675 0.047444446408071994 0.09650319042536926 0.0934491568991111 0.017233870373984744 0.05129173710890408 0.05772851402974786
63 0.030077811627625854 0.06107331669807846 0.07006272834982652 0.08644815197358378 0.05425959881708363 0.08400464561561193 0.010569862361170357 0.0011962257941139974 0.052962129821139584 0.024858993615977706 0.0272039537121712 0.026736158923265887 0.02035618718774658 0.088940912941764 0.048715652990940626 0.020244344802896903 0.06906172137292627 0.06383230664227339 0.08392315762232708 0.0754721391294763
64 0.006886663352772016 0.06398236176172194 0.037733957356559 0.0046905076571174134 0.017301978631663877 0.0027938871038065065 0.07234492115036416 0.05983447779739977 0.08173208932742633 0.06412480349638174 0.07185166922400646 0.07809462638256376 0.00014192571765932646 0.04016007606396352 0.015934345397481915 0.07969991005240845 0.09418771016341722 0.08688253732215614 0.09444986074498266 0.02717169129614762
65 0.01322740584150434 0.012627427278026128 0.07512938402644348 0.06918916319962833 0.06647022129232068 0.005301120494877209 0.06008761478703182 0.028023782989835617 0.0907537655995947 0.07152048572717977 0.07905919753286153 0.07975300516327144 0.06869713709078012 0.048087728065699505 0.056701330451571205 0.016935302452489472 0.059341291733204085 0.052965144618763366 0.04171308207808114 0.004416409576835905
66 0.015493140849826784 0.014184634821542844 0.07101659250480105 0.08198416848969678 0.024822333625418642 0.06157241636998035 0.05150519810401374 0.022778025435484676 0.04152040476815181 0.040758914621150624 0.00916240575846158 0.015763145723436723 0.07884379663704283 0.08421648573577127 0.06712051577846628 0.08159560449744725 0.04172484732257317 0.02580714601691768 0.08415207162554364 0.08597815131427226
67 0.0627794343980096 0.013341435736611208 0.026130443141588452 0.08093661994802516 0.06483619119185015 0.06336333892985697 0.0838807868451611 0.012155972523545524 0.0304686613624339 0.03717926106696242 0.021421942229678363 0.062222356095786954 0.04164455770025535 0.07527419648658543 0.010987664846070335 0.05430114396400315 0.07568965681921089 0.07398531094504815 0.0441099560978034 0.06529106967151357
68 0.0016480604661684567 0.08794720087123319 0.08288900571444624 0.07207508707595693 0.011713511078127709 0.08419945348406631 0.026921972729673557 0.046667372588888444 0.025527294624889164 0.005183426394263914 0.0536151127293029 0.10036960237320332 0.006919837409447635 0.054233519405088505 0.10329295371553293 0.08596387034031767 0.02603253714066708 0.03708249080774006 0.07121488306874939 0.01650280798223643
69 0.03947323082197534 0.05887114403405847 0.05263503003733976 0.04297400905348051 0.07004459467682692 0.029621172043480155 0.032604125087172205 0.04060553802350649 0.034932120654070836 0.07854204616036907 0.03425377313520381 0.06518130421097441 0.05927280074357959 0.0589220576531415 0.06271550963896871 0.07890809993177403 0.05070875934313026 0.04862396486480746 0.01150181346502045 0.049608906421120265
70 0.03889808828482525 0.05914706057544233 0.012089479836836803 0.06501432192278431 0.04484417026299633 0.05181436381332094 0.07987462156716148 0.09056309071421405 0.08200016851742556 0.009934043564244996 0.0046620530315015386 0.0627145643266863 0.03185238236674513 0.07997376143497005 0.013031291152140053 0.06060994814707341 0.046858774130617516 0.06401569522213645 0.034874900348545 0.06722722078033236
71 0.07076659136127329 0.07107778132870098 0.08428192226048223 0.02586010797590064 0.010414452890036171 0.016477494752742464 0.06153876412913135 0.06802489360450999 0.07891760807305073 0.07320447768509826 0.08139573612665167 0.021048787307325987 0.00506408013329827 0.018275128620877087 0.06760220701471645 0.017948433246124686 0.051655323928286666 0.08315656253337612 0.0747573015741188 0.018532345454298202
72 0.0026812443599123896 0.08620540539671873 0.005528723299722344 0.033177160123350494 0.06538885043960643 0.03989319762287341 0.055819455915231804 0.08076203619552559 0.0007256900866059439 0.08354199527820921 0.03810315098994285 0.05331927348406551 0.0950438775188927 0.08664247989854765 0.0686528312620664 0.04513212599986469 0.03827681686766286 0.0747388091085709 0.037147493185181166 0.009219382967448989
73 0.06535414709251164 0.004339870547431841 0.06231714179919711 0.024422438641823543 0.06005394269541095 0.032563130954274294 0.012704342597730506 0.012394919188560628 0.08298210926538623 0.0692674325829291 0.05444630677890509 0.10144057295454843 0.0008858282028127105 0.09382571570481678 0.10169736689841108 0.013156527418019136 0.05237912221109567 0.015172026035988787 0.09247990913023646 0.04811714929990983
74 0.02350747960754929 0.02487372380347326 0.007736585084685433 0.03461502896590252 0.09851386075582513 0.04298423781045657 0.06868663913881536 0.022533378126101657 0.04622848973669291 0.03860853997644934 0.020355540781914348 0.057663093004458196 0.05929768001431059 0.07508179732950049 0.10901754855662174 0.10227740090273268 0.0590393532199245 0.006279596241997492 0.023731190331316772 0.07896883661127166
75 0.04277074899052595 0.04814194861137575 0.06686111928730079 0.036299493256081374 0.07140008968291671 0.020819652244320547 0.02496319864827921 0.0592986759703066 0.045142557551087155 0.06681045447718323 0.07976039466348404 0.05562812123830423 0.07862266908774969 0.0175012849148932 0.03096072531696686 0.07650426170049125 0.03605341666647678 0.05247603358998732 0.01750966217326794 0.07247549192900143
76 0.0983153260046084 0.059472281056576586 0.028425902203856126 0.04429676932716469 0.10743742753257353 0.008408437560999227 0.039919979600921224 0.07002517866439531 0.04771196352571496 0.07165860375669242 0.015540991651430356 0.08691720516721582 0.09039484630096854 0.0818181559669045 0.018516948352353225 0.03752827119225516 0.03514942197276846 0.014316500328780483 0.025846497484234017 0.01829929234958693
77 0.11205199107563547 0.0010186982963193167 0.09159914206390782 0.08921940391212392 0.030116559909808566 0.06553783797397997 0.08452941965645774 0.0628244285677633 0.010465853714751928 0.0852347220546875 0.10943294116640087 0.003540448461519972 0.052369750290739196 0.05180348918504385 0.05182670192033081 0.015658897687700634 0.005506820871235922 0.024995310858852326 0.04112703767348829 0.01114054465925239
78 0.010473248149932264 0.030957963299134018 0.008784039340596095 0.04039406516928575 0.08228276207007407 0.07525618806555344 0.07607593890265667 0.001353267233636939 0.09843147375514096 0.04595553907503432 0.009714634850388822 0.08807101632708624 0.02311727030757801 0.011974163871880652 0.07406226046675507 0.10307510928999614 0.04946289178533066 0.03946173149050589 0.08595061595790349 0.04514582059153032
79 0.08964336411303092 0.06347359615234296 0.03813043256893028 0.050018696921148256 0.07782185654235187 0.019282239897300706 0.01022309447693426 0.03305296076409162 0.030866901676136368 0.02536332437949105 0.06914435644653895 0.02869834688831434 0.07198259703163565 0.03916173522268092 0.08735586658483246 0.008701925601711335 0.10185928583813898 0.04979481926287913 0.00967190777000335 0.09575269186150663
80 0.05800299967978298 0.07183748552874072 0.09711687584453786 0.02045831644142792 0.07399116157694231 0.06259713711485396 0.042285639777437975 0.06397382504911749 0.06267765019290766 0.07210399962798367 0.03527491397096837 0.036009216839262434 0.03694766465083351 0.028524503687661393 0.014992607531006346 0.05142954673848947 0.00847482030275251 0.06457656269482678 0.052677457129233864 0.04604761562123274
81 0.05589280228752827 0.09902172493917134 0.012758490168480623 0.011614582667145558 0.024628069947313133 0.08998286983197146 0.03747594716907701 0.030374842803625852 0.08774732109763679 0.03817714649087593 0.08064204166880301 0.06838686515665254 0.055543006984957545 0.08384161757268485 0.022163770262225907 0.07659594075243374 0.015717969408516837 0.020649631807808783 0.02081674612849309 0.06796861285459756
82 0.062249598333639834 0.028706102804993017 0.0019821551375208187 0.09613309863665304 0.08142817998754477 0.06229120437779104 0.01884751687993647 0.05577065614884803 0.10046356952163597 0.03171349196397675 0.012866297104953255 0.09909248667724316 0.10150608377744276 0.0655730854981843 0.0259276679822999 0.014456702011166434 0.023219320760091193 0.051480012026957886 0.0072022446537430476 0.05909052571537824
83 0.034526956746218786 0.005050828747011952 0.0104538161756021 0.10629929037423672 0.07778980433101944 0.006437375061604325 0.0263119872887406 0.09591890054531182 0.013867536361080575 0.04679162105954304 0.05816186234029964 0.1157700675857681 0.05569939302001544 0.0023434980667139706 0.046620982671933764 0.06929097112029475 0.09120057738552277 0.026288119552959125 0.00413066602966499 0.107045745536458
84 0.030202594664142636 0.07946378475700053 0.08947617617823432 0.05557368534236777 0.03557210092049957 0.07266392452446731 0.056972612467512666 0.01811501839918364 0.020603137343591996 0.021952167038251317 0.020160595472496143 0.02980130155792244 0.045233856507883044 0.018161621852243685 0.06422198480341644 0.07180761351242701 0.0844548530653883 0.041178674277234734 0.07605489977651066 0.06832939753922589
85 0.0782693883114789 0.08983931228522155 0.0016249415720548895 0.05327788944341855 0.06562380848131807 0.014792527666764024 0.06366849454516595 0.05143180658185898 0.07865655756985732 0.05744936890183987 0.07986296676907832 0.07348951702970699 0.0029478176502515077 0.03607384782151173 0.04134383999396712 0.005525029217747356 0.02210809640339773 0.023446244693362716 0.08618284898304684 0.07438569607895171
86 0.0032950811558688274 0.015661951712648538 0.09309788843840351 0.06047026358673276 0.05811457703833597 0.06519431512533262 0.038270069654772074 0.06459591044389591 0.053034812778337076 0.052114742656067706 0.017646246290867466 0.05355716518316041 0.08424693126868413 0.05035425122235721 0.04722446446461482 0.08492289688848745 0.06473924031244334 0.02491292564213807 0.043166176479368636 0.02538008965748347
87 0.015446592512038266 0.08106882875749134 0.04998429100886492 0.02088292188868032 0.05752407798214425 0.019081888957460998 0.08845482307067545 0.09008071707455242 0.03047248662542373 0.07271365155447022 0.009873001347163055 0.03101281470385817 0.05088389954025771 0.08486943060090216 0.03315642252400593 0.0564287007609281 0.04365123303392471 0.027055294661518153 0.06153337453432915 0.07582554886131093
88 0.004418781889032031 0.058731559503490745 0.04760315211941553 0.07675472011014799 0.08904517933669287 0.05867158871209917 0.06296879312586491 0.07397142989081554 0.02813559722383503 0.05949176092804711 0.058803648075999713 0.040200481178709314 0.0404387353026606 0.08417825668255143 0.07625575563218838 0.0514325272020956 0.04128607947713115 0.007185759933377524 0.03268024932270502 0.0077459443531403445
89 0.03720643890979235 0.016552629245238728 0.04063491897128911 0.024690615065998518 0.026949070571353706 0.021887773253735542 0.08702245346527868 0.03359615109540716 0.0873470843319918 0.08393023114082848 0.012403232707728803 0.08181185797681696 0.0597108052166874 0.08125642075456194 0.0029399909934308406 0.08303393036926254 0.04678820879292844 0.08401665841618627 0.05218834389715724 0.03603318482432541
90 0.03581249749729879 0.06577544208037114 0.06411639848278984 0.03144764766011448 0.016402494414950924 0.0314460801295069 0.061644784807317984 0.05785710581003103 0.08773848536760653 0.05172975385902907 0.04263611545025735 0.06561803504500784 0.03588952116410796 0.06912195998418626 0.08194247621226404 0.002813850477756794 0.01810380345506659 0.07165494974213193 0.09003720124675896 0.01821139711344561
91 0.034082268808542496 0.04130148043980779 0.0764164278365118 0.05045737585600366 0.048721746846978005 0.08640923440266682 0.06247804167587779 0.07857618261142695 0.0659213017579217 0.017059842796650806 0.08296594047382992 0.017928431082941558 0.07158064309918022 0.016380505025190804 0.08652366643004684 0.029366206957466064 0.0049415335489602025 0.06272497864467218 0.04420729712454325 0.02195689458078141
92 0.023210732437926478 0.0005204124771974737 0.025931471288157527 0.02025866934909602 0.024661041272298533 0.0167180839244082 0.07230645980924962 0.09279002251997372 0.05590893204010742 0.06195062043599508 0.07054772267485478 0.05422359724156059 0.011207091493670362 0.06145211783967856 0.013356288021109863 0.08080430408599924 0.09191900683853572 0.08066887858527327 0.08000668159603089 0.06155786606887667
93 0.03340921877939673 0.09152433302085755 0.03983638392976606 0.07205829327088248 0.018637096437160806 0.05559590210463048 0.08896165738468413 0.030542538115923237 0.03192384305079943 0.039540452847236195 0.038683077749673125 0.08800074223865963 0.04619755940394756 0.06871739260803299 0.05772307913534133 0.000645034879883581 0.03297753340599285 0.05031523180903353 0.07045983556319235 0.04425079426490579
94 0.034758195042441674 0.08490883181823451 0.03353703301786675 0.08221319449393669 0.08444736690330537 0.05612165303024565 0.06901725542652223 0.012728594020444201 0.014553115658668748 0.04583318959131937 0.027331151894855056 0.08233802739987077 0.08167365122152762 0.005053746573173477 0.049698216300894556 0.01302643291769123 0.03852928000324692 0.08449385938359898 0.06765790881703751 0.03207929648511859
95 0.10980874226913505 0.10480514818665679 0.03205330529153505 0.03772826298325771 0.018695431543166344 0.08864104068295836 0.03487827059812509 0.028308092111183042 0.05881914022703578 0.006529841681164693 0.01683921242443484 0.06197745392599177 0.06521909271257739 0.004288507354086447 0.004681741502096003 0.02250835229267414 0.1107475100705381 0.07471472158939237 0.040158829687055204 0.07859730286693592
96 0.015824050351479598 0.08236851480931721 0.04985508550904929 0.07945091833992038 0.016202108343079297 0.07716143244719582 0.035519248787037 0.07274175513187847 0.022389988784745275 0.0652284348743421 0.06327201865264794 0.013540494812033548 0.08315924560011628 0.03394054674657892 0.04898021116356209 0.009045602870653391 0.03210230349502997 0.07462595731462637 0.06267852062652123 0.06191356134018589
