0 0.015611714099615428 0.05421510132762673 0.06456793021861572 0.04300261090292281 0.012260326797678751 0.09850147963203428 0.04169596860059542 0.07797833094813798 0.07374167020229015 0.05538602262072468 0.07591295929803252 0.011048779195420863 0.03383990600730763 0.003971447576993194 0.07920852254918419 0.10257825516104549 0.0021306097915343627 0.06948620978178933 0.043683136257653916 0.04117901903079658
1 0.019617690360923763 0.03934885722865708 0.05073185307017874 0.004944938274738571 0.00474253515677192 0.045038554380029384 0.08536489161568521 0.032905890539815776 0.06346087252886404 0.054984608628697425 0.048465902085070206 0.060998754243542924 0.08002439302709585 0.04574048780614754 0.09000468300113197 0.08537477387312982 0.04005291140489565 0.043715614407328435 0.01638626135089163 0.08809552701640394
2 0.007206661536948545 0.1200039214333486 0.06029010008104319 0.033075368916204086 0.002303905382451307 0.10234734632766093 0.12891977812943528 0.026084502903472903 0.03507632454994925 0.11115739877517926 0.01254836176882746 0.014570979033171194 0.040433852638832014 0.0200305183381091 0.023103931958538132 0.10282649025970439 0.029364948234910194 0.032322298205501275 0.06181252926342114 0.03652078226329177
3 0.02061458117933591 0.017551151172289368 0.04505989713878619 0.08532571358275293 0.05439829445910703 0.08425164609522476 0.13598171797641675 0.011354510795622951 0.03835995862226368 0.06487795284648323 0.03041046070456187 0.006484798784259966 0.05045835251923792 0.03555622734054103 0.017919527447707254 0.03085145955117838 0.12709662900070778 0.06402544656083765 0.01869034466865253 0.060731329554032994
4 0.014428139102964557 0.010264753729003234 0.09730069673785251 0.015322603278458764 0.023942476625719536 0.04638303674565488 0.03898808758549529 0.05573188245113831 0.08522802702454167 0.0053252373595382065 0.08796004635300309 0.0855373055642069 0.07080084856082858 0.0163364158693856 0.028308305025024613 0.0650618885560807 0.0645172499285536 0.06350826199320302 0.045363827722376356 0.07969090978697045
5 0.059093443233034504 0.056702042210927964 0.03428006788660095 0.06385360387295205 0.03277281397028145 0.008398847383979047 0.056702459853463304 0.03771128894699631 0.022458757409890322 0.06301465927226867 0.07513454913551297 0.0527517686725613 0.06370132614670365 0.020298965821674494 0.06873825129779648 0.029175109648135265 0.05112143547496446 0.07090512658923089 0.06347917261751211 0.06970631055551384
6 0.024813950416491384 0.06392448742055074 0.07337055452350258 0.012512621269245662 0.05536305778813119 0.00017114116907432497 0.045321751107993025 0.07281128448369685 0.004821395864048648 0.08765379294283451 0.04884704864700303 0.04142616839838848 0.04394988726259837 0.04484792958984529 0.0869658435900621 0.010389184304294868 0.05695403149353221 0.07803583213503022 0.08288911846237323 0.06493091913130314
7 0.0517993787974175 0.061805571175803146 0.07704023241194026 0.042115176723483624 0.044419277816972885 0.013542642621185423 0.07181174167431109 0.0004051299624793916 0.022711092216016443 0.021484936638236786 0.045229045379956284 0.07555769017121099 0.035307342653218776 0.06154877181053787 0.049788089353325245 0.04703673855931563 0.06409677904587417 0.0752577742029072 0.08313720980561799 0.05590537898018918
8 0.04792783754266613 0.07917166696198481 0.04808132631048334 0.010650324315616194 0.04364425971414353 0.020487226928335208 0.09068237060319052 0.0005990081624446405 0.08300583321681487 0.011157347829135786 0.08008927512802581 0.03686809673431328 0.08867911358608721 0.08950116351051804 0.06480932766494492 0.027740398840073288 0.024445101805552462 0.038028599499553395 0.0868407841320379 0.027590937514078515
9 0.07217060541315433 0.0691097228679458 0.09791270453694911 0.07181559816058096 0.03189880288681258 0.019980248789371095 0.07785387056926488 0.051129929828418894 0.026352233568376092 0.07670454710880677 0.008312734610524557 0.04212153444427765 0.07796482723103564 0.001598078897675172 0.09801792756571003 0.043591165199693346 0.08015210812711128 0.03549341996126782 1.2045512419555552e-05 0.0178078947206044
10 0.03657831579144521 0.07697444101326793 0.09038831887900209 0.04704804502540242 0.021087742143572348 0.10329086404370598 0.00028373206585640337 0.04892235414816922 0.08809739059437506 0.05184387125239179 0.03804231915882102 0.016553785550974757 0.09503674895793109 0.032656442296253564 0.061439060976782055 0.005827400646162911 0.07409178402040836 0.020163936877065126 0.07135541447440712 0.02031803208400544
11 0.04752800893445412 0.051906893089603535 0.03709270943830889 0.035331589474727365 0.07700465494690491 0.08662439574693968 0.010194676122092522 0.08908340186786702 0.06762947972312057 0.007099604264918146 0.09116198722468273 0.08920904244301182 0.04496953370481672 0.010115197559557306 0.026795671478540856 0.004984871879153912 0.03688364499387084 0.0509203485299386 0.053935218763157024 0.08152906981433344
12 0.04506752721265486 0.06593663780216183 0.035631592597581925 0.06487797186586841 0.07424517411531474 0.07657088437513823 0.025181047573507594 0.015553064943563158 0.0477111492811102 0.07981970773651129 0.07747449198098978 0.06351563395484415 0.07323279743995384 0.0049363156612711265 0.013603652575117867 0.04226410808458268 0.04347631115426613 0.06595358879095684 0.026008121291403 0.05894022156320264
13 0.05328574402792932 0.01645039458407072 0.03997309587407539 0.07644589762508933 0.0031802641500589804 0.03371961071914055 0.07328005205641631 0.06738408532502622 0.05116609336128602 0.06222687517672919 0.027247320551466996 0.042930552569567966 0.08569249390897635 0.04368722994625041 0.030877616587238043 0.08419080504058789 0.03400384673567164 0.0713453405215277 0.04935614884648972 0.05355653239240131
14 0.0286993246350333 0.07569548630023869 0.06474055004896201 0.034152527205717834 0.03844645791175134 0.09963048022657754 0.07666836250750385 0.03738489315502111 0.02313269915072275 0.06827685761740349 0.03268985713737513 0.0486476482926764 0.05583885060258254 0.07957509068729816 0.08710316901648196 0.03238855565583714 0.014805576508239009 0.0060429132913098725 0.006732490594213979 0.0893482094550538
15 0.054691891839207085 0.044184479737860764 0.081474099295578 0.04750129102223829 0.07588116458309063 0.006417647200718843 0.0280391088791904 0.08247365803853757 0.08566541395921487 0.03654021440555195 0.0007123537458539437 0.05472997816155049 0.0573218047497689 0.03494079546489396 0.06684748568002684 0.007935510845170128 0.055694412004926086 0.01605236345099139 0.06528084962224767 0.09761547731338213
16 0.06053928119286515 0.02273920551047842 0.058179128181154637 0.07089365117442435 0.0035343931139666367 0.0725787653336288 0.07951226781077925 0.07540753220798778 0.05506910952096078 0.0719118244445405 0.038088159851630735 0.03862360910092469 0.02589947806304166 0.02385393231185951 0.042596755630383315 0.05355366294321384 0.01132779411275761 0.06340832026545912 0.0739956680408582 0.058287461189084955
17 0.0022420837799698194 0.06387965718663448 0.09322498113829315 0.06469133257333481 0.08983085587260727 0.013072587006395452 0.058672241753448574 0.052237448063720854 0.019683082785337487 0.06364059142598531 0.03443353015711519 0.038168656038877063 0.03387976827760641 0.029849224263691146 0.08066659984409953 0.09477625456641461 0.016638779370009762 0.003396942459029403 0.083933975481136 0.06308140795629374
18 0.0591142748614573 0.07249325109524879 0.005186627947936339 0.030166277461991964 0.0376500094555625 0.006517768009491539 0.0817353528336734 0.020960067384797016 0.11244200821313932 0.06631569603197579 0.08869027003868747 0.02242764147796515 0.06051823075074704 0.016855403252466664 0.03569733477997822 0.006223899719378902 0.023331527673117285 0.04156453025051692 0.11495529038762198 0.09715453837424626
19 0.08627164614217483 0.03015440228299313 0.09027318161371588 0.09247065240267296 0.04452600826687445 0.07247122627919297 0.031722898505615514 0.045187742892027365 0.05939715114448079 0.016308071862859725 0.026016376526652014 0.025757030449314166 0.09246853571989236 0.06023175539966745 0.0054501000732323605 0.04796903150816945 0.022640796586377892 0.040159211057395 0.05697254868990161 0.0535516325967901
20 0.07211984030305299 0.08392442889446866 0.05812932506682353 0.055985609088893856 0.044329557718256765 0.08007983125280539 0.057215985395530244 0.05609357864473404 0.04180638897490316 0.05082861678679079 0.05057970867496824 0.0700136393555168 0.01785226510632716 0.07135019276970601 0.020853050480461162 0.05952228998798553 0.014565253949523904 0.022081997772611894 0.05189186800328154 0.020776571773358343
21 0.027462132084985144 0.03451596700384899 0.0881283028282398 0.036037412712249986 0.041957995531493764 0.08747722753850681 0.07978637065406766 0.01714139628635218 0.12493224659539477 0.00448905099870898 0.037990909729482256 0.016980941309172652 0.013471962026747107 0.02379945303507732 0.0167495914656881 0.10362865095329242 0.104348483743465 0.06389392206642996 0.00305668368952183 0.07415129974727527
22 0.0511183794625272 0.024615721916993058 0.004261923854225121 0.05061308038850246 0.025162451585998932 0.0783825300367262 0.07121074173701428 0.04073220887878561 0.058796928369677974 0.0711083619307009 0.0676778465438636 0.07582019556610195 0.035628077976051296 0.036117519797589225 0.06618115567747096 0.042626990690695366 0.07026472160168931 0.031577165260975155 0.06090409032636092 0.037199908398050374
23 0.01748812729197875 0.10620435390810778 0.09777634315026684 0.02619341884999574 0.01630829744995839 0.10881698529806036 0.001979880652069789 0.04419677318174384 0.005631791010832935 0.041260244050663 0.01755613451146392 0.025558192969908296 0.013478839042296176 0.10863299030079378 0.1200896135646313 0.005758867361001653 0.08749563864592984 0.07102467259472367 0.005353349615851392 0.07919548654972232
24 0.07509522767866357 0.025848996322107274 0.02044449339052916 0.08039646810779219 0.035298819075483434 0.03245437448336688 0.08715808801525378 0.0018755830764513525 0.04445458707067301 0.08509846919780988 0.04119694309539437 0.02847869193372771 0.018501935117123607 0.07962636807031985 0.09304972108033681 0.07370486871319952 0.03477592338303557 0.029295302102683853 0.07858541240535269 0.03465972768069552
25 0.0738847785087773 0.01723366004837291 0.07417819594195468 0.055487850201944945 0.05028927862024456 0.04732476968977354 0.057196202302241705 0.07550690479561317 0.03015445325593052 0.059426624349713436 0.02570760915612705 0.06511964186804844 0.03253499395892355 0.06981758717236052 0.04177284358594873 0.026414687670420555 0.03722454616890747 0.04027830163087192 0.05121497427695575 0.0692320967968691
26 0.002943897088313009 0.03513391829467214 0.108583516255447 0.10886100758915453 0.014694042979302718 0.003414440669963455 0.09597524849968823 0.04273354738809188 0.10163625848622643 0.025483134442822988 0.051022901384492295 0.014216543614634645 0.0030078810438921343 0.015083826285983518 0.0020644422638672524 0.10395631173493916 0.05343221950972936 0.06568717492223794 0.0934423152075046 0.058627372339036546
27 0.03412585664306877 0.07490899010159072 0.03120498191164544 0.07072374982767837 0.043863997319409855 0.008933539758105319 0.10855993188718333 0.022477682979927388 0.027578660791711226 0.02726533144720481 0.05423510557374327 0.04243316824172617 0.11226598463490091 0.025207035664018877 0.057183335201238285 0.027209591193126784 0.06984905523731337 0.04104090942910965 0.10759811807359763 0.013334974083699725
28 0.07016557379836057 0.014596882202753849 0.06417662975571849 0.06296144299359745 0.11358074411189631 0.006327155870833674 0.06244134766792761 0.07769811671866603 0.05095958557317261 0.007323697249414192 0.012955203211518945 0.019586131023432013 0.04799775160716691 0.035928794528075465 0.09107143709686426 0.007729103342204604 0.009569714936172084 0.12241630830731338 0.09340223157608633 0.029112148428825185
29 0.01998396267296692 0.08551909033473108 0.05662295901749988 0.10427834396591974 0.021978255777438796 0.10646231128781518 0.02545550814941059 0.07089326279645929 0.02998016446903111 0.00912596101042043 0.0667482184873183 0.005037974362249389 0.06777222933286683 0.005179769195816937 0.07707860966709297 0.0060658007228013575 0.04585888426527066 0.07962306819364388 0.0474977156070305 0.06883791068421603
30 0.012262791460461907 0.05707629377093969 0.019549059255721524 0.07757828557126514 0.00533330065225024 0.07758123130925469 0.08955275627163141 0.017083969667493492 0.02878691720138624 0.05178068042025243 0.024175006288365348 0.012933915439206077 0.05461906435656203 0.0779811032382487 0.09123096940909059 0.057033013951976255 0.008222039938965227 0.08405672119431518 0.08147435188279765 0.07168852871981621
31 0.009559714533519831 0.026178930631854728 0.08775648553957538 0.02221511297283081 0.0936355655302848 0.019609824040730004 0.07384511407444204 0.050100313060524954 0.059751173499053865 0.07400260044086544 0.0806714944271817 0.07135044052509176 0.002198923555438116 0.09368494536577535 0.025689822340616945 0.041097675232851155 0.054438105728849384 0.03351778841437782 0.008645018521327093 0.07205095156480901
32 0.0967367050887658 0.09353658244252604 0.017646740804906004 0.0540911712062266 0.09476507891254723 0.069392893988484 0.09281341038145405 0.014143287796282338 0.058252594359869486 0.07864606832458172 0.013034560901388015 0.02950303086706646 0.008395844810153315 0.045570304872118016 0.042855502962749537 0.00841592209560648 0.011555693912147585 0.0200807703123254 0.06728832409296738 0.08327551186783452
33 0.004881279031040339 0.001241498054602043 0.01567876227765777 0.0930329357431357 0.08141157409613366 0.03842991856857945 0.08232783046971366 0.04296334068528447 0.000371507246257099 0.08398719659393769 0.08313933294091723 0.08158712717585279 0.019427260286802223 0.04232632670773214 0.07670550029050499 0.07450186339667791 0.050172721875400374 0.03282566589940564 0.06424527995084924 0.03074307870951561
34 0.018880585477511348 0.05719375740242323 0.03131862576792861 0.03298307594288227 0.07637816829247902 0.0054331676243615 0.04856002297577268 0.0067751180447114265 0.005487547448377641 0.10130528813759179 0.09678752235466062 0.09655628147927364 0.06900567972213156 0.07936731742332345 0.07549409837273473 0.09217095451995622 0.02201131053878214 0.03537709352827057 0.02254029286096206 0.026374092085865483
35 0.05853781862462074 0.06455812969226789 0.025745137414721946 0.060930850456563275 0.01378591141109265 0.04597195769225972 0.03922759407066551 0.05312190232476791 0.06197326257567012 0.021578526630176443 0.10863459965959178 0.04069294786456331 0.0004912298542446321 0.04151558776477275 0.04279792242223296 0.019814860510092566 0.11980748534779213 0.0729953408494097 0.05158003119523918 0.05623890363925501
36 0.07703481219520417 0.06806731847398939 0.02299706220383899 0.06573830615299518 0.03138124922047951 0.053925879447652786 0.053370386255566275 0.035939928070236035 0.04971482026656341 0.07029512266441293 0.02887231742962384 0.02998594619498737 0.06977469428487919 0.03967761522158132 0.06731003535768883 0.06629327156359148 0.04720313462550272 0.02820565537263937 0.05967696491615935 0.03453548008240771
37 0.08988212549858707 0.000327286795920644 0.07563328552911548 0.009713557436863621 0.020811721829845777 0.02811592057693138 0.07517653425405627 0.07982264915336368 0.018586011943302425 0.054815825741598045 0.06631722344097019 0.017492575714921264 0.06965479088867203 0.08784077981472603 0.07871308153626341 0.024730782996842702 0.04531511767924078 0.04900080415730216 0.07687869820108877 0.031171226810388298
38 0.0731170740823854 0.07133886790240974 0.046765868945683256 0.02921445254644872 0.06352443337941037 0.03357522522879748 0.07513358322343794 0.01578247120923738 0.021988355883261517 0.047426929494662186 0.057563838890717235 0.04780975562053556 0.08166414417272576 0.07484209249948912 0.04886597749795471 0.005644443606127492 0.04580291522591098 0.051732028542368615 0.08447120497434484 0.02373633707409177
39 0.035912799044911244 0.01217251345210563 0.034819901933891464 0.03792879439409642 0.07771138831921055 0.09286020000727871 0.036864913696165874 0.03066114240796829 0.06398318312743871 0.09455731139741838 0.015841237930888416 0.07839107569072803 0.012422458640357927 0.04428508340904091 0.03616834537990296 0.04525815872268602 0.08785237417849662 0.012563018843354834 0.08931167448742088 0.06043442493663791
40 0.01943346212060271 0.04307673168969219 0.035150288864555644 0.009724490962946598 0.09851475824969212 0.010611325569418274 0.08708783199062808 0.09036159422889638 0.05462897236138014 0.10650855571416847 0.015847009883540073 0.10213860629898941 0.033704008957630295 0.003668977603598848 0.09531730748315327 0.022088815645021482 0.009919340772814797 0.10083894174397486 0.018544785807948473 0.0428341940513478
41 0.0951166900847489 0.022352050831907735 0.07348905542279771 0.0013987095437312865 0.029462142908434227 0.038392570129891945 0.05988906175819163 0.057109513181283864 0.0632352788399353 0.05348593515259008 0.01634008153756038 0.039565009256295025 0.021803893888099286 0.08317356333555101 0.04587794219363572 0.06308954781256204 0.07411418203459331 0.05482655262020721 0.06816225769984811 0.03911596176813508
42 0.059367092254339164 0.031917027518319145 0.08692292789462915 0.03507165999869412 0.010323265557896593 0.017670150438875924 0.037311396332566346 0.02852591423306637 0.09385462532082306 0.00865321401356107 0.028725965722521264 0.03600508117690717 0.09743656881010432 0.07499600299344264 0.022343637082365874 0.007622322855954266 0.0384643890925578 0.11143339263180868 0.1162991518832322 0.05705621418833474
43 0.05124392618490381 0.0011558921188677695 0.10592417641282967 0.04828989668465006 0.10179344008988796 0.033353615618847934 0.03979831336484706 0.030915759826890005 0.03961433985895532 0.025803204963988392 0.030208913106384752 0.05549210423020014 0.0048534973137055815 0.005486687798725199 0.08016800182911721 0.10371832021915335 0.04617587020007377 0.05552428350398583 0.04522064626720362 0.0952591104067825
44 0.07932271193878121 0.06417281764398808 0.00950400045830371 0.05945034331907232 0.043151674109647896 0.04082005326436678 0.05297172538602734 0.0281849626872472 0.04628245535624045 0.06825557338121904 0.0737871543340795 0.039431937191580065 0.005519467807216744 0.0692866220924593 0.07943361346765095 0.024510422689493164 0.06387645752765168 0.007579753415074162 0.0755769223208005 0.06888133160909986
45 0.0041336727349272654 0.09610843833010102 0.023743727404029562 0.06928237586916733 0.09904700024929657 0.017582340998132502 0.07031276254194667 0.0016799576700806441 0.002918130083466076 0.08553515658966986 0.04138021260063789 0.10132688964628059 0.09212493569432574 0.06733239912933 0.0109008628898234 0.0982532975872634 0.01687163770169707 0.010401359687304402 0.07559854766050937 0.015466294932010426
46 0.057564978210755846 0.04001439921658654 0.06778488552446649 0.06448594801013963 0.07084173493541876 0.008034603512720232 0.03990428938609247 0.07715153691466665 0.05527206060696924 0.04422854371885836 0.04292596438012 0.05140335350380372 0.009235497158108903 0.031139294823034045 0.06572229216138867 0.06190578672705117 0.06331760877390742 0.042695600510555855 0.04439344234656066 0.061978179578795506
47 0.10626084011452232 0.03915438919977703 0.021499852493969917 0.08120404495142564 0.025564307639366964 0.04667659079254512 0.02524379820937085 0.07878918582110302 0.009394308940207706 0.02271445751444647 0.07177376257854183 0.021257525363855705 0.07581196261955707 0.013635910403603485 0.10442382989292656 0.0349151298019817 0.11343720891920878 0.08801424511013584 0.017906962316906864 0.0023216873165471537
48 0.07959170941987136 0.02002861612562354 0.07076314555236889 0.05340155750692103 0.029385937781520287 0.030868950419153985 0.0599362245688545 0.027102618785339948 0.04886851298944682 0.06494042170311143 0.024447724243058223 0.014656941590840225 0.005654741160711701 0.08949782306933218 0.08433334277688506 0.07580048751414459 0.09371245858946632 0.05175675949088264 0.05888928724553988 0.016362739466927442
49 0.07595306909211307 0.047051055657814936 0.06151249324300636 0.009803470927186439 0.07196414326915736 0.031791680818347295 0.06859161539349383 0.06862022285000625 0.0697899458341536 0.012928656915008715 0.03322139390302342 0.0676137898448609 0.060139654909626604 0.0765644118086771 0.04851764830020184 0.03937982485995506 0.010255521735549741 0.07598869380849388 0.0006049151733171737 0.06970779165600645
50 0.025901796741309543 0.06430001409370496 0.03519353780692417 0.008574789617367264 0.029069627537221455 0.0004992091122811773 0.08245356781045153 0.10115061602195655 0.004958399282636582 0.09184475850681291 0.08131417231438157 0.07401090593464342 0.019670183877234855 0.10359024457662455 0.030070738692210556 0.02083116545949347 0.005477291296440103 0.08977695801585323 0.10299637292267572 0.02831565037977618
51 0.001108025873459518 0.022592898046957195 0.04728711377281858 0.0381779440931173 0.08226499946294055 0.03439003277740641 0.0467601322289258 0.05142370197951735 0.04748160821586184 0.11513733429519331 0.05466873721776158 0.0360309069916689 0.10623009849455936 0.015128274411125386 0.0007835859647483605 0.09060269147348497 0.06887526271022955 0.013946018470757722 0.040090483844565164 0.08702014967490135
52 0.08386711905514879 0.04114636333960516 0.05621556620189632 0.03533084578437694 0.06744106964686622 0.008677568518280698 0.0441656841743468 0.019568690128601494 0.06384423573843684 0.015448372137376919 0.05608585908764841 0.0291892228525718 0.06963942316168685 0.06786583709287873 0.06733815279831276 0.07152926083285813 0.024363939764726315 0.044648332639617566 0.07805480984801495 0.05557964719674839
53 0.04962914986087218 0.06568764116141365 0.06567303646974874 0.03125517882927561 0.07274768616137868 0.026177163158756237 0.03470625146986754 0.051162556465772065 0.06868531663441461 0.042949993591921996 0.053312263617821 0.02667239636019817 0.06437209716316346 0.07506637384968091 0.019281590633159637 0.03096253403295587 0.045198224414064195 0.035111216922821535 0.06920562184438064 0.07214370735833314
54 0.05223737168376723 0.07354507242115571 0.07261495900328714 0.028328840260456057 0.04427994030087667 0.03566325001216197 0.08247219821275463 0.07365212767171135 0.021708896430973023 0.07376895058822983 0.01239658923609272 0.08164442716268838 0.08957941612911771 0.007782781480545567 0.042720915772748586 0.08155653911108038 0.022834545381829822 0.0314928975861131 0.06517143630385934 0.006548845250550749
55 0.07625719372189779 0.09216313609723245 0.025836968054016345 0.00975621090866291 0.032608589948530074 0.10271869904348094 0.011982726243265587 0.02576564196719726 0.0583867682808577 0.02520040682860967 0.03812079941491489 0.10124748412296791 0.08660241771477646 0.038789251014432716 0.021964112599118176 0.005675196943620522 0.05612030737576652 0.08917976775769547 0.06754468867845458 0.03407963328450212
56 0.07940144639527154 0.007982965105004028 0.06509468501643821 0.07969286989396165 0.088972264326367 0.03182049533215962 0.04543065803577371 0.030837697595549208 0.011942858748957697 0.05639329384164787 0.07152652343577753 0.046253417153708225 0.0016230274264866092 0.042128995247939505 0.0921562699111892 0.07238404816067036 0.05544935759939674 0.08680993039252113 0.025234657273339303 0.008864539107840677
57 0.03089135168278811 0.005882992355658923 0.14131742640221623 0.012443682710228303 0.04186960041140015 0.060214459297302084 0.10186839013794334 0.004864045813929817 0.05074650761855733 0.024240035109744963 0.07455258074172334 0.026901754739669794 0.07386960000472702 0.03247698189694486 0.027066814891928668 0.09514065047204963 0.04126756315258882 0.07795001856399064 0.07544435723940204 0.0009911867572060815
58 0.024506089667332864 0.0001984395001210823 0.037560218827551554 0.06279412273845955 0.04266887704760025 0.0547109575127945 0.02530608807629358 0.05684857106282396 0.11688919334920646 0.06521272617761253 0.09488950775505538 0.07745402382305594 0.023342409248719602 0.06696554956715263 0.02190068702218792 0.026718586675380226 0.025142538384434945 0.0833175454047336 0.021402055498061748 0.0721718126614217
59 0.036879133215280344 0.020146786641780438 0.0642306873307701 0.07158263211126578 0.012879957786272244 0.08199536520254823 0.0028569226541669828 0.058239386558391275 0.0718836434824424 0.012421655272744121 0.05454790090393348 0.08901490618118449 0.07186270342934489 0.030867119327384757 0.06196660646524475 0.003890181702306669 0.0690221367436666 0.08456363757451807 0.08532160000389731 0.015827037412857254
60 0.05245537134956905 0.033115016280258806 0.09247991221747576 0.07838006370544581 0.054673990583032406 0.09686381821515737 0.0226300029757294 0.05463725524223394 0.017830958120140336 0.051058047016123355 0.09858458051114757 0.01875970739861692 0.03965017650208324 0.023989275820548783 0.028896486255783917 0.06710711278991895 0.0313269023787093 0.0887910993890546 0.005642447531998849 0.043127775716971475
61 0.0070120014296817836 0.016316198022521655 0.000316522844870085 0.10093370549163273 0.04505359007989734 0.0005607148750933281 0.08525759786330322 0.014590402484232337 0.015998318362155997 0.04100425277585971 0.04999344025460375 0.09604296692606192 0.053493792618870675 0.10701382248115261 0.05550265080758223 0.11302775662980705 0.09916367614675015 0.026911618977894694 0.04352439120958832 0.028282579718440413
62 0.11515198171413273 0.07007491393694261 0.06967934011388129 0.08054406637623644 0.07990655416515587 0.08130797174355112 0.05064511052557491 0.006095163096449015 0.08893630543487828 0.002513692416899363 0.07844489990240655 0.0019376384222212623 0.01982678566794644 0.02314292113789096 0.022344758558796845 0.008438470622650527 0.019153306429943368 0.07853923382907903 0.0887527360852168 0.01456414982014679
63 0.018975393022451756 0.11861182182295718 0.010601276912767984 0.02663871279153049 0.08427428790064677 0.01960855562894957 0.0173389283836299 0.11585416043391514 0.028223668404136176 0.028328655960796225 0.06306429947163038 0.0225223164574159 0.03315525310291891 0.06481548941785709 0.05349028471209833 0.11717782007236766 0.04290753638966908 0.07095025860059279 0.027762359601213087 0.0356989209124554
64 0.007582240446119571 0.025657412194050905 0.013556321047184123 0.04406274759693184 0.09568132258041534 0.014426890582401377 0.025689414002708088 0.013592357683931494 0.08436387637727097 0.058295420623223564 0.04025510540311317 0.007798826706678696 0.05667935532636396 0.06241884726764033 0.09967709596661803 0.07423369564119592 0.08782380005398545 0.04526911646926401 0.08116165869596785 0.06177449533493534
65 0.03991230400125527 0.0788439917146841 0.03147718159511635 0.07028353679923736 0.03735320994231115 0.03219641383024866 0.01208323227517907 0.0069273182367146505 0.005848360539968207 0.0753525498682156 0.02063824491948987 0.054623887851645826 0.04085128303090525 0.105523391584931 0.04469262930435539 0.09450344541900729 0.01767142021438027 0.10648421665375522 0.10411050922314133 0.020622872995458126
66 0.07798322162216777 0.020256916757453135 0.041909942017452025 0.09358077965081905 0.04586469218322325 0.054087694380222054 0.061942940279907065 0.08183625398846955 0.0143421480391604 0.06521160404372206 0.08750560207455745 0.029616706710480098 0.08670138643870505 0.058366768540407794 0.016436673364032872 0.09080144262919423 0.012446320895554024 0.02951381862513316 0.01997859403534881 0.011616493723990014
67 0.08136923714776803 0.07287084551764653 0.019456342058838436 0.038566984241427994 0.07890392177737883 0.07123911935379827 0.0370746324041237 0.051053759938902946 0.05621770979275436 0.046983663736862316 0.000292132014531986 0.06887369125717056 0.0749491921776155 0.06214571036083677 0.004770650022627889 0.06874665019445886 0.058848971761071636 0.0082845331703432 0.053191308527707225 0.046160944544134906
68 0.005226666810671805 0.08718344850448052 0.04585016688130748 0.03956095436721696 0.04103606220622785 0.04109804243617697 0.04591599438394542 0.013250815980538642 0.07938472887816247 0.06794206071961773 0.082223201886768 0.04953660271327184 0.01422197331795315 0.06476908214116375 0.06898591647340586 0.05135860845248656 0.08189293679975473 0.0751976505809197 0.015263529294077476 0.030101557171853133
69 0.03534397590468587 0.08074662772951031 0.057147168308085 0.04171892004096316 0.012704327931035316 0.012704400035814271 0.08856627856598312 0.09591079490254911 0.08542310384285137 0.06488369775414352 0.008841804538989693 0.0701803623995461 0.01129126500103792 0.05168187984133537 0.005324942525705727 0.09098373293410693 0.038925687763251934 0.07599896345612052 0.013906360446108504 0.05771570607817637
70 0.012228060902994276 0.035440748459627594 0.0013372165923628441 0.02589495681752958 0.042546103173292 0.05112582621735567 0.00567395876167107 0.09653873645036741 0.08490946363218284 0.020273103592914996 0.08164499835863458 0.07939581636785972 0.07923522822463543 0.08751991531446246 0.027489456160037794 0.008254741839566157 0.06182506402708913 0.04277545020247327 0.06678436179653247 0.08910679310841084
71 0.06710667828117893 0.04433123331894465 0.03965239958970089 0.052873582680631644 0.07221600501159722 0.05211595133797681 0.0069164345995737534 0.057577584160804815 0.09184306984898537 0.050997998191152694 0.09381952453075254 0.00039148826689566855 0.005953159847278617 0.07341968868522944 0.039790633056483976 0.03519717670946567 0.024597771759682124 0.021579688213093258 0.07821021256056086 0.09140971935001126
72 0.0843045220599041 0.07832097792069631 0.10207826338189167 0.08704006327763394 0.056786194246669246 0.015028043670597355 0.00834016065353184 0.03205560755790704 0.10618038922183651 0.090033565145721 0.01571865981137377 0.10312329076555499 0.01923704455977128 0.023732298701933996 0.06429916434279549 0.003846796516642502 0.0030457225102873725 0.009987726078552922 0.03955541312836214 0.05728609644833647
73 0.10228631958711373 0.028117093840360565 0.07270819845347896 0.08201352504949055 0.02039270570584851 0.10596811493157124 0.01609509097203275 0.06799285188421614 0.011809208186515485 0.07057914004374012 0.04705240369191454 0.0467938669069638 0.008353561117795354 0.034996422608907465 0.06688002306333611 0.04283500763226712 0.052148509667325926 0.10603811475644025 0.0017444663394199625 0.015195375561261399
74 0.05161383488798497 0.09118934782424153 0.08055110596663757 0.006991273509758418 0.006999575937067228 0.036726304243315216 0.028529916805911982 0.08631840230145746 0.04512755300237162 0.07935264917528777 0.04200970664286221 0.03339360560194265 0.025727428908770455 0.01676872393701027 0.04509212632895697 0.02945302583848135 0.09857148846684308 0.08411482384867172 0.03334773059664602 0.0781213761757815
75 0.0700671666047362 0.06263252552824228 0.040306975930676565 0.040457540924036084 0.07976395934473278 0.0005452304051206324 0.04932885793451006 0.026612723300832804 0.08912155358883898 0.06304550505434964 0.03906155927225507 0.0007141521977748927 0.03812928837649143 0.003696630073300411 0.04789785343442271 0.08495329534430243 0.06348985363469377 0.07946935862891852 0.06471109053922505 0.05599487988253982
76 0.044669811647960016 0.048333304056175745 0.07923808571442878 0.031276113365077615 0.07494360143124688 0.0744657107099378 0.0171415955344864 0.04660325830722845 0.07810422982127163 0.04613248973624508 0.08876734979760695 0.07588595867089697 0.05922534901399677 0.0011126626033079177 0.0568147728006128 0.06363520890365487 0.014757661581596858 0.03045467926569984 0.057931282748942645 0.01050687428962598
77 0.05861309542624442 0.05522829470230499 0.011393152150901812 0.07603065282152266 0.04479657810795209 0.06905267682861856 0.0701431864386679 0.0657704464825057 0.01204082644221493 0.04400982196487996 0.051207206297351 0.040727055012430236 0.04711936167115844 0.04249272725191278 0.07021033576714779 0.04071824679252646 0.05835870681388585 0.06372667511170464 0.054077737102710875 0.024283216813358776
78 0.11480071187150478 0.03318928295217003 0.03272406444423334 0.004783436873956127 0.01915672013868497 0.017444318846520247 0.08542018783039551 0.0515383138702235 0.035454214348813344 0.07889340196939686 0.048356948600808324 0.07411892920385847 0.0124677268235153 0.05971740989466335 0.06667356614717643 0.05236083401410213 0.0987863518302988 0.003537260285599839 0.10847915945750455 0.002097160596574262
79 0.05247829092992566 0.05269227241543553 0.009923097072808919 0.08191459614961354 0.0990209690775888 0.022780511976645938 0.04212083531609447 0.03771709682227228 0.059384224081850415 0.0021824256997235373 0.001995711150074383 0.05845614035788875 0.049324824803685725 0.0985956125962233 0.0465629721996803 0.09684159000877143 0.041687274471561564 0.053643325955425765 0.035946516601583815 0.05673171231314593
80 0.1456422619488191 0.04915425925629759 0.01310523607615753 0.11594056471815534 0.0780769148455572 0.020796827593260632 0.03890882405511816 0.11301607360928334 0.11856495105946342 0.02782653231755633 0.0016974571908865137 0.00345137886208849 0.004649007823095696 0.016877394315196845 0.025960782547102636 0.06938128389043086 0.018262924600733647 0.12113153982619566 0.006376258339506052 0.011179527125095292
81 0.04083676589061428 0.011742085740007877 0.02048175299733531 0.09042963358506866 0.05433605385403926 0.05486501281014573 0.016178051878463495 0.05229472616143138 0.06822976978950474 0.03453197497460834 0.040008569192140006 0.09371248243525877 0.06942386791016908 0.029176257057422057 0.07076969058236053 0.03183923125207402 0.09588028720186051 0.009106683008501277 0.040898536015389925 0.07525856766360481
82 0.04381014506274143 0.05435210370723544 0.09479947020310588 0.06832708487749646 0.013557756669412118 0.05834570683299084 0.0008083113780068028 0.08583575690259294 0.052976836252782745 0.05027471955513034 0.05843586409615209 0.046522804728348216 0.03657360791938236 0.05235500723657362 0.05658765044000317 0.10190695386087421 0.030697977074980214 0.04049865097764302 0.0032971811649683156 0.050036411059579636
83 0.04785957118629869 0.10204020212923416 0.0311033560054811 0.07248286435772168 0.009723719208880467 0.05736271049910638 0.05768606147540099 0.07633483643353539 0.01880184705661268 0.02287974793965253 0.08321805403477227 0.08234664598489376 0.09942485837715095 0.006294452876725343 0.042587671952549526 0.01333088005035088 0.062123867728578405 0.06819304054142811 0.008476414813695581 0.03772919734793127
84 0.05891673417369719 0.06772033705147114 0.08019305111449443 0.007584537337611644 0.0557055986130174 0.0656771912867067 0.05639948408956449 0.0482580711463395 0.127406100171717 0.007493834705900078 0.06647327910962253 0.014970394540426807 0.08857971630513693 0.04920012858040633 0.013060118742607818 0.026355827077200147 0.018005220780216387 0.03310957413368012 0.10152269201562332 0.013368109024560072
85 0.09625105400480538 0.030867327861495365 0.063662827247053 0.0729094823255186 0.0546231730467534 0.011353977929401694 0.015129580251128726 0.0693896125648092 0.04925397496015359 0.07061649174190228 0.016783071141089265 0.09294282510097956 0.0642865191522988 0.033665505283086275 0.009794454253555327 0.07047388389295016 0.02138260058288809 0.07443013972961013 0.08102404125300071 0.00115945767752057
86 0.0861133019901692 0.028397974915203576 0.00920252666384845 0.10111357858479417 0.01857119980216644 0.002422923705647649 0.034975542165651075 0.06613319599786505 0.07715600751748351 0.042751855320266555 0.06375456655133467 0.045147078053259085 0.06225048065003351 0.0680611470938379 0.07193152345345548 0.0379608836810384 0.05495887390399624 0.030504651458513603 0.02533671248432485 0.07325597600711058
87 0.06681122990955166 0.06430147495899749 0.027024274693450305 0.09006544815273698 0.0707527420211263 0.02650976241504085 0.018059212450527724 0.0651604630793554 0.07246741820228378 0.038357735116443116 0.016408300478726934 0.0757148609483279 0.06031774718631402 0.0037565251270860332 0.06467182134853199 0.025881369643332586 0.045810442641851884 0.08197065261619245 0.02635086249962842 0.05960765651049423
88 0.03607332454491152 0.02281451913458213 0.05733130467345081 0.04540706777062626 0.08711455818201336 0.09498893037055443 0.10695796446856042 0.004305064333688315 0.06352754509700728 0.006083298032662037 0.1073984957646002 0.07812222207740138 0.010148272374442541 0.046658213333713255 0.10652103839412616 0.057738247974811384 0.005733743983307096 0.013896006256474594 0.005973871998587552 0.04320631123447931
89 0.028068601718989557 0.08947046059410453 0.008736541189396511 0.05439566583889314 0.06860836195301478 0.06899062356155482 0.07897790136742643 0.04762642101871381 0.03980817641850469 0.035406774681288535 0.09270652356951323 0.040961267155531854 0.00776179767903965 0.0211715786698117 0.029898987324962316 0.0021450662573347275 0.06607301021985118 0.08027664560552648 0.07545254482454024 0.06346305035200196
90 0.0015679468209479118 0.08686012944987215 0.08096874224707505 0.02236931076025156 0.071236748536822 0.08830721773054943 0.0327229829661302 0.07194837092149935 0.017632615652780046 0.08989232997690517 0.03992987783322088 0.09658203426680913 0.0008293883320800763 0.09238268297376302 0.09108566659844713 0.04023644673477388 0.001249486787122474 0.04033230422163703 0.022647363851483172 0.011218353337830306
91 0.07409641576155636 0.09569370242572685 0.06264077290200439 0.06488393994468684 0.059535710385217135 0.08476958166175826 0.02671282990288543 0.042197872580828966 0.04176071249512255 0.02067072980856686 0.03508888778801582 0.05810866210609259 0.08688088421059889 0.07280659741134361 0.022516098067112255 0.00654468217129122 0.06223581508147178 0.043155497349850996 0.010453193160182483 0.029247414785686543
92 0.027390402957755185 0.05459496920196632 0.09385742421836185 0.08249299123102943 0.0632568251861076 0.007442041826632577 0.011837568240222335 0.07947790831443134 0.06283017743048917 0.06149650690557005 0.06372681765609153 0.08810701436641817 0.04502990821122209 0.04886136352601113 0.05453242388713441 0.004416302325819579 0.03354556366771615 0.024900763742513002 0.03986359757774727 0.05233942952676099
93 0.02397868694229557 0.028242012647563215 0.09368146645111447 0.06680103557960072 0.06480242482376836 0.07281102318919232 0.02818966931047475 0.0881219388767597 0.05651620688724436 0.03212424385680991 0.038681938723266945 0.06019934148088232 0.039518486916242275 0.020091871189068914 0.07147861741234698 0.03970117841430055 0.02544681778234771 0.0790573253322408 0.059566244704546654 0.010989469479933383
94 0.06200260481058093 0.030052254866637915 0.0060287249410990685 0.03154532926215832 0.022367055647565207 0.07921333252876966 0.04801823506461327 0.09585856184944654 0.0028728024243312284 0.01567924732159969 0.04459286788057738 0.08606755002881457 0.09679335931029844 0.06441574659352255 0.08993583443386569 0.06172352505672752 0.06785469028902201 0.06600426987653715 0.01795928832052853 0.011014719493304433
95 0.0702439784471642 0.002041899664999831 0.05107521153866703 0.01716834640872593 0.07699982997465292 0.060586126025459916 0.017271543840781247 0.03985398148088558 0.04490108857729657 0.047735626461117356 0.02902838376795318 0.041110653695188265 0.042571884196407915 0.08700422572362805 0.08664925761074331 0.044219565660473054 0.02590293244811607 0.07006486196279335 0.08710518125499 0.05846542125995619
96 0.09029359446972385 0.05364077282584585 0.05962605179141904 0.04929959732560465 0.005376771524226122 0.0923268019846961 0.007825831160543974 0.02063320525999972 0.03435820673071802 0.0171528507547859 0.0893039359185252 0.05431445933924609 0.04725424939880631 0.023984704299979797 0.06790738737223864 0.05050470138228156 0.050431896923399396 0.0767237782385944 0.06949400977940329 0.03954719351996212
