0 0.030470598763722382 0.08767012668781628 0.00012503410944073146 0.03318431815121747 0.08955668842856015 0.09716945388341673 0.030809384419263897 0.10179795278575259 0.08134460830150564 0.10574829654111258 0.00987931987011694 0.056479751958704326 0.07751662977351466 0.014777418834064955 0.0302543013866152 0.06749848919284439 0.017246994237904253 0.010869437212130113 0.025837446704528002 0.031763748757768856
1 0.08347792431923529 0.04128201522689989 0.05421630710422625 0.05702389947022692 0.05412680620140913 0.07415848390581137 0.08249054539087938 0.0329239834843939 0.06814137644426095 0.005079016943543791 0.042929660251425784 0.05460612175637633 0.009323264524832663 0.044175688143761556 0.07750237516915286 0.03419500140426299 0.06545479745917986 0.07504267784497298 0.04134808150267541 0.0025019734524729226
2 0.03959068266997743 0.046976799085403365 0.07674573106870172 0.03341117458605063 0.0785004540679539 0.031531348473042786 0.07379797978120867 0.06616510528859382 0.010776854672829532 0.08311121689752447 0.05791428887970119 0.0023996813562414503 0.05793744090972694 0.021782571539529522 0.05772830495121494 0.08013504961454557 0.046074118384549584 0.006915760616675596 0.07555141180660446 0.0529540253499243
3 0.0834424610912896 0.028350545861423805 0.0788301259611088 0.05597648623005089 0.0845608335027358 0.005086104119202826 0.09678677135027901 0.01473255766383185 0.08834740807131555 0.028666057015869953 0.049438219519739986 0.021219687775773897 0.06127117497983767 0.07484040263067555 0.026696455417335715 0.021558552592342246 0.0034539401021888867 0.09534844604674171 0.05740106452412874 0.023992705544127413
4 0.06637611177047419 0.032836420406527476 0.08161007664995641 0.05584401238352073 0.029168420306078354 0.016992052954020044 0.05163187833086546 0.0645986416510099 0.08020144384678124 0.10457868308818162 0.04122155005353534 0.08802706694231896 0.004689386323288234 0.02898784571408392 0.05170625800409064 0.03131450998485946 0.005117773220836779 0.009913863823314955 0.0994361672104631 0.05574783733579306
5 0.01007708165537228 0.007456069680887913 0.05485712540266245 0.06833705108714619 0.02436484361887175 0.041226036045353444 0.06921428186495403 0.07396909374621549 0.04805249412302713 0.035718571688308755 0.07974638036523829 0.006636593151231162 0.06486205400345584 0.08439405488793264 0.03545025550277755 0.07675960025431793 0.05010786825491604 0.045644398929613965 0.07520651147597628 0.0479196342617409
6 0.05571635388964683 0.037716754524351664 0.05925166143450268 0.007316999735111549 0.06362836673078846 0.06294436573305928 0.06786664416760392 0.03877483654508609 0.05459635881651363 0.05347301123911059 0.04287564384551232 0.041650621875027966 0.0595916504607079 0.05729677822204123 0.03517935923949363 0.07066426148351751 0.015237068480957211 0.07945678905675528 0.07808345535254645 0.018679019167665793
7 0.08912702140980744 0.0340717849811864 0.022820431089501624 0.03389333683072721 0.031240559132661258 0.037776802295415586 0.038106444017229874 0.0942509463656187 0.04928954600090277 0.05736046778355867 0.0820753428311602 0.06480141092468417 0.004231645932795901 0.04402422416573883 0.08721508988542519 0.07986957695919368 0.028355765423824168 0.029191397941920213 0.06693565898936654 0.025362547039281595
8 0.02516948855609149 0.03365833140386657 0.016573130913234146 0.005499353863262645 0.07649514270771748 0.03226337496648984 0.07475765427003592 0.023503184469787552 0.008932662964889425 0.12463357551183457 0.07389104747257334 0.0740365585182077 0.04125506772986641 0.11985226167534496 0.004531999303629738 0.024010355611846477 0.056287498224104365 0.01688940389225427 0.06597546333899366 0.1017844446059693
9 0.05509319819111343 0.016922463196645327 0.061451079064365186 0.048683794491109725 0.04238867846334668 0.1113101395043598 0.04396483209236786 0.02630216058343748 0.09462876450024575 0.033546199059642616 0.043980434005102716 0.047440405035964146 0.019209459931644822 0.06995194405540998 0.08235428884413805 0.07807255773172496 0.006572796634233359 0.07097554227047595 0.035799714496309656 0.011351547848362696
10 0.05944792915026627 0.04687679089933261 0.006050180245889275 0.01105192136900296 0.05750252015109184 0.010498039747713224 0.07469132224096424 0.08721796154730121 0.07548255522275453 0.09711850789103663 0.08154682116133537 0.06087381846905366 0.08174971127066263 0.007692230283409324 0.07553749546825746 0.028670863747719693 0.013210888537212223 0.07057558592760384 0.005498979913088472 0.0487058767563046
11 0.04783496109149486 0.05920402863106711 0.020231608206662168 0.06797806930348846 0.05127882546656942 0.0743461762217454 0.02532776358859066 0.06108597289722069 0.01862928463721841 0.07630411318313975 0.04832713902814382 0.07184281997900595 0.04783146542418265 0.07371771380351064 0.053773517191725226 0.05072781660952617 0.06077579924027973 0.02762932616148287 0.05040222460653744 0.012751374728408484
12 0.09908356115409299 0.09329188494825692 0.051012362747560026 0.021106048051268877 0.026195151503452193 0.010667968683082436 0.11252645298715054 0.06997451101902255 0.042306512346824574 0.04931758096488055 0.03883499646018004 0.054197760487074816 0.08819894585301011 0.031075885294506646 0.05013303105367011 0.009765867939971291 0.000682705480886755 0.028940231971824187 0.05981683426208827 0.06287170679119605
13 0.07961452306109072 0.07172381139422258 0.05500513099728628 0.0018044055070706938 0.0050505755883620525 0.054225911502370855 0.06173317946261234 0.08264612558831691 0.09152978274206304 0.011945665560554274 0.0849882098146306 0.06928648582434753 0.07814329716840851 0.05193616102789325 0.008278958442063009 0.05923541988640956 0.01952363466152374 0.016401679246986274 0.05739783455214528 0.03952920797164255
14 0.0982525588990099 0.09723080321658971 0.03803382185937418 0.03742721194577646 0.02204188930667854 0.020885781545384882 0.09978756769783327 0.04971686702265094 0.04080171215538636 0.08041003547643998 0.0580782716974078 0.0265229687540998 0.08906192324279051 0.03105553952704423 0.020207397553448747 0.01424154302236261 0.09439744508695104 0.06407905932144166 0.015603339030075592 0.002164263639253802
15 0.016621822297660235 0.040301558377097375 0.033690502378227155 0.10283698120079109 0.025561887003556525 0.012405368093595555 0.029936801952313997 0.13263078955004803 0.05867632117969294 0.07828958183543311 0.018846326420626634 0.02250146322063018 0.030090531284252122 0.020385126566089855 0.0031478869989752254 0.12576702126406178 0.07630228473410668 0.031003968174984377 0.030014864420583307 0.11098891304727362
16 0.0772306924177092 0.0041041748047606925 0.06335638585322315 0.09561262343670174 0.033842302966842056 4.146712267670187e-05 0.02430622658154991 0.011377627080107993 0.03357395969588454 0.045344173493386666 0.08415884992690345 0.006212433384836447 0.06763647563137581 0.09525579780602424 0.08692092674804457 0.06352379488588283 0.03989967643916362 0.08517127473998244 0.03808733831331588 0.044343798671628104
17 0.0516581858130034 0.10893171157508595 0.025925873721778764 0.04640581148561817 0.02066161889023871 0.06625005919478537 0.01695333816158149 0.10436309083465521 0.09564322711367008 0.06498912323132695 0.11392827145047922 0.04229726045371034 0.02159681854512064 0.04256251987653407 0.046286603172521194 0.028358256725680545 0.000372790825157768 0.03175361038946807 0.03311924450106869 0.03794258403851522
18 0.0477739004750976 0.02482221403300848 0.023621967374813962 0.04749266891970549 0.04962377064520079 0.06519147539942755 0.059311620349221744 0.013801289156974535 0.08635373269381899 0.023918285320228508 0.018896104914617684 0.04814520471373702 0.07723696790764416 0.08514842451022187 0.03597851265040402 0.050927784659153784 0.08554005360780305 0.07274166036127573 0.05983741794659702 0.023636944361047754
19 0.07569296114512483 0.0641810844095975 0.0738903494756199 0.0387952044113431 0.04628325440230763 0.011267975887423926 0.03812632402386815 0.037735917675145815 0.09508369304625465 0.039910860442122296 0.02919021077657405 0.10055741742833377 0.031868089546351994 0.023816623001545807 0.007104578974038507 0.10976762710471712 0.024159472158302248 0.019464134402615338 0.061698742783924156 0.07140547890478934
20 0.03542013590043554 0.045172623968546356 0.04822215159157035 0.013733809297700563 0.07131862365686784 0.040279680279598426 0.0764803690279075 0.07515782803220797 0.019473541076045663 0.02736494957652094 0.07945400895527802 0.06905702183585313 0.07566876434814382 0.06433239547622181 0.066494479032061 0.009375763275942963 0.050715450937118045 0.05194581110883398 0.031092469629843997 0.04924012299330211
21 0.09133092469764188 0.08540994947213529 0.022248761031640304 0.06756793177292787 0.07652007204085894 0.020634012428923022 0.04366935766126815 0.07912924152921663 0.037395845774937146 0.08013642381171272 0.027227760288908824 0.05549361089758608 0.0043492863499135686 0.03467097216627673 0.009911481740119438 0.09610647614735193 0.041794361534215035 0.04177036923419326 0.0313581634272077 0.053274997992965645
22 0.01030633020375921 0.012229599740419182 0.010012876762357209 0.05681176327539276 0.11396010111948596 0.02630417206549206 0.0705698429304873 0.0100417881506323 0.053821777876211875 0.040249583645564836 0.010821417921704558 0.08926102210953513 0.10496010458752042 0.029205223050437157 0.056038846375066065 0.053170426215627085 0.06910819608119038 0.0829488449484049 0.007288479955540487 0.0928896029851712
23 0.05875926521673512 0.08791746275904568 0.03423855631205049 0.0641237962367689 0.05610243212748966 0.05750186089125727 0.04731752911787315 0.004143985347558716 0.09175227277007818 0.08989448818355322 0.06563841017028298 0.01252979613077182 0.06428358005844151 0.08698773691243393 0.07627295753877106 0.010429062631509273 0.0613973085004845 0.005644932346768841 0.01499328372601568 0.010071283022109795
24 0.04673618888038811 0.06936699377637903 0.04725875044708816 0.02889989203715956 0.03358599417515498 0.07605118975911268 0.06336154237094617 0.06704281967196758 0.09336374698066637 0.09936586609455864 0.026695907599905547 0.019820758192060334 0.03544058565953836 0.07866126274738382 0.008491498202248362 0.07955617506872814 0.0719619899776677 0.019771980177457665 0.022430066977946844 0.01213679120364191
25 0.03526527626140079 0.10460545151644408 0.06716320423969938 0.03801094404077248 0.02012803804833773 0.048500521198651 0.026101201415604385 0.0604190018585979 0.0664173730957956 0.035882955469899135 0.027039549497866376 0.0655033308547212 0.06246238805602222 0.0075213358331426144 0.039286435337003885 0.037382091291983756 0.09903859364897089 0.05124340020251335 0.006303688633104381 0.10172521949946914
26 0.10155419212066456 0.03358826987749001 0.046691436570508074 0.08301496296143075 0.02755865324485741 0.07324173825082576 0.01642167352872679 0.08984143326063218 0.10185199298627254 0.003216051826954643 0.06942890947697221 0.044142286295148735 0.02644487373594012 0.044645999626493196 0.0724597623269691 0.05782591698457284 0.01840438938373454 0.010855766274567743 0.07562246489465421 0.003189226372584744
27 0.01786974473080987 0.08517602768337636 0.10657076868610921 0.01120175839279621 0.0177657534095845 0.023245884989728603 0.06987420102124102 0.10583610368027596 0.04933240988455008 0.006472441122629653 0.04179295713773302 0.0048287615273744375 0.06716661235484761 0.07155926740944207 0.0413536479289062 0.03357272670777951 0.06389152406460984 0.014237132973774639 0.07797182302208859 0.09028045327234241
28 0.04959170677776471 0.010235371142385886 0.06699008126126323 0.02502382556612298 0.06138431383270881 0.0579059361247787 0.0035683883644226718 0.009342929284144777 0.004647232601497692 0.052643214377087764 0.10107287177533511 0.10921533040708617 0.11790226428942648 0.03450571814527625 0.08240464373120626 0.004553879014107597 0.07492885144651287 0.0837925232558391 0.034314018746210935 0.015976899856821904
29 0.04802839758954373 0.011427268065016474 0.005841902589803596 0.013085824759591833 0.0666072473065655 0.11096356506209486 0.09922449251370703 0.11294563622274258 0.09590128136137058 0.01475978799800549 0.021325467245485372 0.07636201873699469 0.05825452311265341 0.009196327450759689 0.03794050558708527 0.019417539352666033 0.08188627874900563 0.06474628948973013 0.000376770428287018 0.051708876378890954
30 0.0010626247943186517 0.08131646648429829 0.06234278351929564 0.034421260347149034 0.05808823592710858 0.01123335415474817 0.016624878060268862 0.06966517280663621 0.02326597627762297 0.05275619941061409 0.08352928281528914 0.022965524156312686 0.09857852731258293 0.028726864830880806 0.08081664260418084 0.0206551273995818 0.08664202909757637 0.056918419192124974 0.0962920712094382 0.014098559599971838
31 0.09162993528131763 0.04343439719520837 0.0867145963002702 0.074656133178609 0.014217538852086013 0.09647270893078191 0.010797746039425777 0.04066845376329034 0.01794121355468123 0.01065164590350029 0.08879337840304696 0.00022891857950785353 0.07863687218293759 0.06192114181284691 0.08630720890591607 0.059507741458031796 0.006239616931582428 0.0446817804648862 0.014624973606961517 0.07187399865511196
32 0.02141225735750201 0.06306612830973651 0.03028589596620379 0.0433437120521503 0.04608764311475049 0.047036766146787104 0.03824992008017526 0.08645479826720777 0.05423741452428896 0.09147927753765932 0.034399071818262246 0.049359294943446014 0.08789072420918535 0.014517595797380661 0.04850118955052505 0.06741213418183392 0.00033929879614468656 0.005171093911633111 0.08694330613993852 0.08381247729518872
33 0.07505303182486169 0.055889164626546126 0.08563281657786774 0.06511534923697855 0.01343512818383468 0.015069067391508512 0.014780807972120894 0.04365033994029446 0.03409629346086018 0.06990039560600803 0.06354394709573849 0.050145700470258854 0.04331373520926138 0.045261300809787526 0.0264721700893386 0.07204209737448505 0.07210364239900957 0.034343881480815575 0.039632199883844504 0.08051893036657967
34 0.05842175523735919 0.02081665275219756 0.08244150361355994 0.0878318705918257 0.019422667118721967 0.020120370780284558 0.0038962341066581152 0.07375838528524414 0.08553934871444217 0.04194553490268671 0.0748162298078469 0.03614137923174861 0.006801020893081143 0.042522786153499206 0.02132162083339975 0.0600386209521461 0.07393658237768184 0.0865457102518195 0.04384231930653044 0.05983940708926646
35 0.03882455090966952 0.03147717913550287 0.058351031854485584 0.06454283471381098 0.06691081662671401 0.08267893290965904 0.019174017029728666 0.06558860853427008 0.06990722226571203 0.07201091140377237 0.04184845114357322 0.016293502140160242 0.042594239663543663 0.08649864285042178 0.03584493196415459 0.0465459060116693 0.0564940201356352 0.04855349331732481 0.05205842179118057 0.0038022855990115876
36 0.033728788857472776 0.09243974805259891 0.015391545063593321 0.005137116779263217 0.09041276717878757 0.058823695496854046 0.02297955922599035 0.02920038888214839 0.008701399054151406 0.05841265058367451 0.07738593862481356 0.07571784149940393 0.07272564248495735 0.03291165462446078 0.021191875468299308 0.07901269292207723 0.057885714154970895 0.017354467404073884 0.07722991083370838 0.0733566028087002
37 0.07056056553055487 0.07582467983358641 0.025992235585734415 0.05698290870081146 0.003746173451023686 0.07767307278626104 0.05185976676865565 0.03811177270224988 0.05059392933558805 0.07682865947132536 0.055456532687416876 0.08112765736698721 0.023849227088650983 0.03533196530409615 0.07615812502215227 0.017888870025144433 0.03520310049769641 0.06559840992093069 0.04013903393889891 0.041073313982235224
38 0.01329237207751824 0.013927413691525498 0.0401987008516527 0.09143371831432821 0.07956693079285065 0.023683015439148792 0.013042344741463778 0.027879741759803962 0.03398368235599977 0.00416635037240246 0.09344233522824005 0.09522594495425689 0.07483057204967657 0.0076647687720104545 0.06889030978547 0.016204851526704245 0.09963169960269429 0.07330328302364358 0.07160342000696317 0.05802854465364674
39 0.013889462139376363 0.016344914130050583 0.03686415151570844 0.07558914283601677 0.06906395489091645 0.08116076559973022 0.025755861208729896 0.00599146787355419 0.004744630262216901 0.11554510550195073 0.10876254239744473 0.10896284606344737 0.05291570504992269 0.02917168517605878 0.020048806881040333 0.03598827291665047 0.0073216219282080325 0.026811215682979173 0.07964716351127371 0.08542068443472416
40 0.07060938808432066 0.06322870088410155 0.08696457161724326 0.026829715923491537 0.03799695733160465 0.09360979324294466 0.013852004258971762 0.0850249162475291 0.051366453330255184 0.04282127201870197 0.07179373876709784 0.08096102515128357 0.0481303807564749 0.014649827178243468 0.038735731370045906 0.05007749201250604 0.026045038227475562 0.003920973512297701 0.07444034391291543 0.01894167617249549
41 0.08045631147139802 0.06419287807708494 0.02963880222255848 0.041916564771716784 0.036612245428084375 0.061974425719327306 0.015925376269973274 0.018080855310479635 0.07512066043266029 0.06216064194074411 0.004921705562928858 0.07965848833259402 0.057818261196281334 0.05599861496673455 0.042927441001422026 0.06201519320949277 0.07117315254011382 0.006834447985736012 0.0802086779466393 0.05236525561403008
42 0.08863573200420546 0.07629660905506379 0.07002174731013634 0.07905736776212159 0.008918302685492407 0.06803721175618652 0.06324410275647596 0.06966212704420008 0.02375144557535866 0.024489873056132466 0.03972051832194069 0.07228031850894262 0.031792283343154294 0.025073506847746518 0.04851271553025578 0.04942957639933171 0.04068257550173532 0.03046517433266976 0.06517649432444912 0.02475231788440091
43 0.022899291627115258 0.07984382428452474 0.04107791248126527 0.061018807920325865 0.021742073623137088 0.07605934844230547 0.04102319985062037 0.09264779990409515 0.0749915338724914 0.051353496937616816 0.023512793921988906 0.048498218138547475 0.06765903754138017 0.033910848388628075 0.02543051976650858 0.04320370575003011 0.005527464628097766 0.07989098068923564 0.05211103304082875 0.057598109191256984
44 0.10180942811873692 0.027184164493320555 0.09119162414827937 0.006548152149635508 0.022808223234068375 0.06553839998815467 0.09861390052168804 0.03472947741557713 0.019683979844270425 0.04838852446284997 0.011197448776905906 0.07782103723611193 0.07331719647374972 0.04158316481838135 0.039832003930658236 0.006278802092418562 0.015670375568330272 0.06997439789336032 0.06826588179853209 0.07956381703497077
45 0.00667062163402594 0.05242649980799105 0.0283501615731466 0.0866938793188181 0.06613764413912306 0.05255091770700597 0.07329903911443364 0.08720072110825436 0.0951188036123313 0.09932445106588636 0.0003840231512071593 0.0680529549517963 0.06411370603370607 0.06258355227986857 0.04976203835018917 0.014867064665353641 0.031305790385187646 0.024039240142662895 0.01627015480951139 0.020848736149500755
46 0.08105332601726334 0.0734106901675586 0.07511944306150556 0.008778051193603234 0.08981728723691489 0.0037176966129220273 0.09090366979273638 0.06420223283708736 0.01688311998218791 0.049206879945515224 0.029333850738743374 0.05340362835003173 0.07272576592458616 0.01601053673183871 0.03184053512295654 0.0832296644888135 0.05253633605096329 0.08670804629657042 0.019221395848194288 0.0018978436000072882
47 0.07406870276791698 0.045010105250617716 0.09296627514561713 0.002738574536568642 0.07996175541652172 0.054968992576629114 0.0743945881486017 0.08895429232026031 0.07974189904725427 0.04540254590895273 0.05194631974772301 0.04180855460856943 0.035118373448455927 0.02553874139201484 0.030689892142752414 0.05792501491411307 0.01652197167858794 0.0379522806607974 0.013150824097345946 0.0511402961906996
48 0.004512679533636672 0.06442156212955326 0.07102684910063052 0.01141173455320661 0.01116057189307667 0.09060645789363217 0.05392109619841524 0.06170788377678833 0.013346624365655198 0.04602771310023307 0.05492262271919374 0.0038539777863589022 0.0850417673148469 0.0928650321422593 0.0033179824852032237 0.03366075777562804 0.09061249127621472 0.07326486748385416 0.07933810543087778 0.054979223040735395
49 0.08574408021678252 0.021188028838251483 0.036631656402453736 0.03024972804258482 0.024822637904120815 0.014406691611961809 0.06728816235532666 0.0517225053741212 0.06313018258347201 0.05121609230424941 0.04408309026765992 0.001113656324730725 0.08896544233383973 0.09827145056332394 0.0356454278022958 0.09871058734602713 0.04590996764915171 0.0366728427609432 0.08537885526528693 0.01884891405341654
50 0.08540850722838246 0.07281030362357456 0.02238305793152119 0.030798024816064137 0.043784111460209725 0.10104306060566236 0.06705165400910419 0.09683891823016796 0.023257642339803142 0.06188377262969274 0.03696776163638364 0.08258844333941194 0.03696879142856739 0.04981526122134367 0.08938330129573235 0.0329042733637948 0.0075785962280325945 0.019500311283457483 0.031102048059805446 0.00793215926928822
51 0.042346705520797626 0.006433131976037292 0.021678385901458954 0.10776495918791312 0.050893407745118906 0.06849069122198927 0.08198931604490704 0.012337503473467452 0.04304288291425201 0.003480848190399468 0.10188609021794534 0.08445871298151159 0.07363128298630811 0.08287896685444303 0.016653786393365507 0.008863984763726138 0.031315087554142036 0.10634842160498098 0.029320292330704475 0.02618554213653171
52 0.03352303050037892 0.07082304904824385 0.08447831764994826 0.003946242227843245 0.060621168521369784 0.034617688231527804 0.08589896003956143 0.042819067746461145 0.042200495087919815 0.0953983287218857 0.0746130926388307 0.07673006977465674 0.07543539169820238 0.06142419901079294 0.012746798021444811 0.044518614067643465 0.0019685384440732627 0.03036452979182731 0.03967957254240763 0.028192846234980865
53 0.016731681618106578 0.07127412687077866 0.10148074501638515 0.09942817548580579 0.039409272494717054 0.07415927125262868 0.052217926976755064 0.09323345453618527 0.04591430368362162 0.013394806404054578 0.06232825726229805 0.008187731510239675 0.033635578744716996 0.028151723527568014 0.021971465839955087 0.0039111054186622704 0.08490780087816069 0.07393413674225745 0.06147827134208446 0.014250164395018713
54 0.00015215011099668473 0.027622657441252325 0.03641618182283559 0.02740819898355884 0.09794850870769546 0.004069327708225101 0.06902676450680086 0.11041134589402547 0.09053834996103266 0.09270097529759795 0.047295148065225764 0.009979758363592557 0.022075576704344443 0.08481570667802293 0.09966880380874367 0.0988324813629158 0.025551294395320903 0.009341548498178911 0.04287149336990697 0.003273728319727176
55 0.0692368866573721 0.027872430276239618 0.02955358298389077 0.014630574045579053 0.04613241730804622 0.11722653889615829 0.07250345468921456 0.019138790802901828 0.04374192114256508 0.019243022372575157 0.12269904670799174 0.03460130844583379 0.12138508652738471 0.05938431161201487 0.0098742513912599 0.05891121046275587 0.012705249220717274 0.053931035847480144 0.03579204799616833 0.031436832613850677
56 0.06067477910026899 0.018386838034042667 0.0785149452599521 0.029700475901755168 0.008796408719563253 0.07703510942490298 0.03238908489721733 0.08760996160053142 0.052872880605713414 0.07741487616013973 0.041037141866393026 0.04836494637999422 0.03455663621559797 0.03181169937384347 0.057868619992024084 0.052410241019423556 0.06519193852054858 0.07013422870702747 0.013371704670774028 0.06185748355028639
57 0.0927358137867673 0.013563510999399812 0.0593606786225321 0.06793920766904625 0.009913086908433682 0.07960539930825895 0.006032040920736217 0.07419429130337148 0.014663043269768116 0.043205521982013516 0.03480163798249122 0.006856515672229848 0.03511221475897214 0.09388193250070946 0.01844123366483629 0.0539042532173427 0.10353999482843365 0.08465879479359965 0.00325423795486101 0.10433658985619677
58 0.07894090079146537 0.0021036972799807125 0.0589739146126892 0.026725178848058792 0.1079313561202758 0.08716794943426083 0.08938910270058079 0.0049261727453296465 0.011080000734628944 0.03775271948475156 0.03450375160784563 0.023996659635321896 0.028081332295945345 0.09633006400551111 0.0622887443718642 0.09125979555383917 0.003413975333822665 0.05019793647511575 0.0013905876972826598 0.10354616027142992
59 0.050592128603587465 0.08869611261049269 0.006415453084331519 0.025438380597927555 0.08054859848962252 0.045288469182998184 0.08219933176229242 0.032421989061480985 0.029243788546786668 0.012122874382164795 0.08736668314158247 0.03534960171675866 0.09039068413163999 0.08919176841596521 0.0955676531518295 0.02052598082226686 0.033029161897412826 0.05793004907909539 0.024976373195855137 0.012704918125909069
60 0.019950507343696067 0.012223558302642578 0.06115479249236981 0.024012326811610227 0.09201996670396438 0.05305599225834449 0.03639221979513536 0.013446680224913783 0.038945169660704 0.049778020036243126 0.08539335718684232 0.0944031113781229 0.0886281679040073 0.015668575047771797 0.10415194519517548 0.012463790195743438 0.07490518818936276 0.036077612878732526 0.04069055564603672 0.04663846274858106
61 0.029898461964038066 0.0060499212755857 0.05051032233071219 0.02229046951648436 0.05219713737766412 0.06369951362961726 0.06066061953739354 0.09073809556990567 0.046872639289748816 0.014392734427712701 0.08199051272422359 0.04627490162624772 0.03045909091462396 0.018477321221586292 0.061115247160896106 0.0833005356872937 0.021784555534873396 0.07652307733795213 0.07552501469777623 0.06723982817566461
62 0.014572914804643303 0.08453362471523218 0.08016660431223299 0.06679506099119077 0.04532272996437481 0.05827600744400201 0.033225029684739456 0.07974228316956945 0.07855499008247274 0.03839008025577049 0.012117216432737138 0.055291661767854196 0.034748746577006044 0.06058298649422609 0.08500062491686769 0.046344942540666505 0.049257470282765066 0.03525810463014119 0.017437262131237155 0.024381658802270768
63 0.0924855683262029 0.03955105550338452 0.04947819039538172 0.018788265780189082 0.012580770742498746 0.014815300330722205 0.09412892551075065 0.06528846649839339 0.023325889502360704 0.04899663445649425 0.030314830740793598 0.019040490701669126 0.11482546241615031 0.07661405333021462 0.06028261538918487 0.10698613989516835 0.04395944706819189 0.004615352980756884 0.005923789647332118 0.07799875078415998
64 0.08196874462690878 0.07085898967135858 0.047610593303550004 0.04265546187157371 0.005964362776145037 0.06042700008508248 0.028803814116770157 0.0653864777038291 0.028772292876262973 0.06584251564079746 0.017052998871006756 0.07253724900450506 0.013053995893753535 0.059415993186101086 0.032790415032685524 0.08299423565507275 0.07239637420984184 0.035523053027727965 0.0328880817197861 0.08305735072724106
65 0.08308927569998686 0.023142388958767964 0.022321896364014743 0.0660265669863149 0.05578327985117526 0.06293485574912511 0.08372844447810465 0.004541242179809622 0.048913644920973685 0.054521907477970415 0.019148525010648104 0.07304392598516105 0.009876990597927779 0.02642624926861836 0.0614526705993514 0.0970715422583908 0.01107616179510494 0.07461226510974682 0.08418215697207414 0.03810600973673333
66 0.010219260873371787 0.0723136949020396 0.03705540595399762 0.00737571291233081 0.09731997042409103 0.02423722026377806 0.00689141151458087 0.05647839955574037 0.05196967419578554 0.05561232363683397 0.08979636736006501 0.06572446957679261 0.059060087108544324 0.025627870132636815 0.10812709622856345 0.05106411896403991 0.03958246837430212 0.07687998653393534 0.056850241915913244 0.007814219572657653
67 0.05324718709228724 0.030170632256372534 0.03177773171718511 0.046873285407168355 0.06098367177730982 0.00913991227411009 0.030431749945854514 0.06801889840914088 0.03891416109400685 0.0691194168715785 0.059696124646475494 0.050160631266618884 0.021100321472527904 0.0629221011428548 0.052657886347675535 0.030405603287165822 0.07124000299488724 0.0603364021347605 0.08623713098947891 0.06656714887254102
68 0.03216582601206189 0.09997243245270318 0.09178477841777327 0.04266911007978821 0.07554800061976807 0.02041197660718007 0.027858779655800473 0.013166173519977542 0.02133140110925193 0.0729431913178114 0.06707139872526553 0.05386192595963381 0.08152771817383188 0.024926772846674442 0.07153414548937669 0.03295501284571032 0.041165445513712574 0.06553354991042278 0.03853277355432993 0.025039587188926092
69 0.06474285298815978 0.07290594690778902 0.08879254859862058 0.09195206132774787 0.04070814105831175 0.07774362069730616 0.024572363032315747 0.04274050274233852 0.08155677571961657 0.00501811394690184 0.05941701813707637 0.0752266784973598 0.019565873352780407 0.0007236470049197776 0.0037283741416067615 0.004292726984925444 0.05128939916533932 0.03324274007276311 0.0720942989733315 0.08968631665078974
70 0.08576499556304967 0.07680829718098552 0.08082074240941181 0.05553226219350854 0.05878996082147361 0.05997425324531172 0.06872617009860521 0.016887150236325622 0.06582834743241263 0.06549940382591429 0.014171742697686994 0.03792289761772817 0.021428094685056045 0.05686317126788425 0.05062211374694281 0.030833455274514754 0.002215295282797253 0.07372795717919643 0.03140244960757786 0.04618123963361697
71 0.06352474682615514 0.06065228442120792 0.0825679449422398 0.04210677160195536 0.05291948005728477 0.008003689724381207 0.07840375557403861 0.05985416920054977 0.011871261391982206 0.04672891046833491 0.08331234287535519 0.07245890562081013 0.0005954508503757054 0.07934021873942743 0.0519087976941145 0.05034118935316704 0.07410322799521597 0.0023749107796419287 0.020779384957957833 0.0581525569258046
72 0.07145956582247183 0.01570457734599004 0.08135571350107176 0.03668652317597314 0.023625995343293325 0.04338864431694054 0.007493425641510036 0.01601517916177157 0.06662575851348744 0.12366724280133759 0.0717896545408551 0.12608568256187927 0.04177361841011005 0.013703994164186235 0.07666167595811868 0.06680377610000938 6.264199957530902e-05 0.012758934980400632 0.0010372335399819893 0.10330016212103611
73 0.07511682920479885 0.018115818398804096 0.03959109406733439 0.05943252433073754 0.07562976495635905 0.06312368216557943 0.009599658164975822 0.030337005846032862 0.069997494153183 0.03128690970318471 0.06675853829887182 0.026214968112517154 0.062338165616405095 0.04528439919735232 0.05360499544530766 0.01670762182601232 0.07630555015525807 0.06630740762417514 0.08055284424677435 0.03369472848633633
74 0.06563674756241074 0.07923581353527732 0.06507671887796676 0.003918247061235807 0.020031687005986457 0.05301350680925447 0.08373218645965338 0.018189895546309356 0.08910641019658258 0.023179996627888694 0.09363241765477896 0.033173288736412496 0.03272187199911059 0.06081621401089479 0.05518906718497132 0.01695329041560219 0.07820438289644632 0.04196907683252796 0.08153593772311551 0.004683242863574181
75 0.008158289892562705 0.016657893685287934 0.0027480295983094553 0.1102549374340556 0.0320760931569722 0.00018678146710744695 0.05014256226200397 0.041873692731735364 0.03381056323394577 0.09507524934023118 0.048583392097815065 0.04873693886226053 0.01324755533414967 0.09804893531739416 0.05881109474932754 0.08261064940617223 0.1085853269759986 0.05881015490203675 0.06642269435919385 0.025159165193439914
76 0.034803304572396554 0.0638021652498087 0.048762177264569044 0.08583774400289369 0.006889056964769804 0.06923567021838127 0.05772837259351342 0.05167722191236316 0.03516278241098731 0.0804884920094421 0.03942764313096672 0.022474023647953274 0.007917140409737766 0.01905233752122218 0.04569095254174569 0.05917852356197364 0.09111480213395858 0.05029869856302154 0.05577589729889105 0.0746829939914047
77 0.06590294059197771 0.07062794881136615 0.08672915542603427 0.03855179786782267 0.03322148012718722 0.006547912219054336 0.05204630652396269 0.07031069415269435 0.05632171329525938 0.004108857730514711 0.03617508636674827 0.08563054087296522 0.032122932388669534 0.027583882306020054 0.07638580598646703 0.02561053728460083 0.058100886673222676 0.043743918869749265 0.09267828580630033 0.03759931669938312
78 0.07221996850624215 0.04908996461527512 0.05874971845895917 0.02222571391839629 0.09918504449666919 0.03626823006442101 0.02928542087671996 0.07898746383265128 0.030509805975926698 0.07265094739087385 0.08630648666925299 0.009223670139481091 0.06396549083084281 0.010661972616266193 0.025671285183333035 0.0877960675288259 0.002669828720526423 0.04698972633803999 0.10339818024507075 0.014145013592226167
79 0.06982137556960914 0.053412912626579774 0.08211788484967834 0.025312377084905646 0.02412125165941631 0.027563093956157896 0.02358093526934048 0.0388091870378388 0.00357373038774734 0.025991049517271828 0.06440155672867459 0.04109986742736309 0.005373493513811851 0.08281829082955484 0.035162425102854715 0.09994679208395219 0.08143009871569737 0.08058239186068195 0.08208188907698925 0.052799396701874834
80 0.0965178716917084 0.03617913354322686 0.03088485196880816 0.06871519559868311 0.022543435022775733 0.02645607150963758 0.08335803676987712 0.03788918194890295 0.043614007987757136 0.020641071888727956 0.0685281862912936 0.02072323758535638 0.0787861605261938 0.021260550232252304 0.09784457179292472 0.02854880123580045 0.08021967621711389 0.05403654465091983 0.0007087024607793386 0.08254471107726061
81 0.05279525879660004 0.02114637455932126 0.07627169692746139 0.06968050677131613 0.09740562490807696 0.09107869340620725 0.05961046975216828 0.0942040402082177 0.03431591580275165 0.012869888154911767 0.007951947148662668 0.0679564728931752 0.049909173111028785 0.006321536336020515 0.016535959410421106 0.05018224370696526 0.0024127100177634324 0.05091476779319919 0.07137557242303888 0.06706114787269261
82 0.0409767046754286 0.048603470807190616 0.08387578462123652 0.08028154587580609 0.08733131578096756 0.0301678983668524 0.040390841296501515 0.030836891116669225 0.04968617882598904 0.08920518193815931 0.03306670939664347 0.022630059973105035 0.06328440644162024 0.033709162356677265 0.008823172028052648 0.001716651002768025 0.08275329221889495 0.06928033892957675 0.014544886532917058 0.08883550781494372
83 0.0077791617300778555 0.07929494531060692 0.06934137964899655 0.07736655050352535 0.09802438188933368 0.01772441748521298 0.004937236924063237 0.020947634971633645 0.10434139310089989 0.007409216777610093 0.03293136369168051 0.11348824246736865 0.0997962299945727 0.04490001844077182 0.035891309809002264 0.038849889491291756 0.0006513886629970911 0.031685938511949854 0.07964988738900705 0.034989413199398196
84 0.03996412564780928 0.026434186005362955 0.05556328203814541 0.011527647077711775 0.07284326032799167 0.06837833378337789 0.06298641186960036 0.04166568785709326 0.0828513858453396 0.056812010777328996 0.012775520997075268 0.05864860232715868 0.04987492495818703 0.07948572854055456 0.009225360895892798 0.057222327944617894 0.08067012376646054 0.06524344132205637 0.05676361097211707 0.011064027046118372
85 0.04599956573962921 0.08594947661770908 0.022960876387177812 0.05725506358588106 0.038003353433676335 0.05658923462472106 0.051694312659811656 0.014261313236629233 0.08143313453082827 0.08085591629302076 0.08530841869877233 0.09727494053392788 0.022908845198967163 0.10502022037205513 0.0026507837293083558 0.009149371089753715 0.05176573647950831 0.005471623178724134 0.06923350793574139 0.01621430567415714
86 0.05020848979083049 0.02146772480706407 0.0550674036424092 0.023346689882460893 0.021882258104900902 0.03741752951418553 0.0805842823511798 0.0839945568432629 0.027031705388554296 0.015200928257089862 0.0531787973000718 0.042331673993662965 0.06175171582135848 0.07792735859411087 0.0637398613514968 0.03172440611431075 0.02142286360331855 0.08258359249665903 0.07792042630155437 0.07121773584151854
87 0.07291560754219269 0.012979509591811903 0.08186996897322361 0.07130398645420147 0.007229924451212602 0.06401976355705234 0.022592703308523723 0.08092972863833994 0.07933184417086755 0.015270108295028718 0.08014506552645573 0.0639806426311257 0.04419454080536433 0.05550701053275349 0.015339948944670109 0.0747890952310392 0.03661494052810397 0.04209197385642415 0.0661658691796132 0.012727767781995681
88 0.10014746811491781 0.0031533574960042206 0.018331890965491378 0.00020418902336035742 0.09223269311618836 0.021123953866832492 0.11953371406131637 0.015478874605609897 0.10904220773473518 0.03351654721530167 0.03125758663095468 0.010849546261669262 0.03602806749258535 0.09382692462733874 0.01622569591106687 0.017983792095617897 0.02138713523683993 0.09860098279174526 0.05167464441699046 0.10940072833543373
89 0.07746797360827445 0.0646064910239514 0.06045253068337577 0.01424958666078326 0.06237494877683736 0.013001275578074928 0.08918704901232102 0.02609040956810542 0.040847335399105435 0.006065345529961974 0.03938432805038118 0.07592616705696108 0.04873888332928753 0.06417157410344719 0.0069309679276709415 0.033200670691719274 0.08706201761202775 0.04661881271981067 0.08379038412004156 0.05983324854786183
90 0.053410809766202626 0.016604888395186188 0.08484347906468002 0.05770333935502504 0.09657569541931073 0.09954068104183664 0.009066244646009023 0.021491192167587377 0.03487195968222386 0.045667961313973805 0.002191568689869673 0.04511656813292407 0.06305169897447659 0.01501266655547311 0.09975799031741366 0.04729532217806704 0.02498662504837148 0.11057528805730013 0.05213085341004364 0.020105167784025157
91 0.021910960945863568 0.06567955603367791 0.030888341575434523 0.048409984006180684 0.05198003436764891 0.05474970190761203 0.054762367628643775 0.05617900273357786 0.05319097474799936 0.01701458389037927 0.04643793850527512 0.05156624307281857 0.04473257196321256 0.055910412119416865 0.07058367815159636 0.0601286656991775 0.07940054140977841 0.04629854761859578 0.07588643075332197 0.014289462869789066
92 0.027718592856549172 0.04508196354767753 0.04243928276988138 0.07988848915756956 0.09189505015543303 0.06516696300151954 0.08092632566472949 0.04322779303181177 0.03425183391876051 0.050016541766786944 0.021279623614102038 0.03072508149045811 0.07777838812078998 0.0520401492049659 0.029943933626660493 0.060196230479584556 0.028575467636592144 0.08636079250610605 0.048395397801062 0.004092099648959556
93 0.0019340465222355868 0.10853747968499684 0.06791829569014478 0.0015658234135986103 0.031962039573412704 0.006780833503496776 0.06092279693322664 0.012373399518665213 0.07293511724504986 0.10784769605012687 0.023604366913066173 0.005776983729849553 0.11462321379548518 0.06000927541982951 0.06375780989558229 0.015090525413654153 0.09306212085989218 0.03819842621760352 0.01296438245201933 0.10013536716806425
94 0.05931333240638212 0.04788055112341408 0.036661830803133975 0.061334860038161264 0.06393383393644961 0.06500629060498603 0.06486534889278968 0.04035003325879642 0.0517958880778339 0.03864733510151553 0.06403334051485032 0.024549013445328064 0.043699857473362115 0.056801746711344345 0.02572877590171368 0.0323289225329902 0.07027666265843587 0.07064901299682615 0.05799532886402094 0.024148034657665844
95 0.028644010364807293 0.012824919176280172 0.1020726027069999 0.0741940198221052 0.09053368005090467 0.002749194430773175 0.022884225016138862 0.07326224348560018 0.0947508385842452 0.039558605153195814 0.03470975127026785 0.056518158571735755 0.02404126359497406 0.012881172987126948 0.056843142062711245 0.04883579037970051 0.012041755303637769 0.10606610287775398 0.056642247195159846 0.04994627696588178
96 0.017133623794345652 0.03977239503523629 0.03415762034624052 0.07884805979018734 0.04546812852041258 0.06769917717537648 0.08230216554631153 0.07984291134589756 0.02796720636755231 0.0739222357767953 0.02812814135818432 0.06589047809330986 0.02353486271883781 0.01774160388287401 0.04664626493941245 0.047502094276047596 0.06037109722453106 0.07998284633172323 0.00871092877877003 0.07437815869795422
