0 0.03921997263743098 0.00937327614922979 0.051405754857379415 0.05555852664231797 0.08116612898115785 0.08503714267140088 0.08317920921927463 0.07187244103017197 0.07386433545857722 0.036647361022357106 0.06032649327947754 0.021460889518000157 0.016807555025155775 0.07271355303770652 0.06444833635901791 0.027847017040707175 0.03037210637474719 0.07360462871228825 0.02131669196158075 0.023778580022021063
1 0.06707720927136071 0.007804946488571255 0.09091715754073096 0.09291707973873937 0.017760991418863007 0.07452098079803163 0.04214183891371607 0.03081095257030744 0.037133872982251535 0.002098578109009122 0.03558664937929062 0.03386219157161212 0.045053030184618446 0.026616475423891218 0.06307806580933127 0.07795171804942252 0.010409350585929013 0.09367675587305545 0.09276014819124791 0.057822007100020285
2 0.05845172736583317 0.043754455032891125 0.04336842987867182 0.04989759914518325 0.04158780850050162 0.0029598711680227795 0.08251174453323534 0.06311173290627801 0.08662114893934061 0.07490174605288565 0.07444287266234324 0.041852158041856984 0.004122386503697671 0.09626755921418297 0.020781209002685493 0.03326380401833195 0.008536275307209948 0.06897419524787561 0.09323413781502564 0.011359138663947095
3 0.0701910140794518 0.060855709978984845 0.06104780751161765 0.03358059196250383 0.05298902565385546 0.062491818088514645 0.014956867175302807 0.030236737746239122 0.05963507532910387 0.08857157484032892 0.09267765747263419 0.05502495504100632 0.018356602839609507 0.027089428612839795 0.049889904974966946 0.07029936956670846 0.013015326172833023 0.07094702869288474 0.003196406244923336 0.06494709801569065
4 0.018984465827607582 0.025441861730542834 0.10815816419305578 0.0039929617744328474 0.007771449625124361 0.04587422286301171 0.01257905575854994 0.03410887122057392 0.09073615745135603 0.06447551631534841 0.10856826481467484 0.06224674052668756 0.016237824827287122 0.03414429150354 0.06683025056734884 0.038757810570012166 0.06710145138381644 0.08465754742276661 0.022925455839828336 0.08640763578443471
5 0.01656470249613889 0.001439026752968168 0.016072244975945386 0.0004598620195818958 0.06395632074015305 0.08515745851219717 0.0948460604477617 0.04963092316081589 0.09082804422080482 0.005617911227370957 0.06207367411701319 0.0919756144185402 0.052607522850305 0.06786980392575273 0.0525055916104932 0.013933537550862444 0.013192572752299979 0.0586632613826802 0.07805600559516075 0.08454986124315418
6 0.07138355217588731 0.04677449787016867 0.09310481023121868 0.022611536032801836 0.014910411207765002 0.054275484896949985 0.01112556656156944 0.015800071664176272 0.022111088476426326 0.04142402281417455 0.04344076925777788 0.08563934836031759 0.013911989119921992 0.02610956066780478 0.09364773599259439 0.0460478816163419 0.07547931989067429 0.03679157494013026 0.09443248454000895 0.09097829368328972
7 0.028489337728054072 0.07325807870060702 0.02478115212104272 0.039703816275740426 0.07581334708902823 0.07102178992190074 0.061435398396972436 0.026682997508386472 0.07438850656464804 0.08377003016913515 0.010756913279435922 0.08251594120447343 0.05569099985073781 0.07647181059635386 0.05068574957332114 0.07735101679971075 0.004820849520521921 0.02670629957231134 0.04990650818513946 0.005749456942479058
8 0.07073275920322428 0.05321539872087292 0.02829113017936654 0.09779645398614857 0.08506900441177799 0.06901685214257758 0.010222225033975173 0.05399583101703213 0.07774544469242477 0.02830045376275815 0.08035933094332715 0.057627454941610236 0.02740834738525803 0.035089179449267566 0.030292197850539826 0.022579295166609586 0.03198710491577538 0.006281884363877781 0.09728623199507547 0.036703419838500936
9 0.021907819493211505 0.00040335398962290723 0.04398458764682182 0.04165835798515985 0.09341338113449496 0.08459983424086473 0.020081210385363972 0.09154803193197071 0.007095881390965472 0.06879783104326373 0.06197609783431681 0.08173483918598975 0.04910606427513797 0.04101532211327817 0.09366713924178845 0.047660542432715856 0.07512859244577108 0.028125338189241116 0.01563611292408497 0.032459662115936094
10 0.024431815464193627 0.0831128393049757 0.06916592416052394 0.02184887778851154 0.055139111797047925 0.07486884156767434 0.07569187059601265 0.09142580496068389 0.012175391031219552 0.00777702379336133 0.07314963279278798 0.0899512543308826 0.0014287623856059635 0.007844841421354122 0.06654767218156708 0.04955153062481579 0.007947230180704316 0.049493979667410176 0.09720948807807958 0.041238107872587824
11 0.0038549376616588775 0.008462742374675232 0.01647123911697113 0.014376503667912915 0.0733518837462523 0.06733814785760103 0.09828593198625785 0.0887702368311063 0.07647082840899211 0.03892062508888843 0.04242994170885929 0.08855129667448226 0.011674897622278807 0.046777638894742055 0.0374030764674188 0.03985356145826087 0.08731874290899674 0.07685282781800264 0.05591049961933595 0.026924440087306416
12 0.043609790623834306 0.07076806757614738 0.07028530137695244 0.031140671100462765 0.029749919318304133 0.0001196766028028121 0.031364247993199 0.05028485323231651 0.04645414260501589 0.09861550918249462 0.044190378471345666 0.03681422503545076 0.10342651850559798 0.00318202185676235 0.08066053514744467 0.05135264977406142 0.0875746057196602 0.024596169543522155 0.022071691494728648 0.07373902483989637
13 0.08188001272886636 0.0275837007896706 0.017840535975511485 0.07527774733656728 0.06692651775022448 0.04367129659872689 0.0718474368751153 0.02447980926727999 0.013534296746384275 0.01723770319327482 0.03746247542957589 0.06957134841995184 0.06961692890440331 0.035726952623909805 0.06777945296620337 0.07682467691879415 0.06741234679222124 0.04451824444016442 0.039324237097606 0.05148427914554858
14 0.0895596613453682 0.07815634148640088 0.010444846465385611 0.09448376595946886 0.015642258200176725 0.06388735566029721 0.09137934019782586 0.02137328515134966 0.036027382216823146 0.06963125212455068 0.01870535410047323 0.013319462945807948 0.09763087999068164 0.09044168943305989 0.015158048957196276 0.08173764913142065 0.03145503983586062 0.007682897199411815 0.05296974273063992 0.020313746867800866
15 0.03981423093357902 0.07550372786706055 0.08117334442819962 0.06545763976656427 0.032843960386835756 0.04442786512608221 0.07148195293832417 0.030387679798295382 0.039310548348258596 0.002310703736632791 0.0076259998706065145 0.06967528994081394 0.027368264308745966 0.024710570683625064 0.0858868611969132 0.016361051011202683 0.059876264129167626 0.0835852637884155 0.05713836094602038 0.08506042079465673
16 0.0367217126884025 0.03674037829246595 0.008620164532558131 0.05342599952569319 0.016679339322802685 0.04391351169241048 0.03232223559870372 0.07226169534549405 0.04696570335843646 0.058143846395034046 0.03653945467377548 0.034727496759831666 0.049889466852870636 0.08523302491004665 0.08879352557861016 0.061088375437735924 0.06250379457894732 0.07671834134347012 0.017096113680133602 0.08161581943257713
17 0.09527654145797494 0.06471282678529787 0.018643197733669986 0.012193766512771178 0.06349914417058186 0.07409119176743248 0.021308537994491894 0.05547823044078605 0.04808206355105177 0.039334137865046324 0.07899824016845487 0.05300074305850899 0.06548233269717935 0.04801280599242534 0.021004290867882674 0.09009376671471395 0.032587068937214574 0.025856878954878388 0.08053807689147278 0.011806157438164827
18 0.03371781454106356 0.0547638676482264 0.08837462667794645 0.061169354432613766 0.024866711348682874 0.0448531603876662 0.031318014427383085 0.10334178265944287 0.0008821018374091104 0.07889645770583148 0.087547150197339 0.051274156369723996 0.027555261843377706 0.048211159383640206 0.035572499072583474 0.04755674553754664 0.0059037010307295005 0.03380313339471629 0.06710599257737779 0.07328630892669961
19 0.0031881704158255872 0.08451820813987965 0.014609465553376007 0.023421167707165264 0.061969286944999 0.004766201302009481 0.07712578634232119 0.07340324176317316 0.028299642149671657 0.06237663296818655 0.013360462178966779 0.08941429329059733 0.07374966183887564 0.02424964960473858 0.05389113655734736 0.03776469367130088 0.09692083574955528 0.0795485983958216 0.02172047802132838 0.07570238740486077
20 0.044050906521912715 0.005219126473950648 0.0014796754704591354 0.0930324823658741 0.08668317604661581 0.02545270466239617 0.0821908611044501 0.0456563113192677 0.08930573006670427 0.06794777638953017 0.008046290109623946 0.10166331098164068 0.06213930018658901 0.010497982084895859 0.01892785293253223 0.025724767721834487 0.050244375848882236 0.06693873979383105 0.011482800322548102 0.10331582959646148
21 0.09008144798682147 0.04389734460776105 0.02416586645514151 0.025635471154609252 0.01514202314676328 0.04290299927584487 0.07867537110828206 0.09018612901505427 0.035877821811306394 0.0457613162185826 0.10449920201136029 0.007740443575833562 0.08985998031734367 0.0446135835998315 0.10387795470296415 0.031023538818669885 0.03335153415952509 0.017417138695620626 0.02518955537668868 0.05010127796199575
22 0.06242140476222519 0.03634473106045087 0.0062193587542746015 0.08334546860307096 0.04998619887135236 0.03381618267821199 0.05520876674456562 0.05869022854110097 0.07914255004731717 0.05675944963536228 0.0589145197641578 0.045377140246153136 0.005506631689425664 0.0006138010828071462 0.11695559687901687 0.04953815708192486 0.03350783231667764 0.09512380525536618 0.01919107873836115 0.053337097248177465
23 0.05685082362134992 0.07271063001314927 0.056324204421401756 0.04814156111198975 0.002820542772649231 0.07760855632397619 0.07811122602425213 0.03610386532574872 0.08499536590079486 0.012867654051529977 0.06596091279598201 0.04163315010412047 0.012308476753623537 0.04121907191423188 0.06192910866290437 0.019049801311219527 0.08717200776196993 0.006827100463990452 0.056654528354161945 0.08071141231095423
24 0.10028839769744616 0.032757061244511734 0.045486719860404444 0.09174312761002859 0.08207171389345935 0.11091388571844132 0.05645260199999345 0.04787403065368607 0.03047075152805418 0.0649910714527177 0.05588523389155062 0.02889152712217631 0.032659479712221065 0.05329789112425068 0.014091152374790542 0.0233264870444581 0.008595054903896518 0.06960615237848353 0.033014448849480495 0.017583210939948954
25 0.020183423919469434 0.06580439994946596 0.04969999560653495 0.05844540324635899 0.08051681810783666 0.06072221540783785 0.0018642763621877338 0.03748943496477163 0.08257360071875226 0.012105912213600101 0.07890219212973172 0.05830178904796696 0.07680687441596395 0.051059232182474344 0.018543736071187294 0.00182862975665376 0.09425222700497676 0.0956310611767272 0.023316978179155488 0.03195179953834683
26 0.07008059167805446 0.0324362733191715 0.03944545999453703 0.03353992222492275 0.045834196224779064 0.03737968933130946 0.052699399426384255 0.06174321639752532 0.016594700553810696 0.052775312593269105 0.044374648485159054 0.03847209700924391 0.06659495129738645 0.05883926897447718 0.08105817644064714 0.012643963463863631 0.07897888880552333 0.06754196708976466 0.07811947149855483 0.030847805191616257
27 0.004254652504301616 0.05502045171967086 0.05708046609438046 0.05889224263093336 0.03918059450276278 0.10044064984652645 0.07120171008709349 0.08727765320987636 0.06277799226175332 0.03584692580641238 0.007476222691356929 0.06006240782780017 0.04212105853321048 0.04111286870440677 0.046428744224861165 0.02221407414044592 0.05452171039880985 0.056209155597353566 0.049944532070944625 0.0479358871470994
28 0.04546329873834836 0.0020839926128128385 0.06711568901481785 0.07007465982714704 0.05761886614638317 0.01643137269005503 0.0866772797840306 0.02997367278079184 0.04330941537783506 0.01596593746486901 0.02648595174843277 0.017181426705992837 0.06164837466557077 0.06966969520130975 0.04921406103717103 0.10694882490441436 0.00534274437759458 0.083961812580741 0.0755527118465725 0.06928021249510963
29 0.0823073884279159 0.0236674071179181 0.023638870213503613 0.07046594435161063 0.049730208652938604 0.07562690116673441 0.07378142137953998 0.00016778908144285626 0.036352989300308954 0.07529745217862603 0.07898201431029613 0.04125076732279972 0.057438419766572546 0.034812393102246965 0.0362007672450123 0.00818270155125951 0.06368551204473762 0.06269391971762661 0.04663747111637928 0.05907966195253023
30 0.08065303807944849 0.043721073729778195 0.011290602906611654 0.015890288421174542 0.05286376653315662 0.05555660709594483 0.09227097117818246 0.059432791415074716 0.03833651499548436 0.0876397752423378 0.02459528687202512 0.07482937925717208 0.06749650237464724 0.049643620828451265 0.056583901660102964 0.017956962174881845 0.03940595291013967 0.06409404980878651 0.015937968750791225 0.0518009457658083
31 0.02913946104558165 0.07477551688504075 0.08947380757271692 0.052787767071490126 0.07808555400468276 0.006953627002298082 0.0344394986052914 0.011598179940549071 0.055725254302152506 0.05082475149519642 0.023716420882858316 0.010876631128654463 0.044198195911670485 0.015893689273586684 0.08769275267650259 0.08549948133632343 0.07951582657285247 0.06811629785717412 0.08646074081755181 0.014226545617825945
32 0.059495907355008155 0.036209572937887825 0.07237412048064357 0.07698798679367373 0.02006063355905289 0.05201295791162669 0.023411026311215936 0.0731590744401567 0.05822582420253417 0.02460385552834436 0.01934240309920755 0.05013368994127744 0.06061129566131914 0.06811626761241489 0.05316152534068445 0.03418593695589459 0.05115850503574872 0.037580792574671715 0.07254706932280622 0.05662155493583137
33 0.08707216334003831 0.007870069179360197 0.0590184027833037 0.024944248222745147 0.04442570772576994 0.005183388957868063 0.0804799890928706 0.051496351798471576 0.04309507931217738 0.010923168401781426 0.06399317529615825 0.06537754846961295 0.06753794074587052 0.07822828838944766 0.07652727234114325 0.03211149807998859 0.016575698601650053 0.01516508597250264 0.08227159944144577 0.08770332384779406
34 0.015458770167533078 0.07916827628774904 0.09545755327927229 0.05138272180854015 0.08690470904373733 0.023637454813549553 0.10789483221276185 0.008907369760465635 0.04442490450278018 0.07739703449944105 0.029383106014576027 0.017241266954396872 0.07093784595692781 0.08488691137986464 0.00469327892793682 0.07960908031370116 0.000974742726523384 0.042598980964740844 0.07319064493296125 0.005850515452540834
35 0.05948884413564564 0.024536967494243767 0.04666134891106651 0.03029521060653881 0.026237102038009052 0.06648270533532634 0.03562264324095707 0.06654209800973564 0.04590208023746837 0.02660988239255199 0.05269805796998973 0.06705762639699381 0.05504995403994183 0.079145579066217 0.0738083093812943 0.07827931894195367 0.019619930262681117 0.020927319957320167 0.07768820700704072 0.0473468145750244
36 0.00806755501115509 0.019649665097192952 0.09878983175557107 0.06611051682617732 0.06545008169848626 0.05484807667230969 0.04915968416826541 0.056485135185226895 0.047701437967717565 0.058583986965063735 0.10624070494572714 0.09655372153798875 0.06799830645301912 0.022029643542766333 0.030907540276236992 0.041142258386750966 0.04325947543615691 0.004326942088703867 0.03792068926963388 0.02477474671584988
37 0.03761139897899203 0.008806455875731702 0.026296108668771634 0.047520811468125056 0.0966389589544187 0.08682567370607513 0.05090297803221581 0.008026250701457235 0.012487479738958182 0.01661704066646171 0.0748017504954839 0.07940676514236761 0.023947933206762632 0.040382851934329264 0.08986087669444164 0.06936171313897085 0.08942153445029802 0.00911061617914313 0.08394638797163843 0.04802641399535729
38 0.027400914624541306 0.06202303140106863 0.06452373455152337 0.021392057961144007 0.02633374076540978 0.0640441070744267 0.061897810922681026 0.08109789898610877 0.04186119307490318 0.09298512422119377 0.027225314223151546 0.0788469312898994 0.06204848936479305 0.02874339001665498 0.05816509749007435 0.09671578164163352 0.0030192960700076714 0.02171224082814609 0.031044698220085206 0.0489191472725536
39 0.00268072735772466 0.07890496326273015 0.05826660665890479 0.08356077221864709 0.04854256898764533 0.03822984720119109 0.08536899612424517 0.04416715608671075 0.02430140229942683 0.035020384723855866 0.045198138448541016 0.06785722396569509 0.026155304653060384 0.06760449127740137 0.03866326601577302 0.02188663449961606 0.06721305422072102 0.03622897376160652 0.04646462998966377 0.08368485824684004
40 0.07357765908390373 0.001211962219020726 0.08170374216828553 0.08439769653338222 0.01884172155328324 0.04590362298499829 0.06975015303485586 0.02728243808256566 0.039953392232929257 0.03145561640543762 0.07031512789778771 0.07245009776212798 0.005813805682987498 0.061055774059165895 0.052438575389362925 0.036395275780231516 0.04282488819994754 0.07284849549678624 0.018731424318272964 0.09304853111466764
41 0.011568255648484271 0.01933561251205466 0.0008778554295985867 0.021102986445271428 0.040508485075033 0.07624650558947957 0.07283103572204791 0.03644165163955492 0.05822287324727774 0.060300802428316334 0.050802997470047406 0.09711913157441088 0.09335473087855793 0.0114084471740873 0.03685041345142591 0.10143782322604902 0.08226663404535847 0.08099113872046355 0.012376569535717277 0.03595605018676381
42 0.030656541260363417 0.05276697577447989 0.06027464553264947 0.08893488608243501 0.043607143312484366 0.08306032806772061 0.05561969462880686 0.02080463648751284 0.01631920015902784 0.056272795704606124 0.06155762443805405 0.04966287954169587 0.06820670493805332 0.01307226827793356 0.08399399805087235 0.02418958695146595 0.03880936596854892 0.053219504381524604 0.07533656751086604 0.023634652930898815
43 0.08254227239089264 0.042721207221793844 0.03248029065621391 0.005231782301331331 0.07499414521701614 0.022718376366586687 0.08371411979338536 0.017186804379918316 0.03588620100622327 0.07819751200189329 0.03980667807854473 0.06431977233205825 0.013825550398234101 0.08558370431251715 0.08736901874431786 0.08640867678207867 0.05370677137723339 0.00010179662776671303 0.026692766048355823 0.06651255396363857
44 0.023187251016845302 0.07092977834078193 0.03416059817349148 0.004260336005518486 0.03873297205289968 0.005810985435158642 0.007683105032113357 0.07159046091514552 0.051244380926964164 0.08259197147153144 0.015873229891598912 0.049074863961216464 0.07985476640338167 0.046780526354989194 0.08747901886103009 0.04839263417164804 0.09586344463815186 0.07172770332912377 0.0362576006358596 0.07850437238255052
45 0.08258859741287973 0.013861953593721351 0.012555312127847636 0.0030526045811810868 0.07069622149490845 0.06036539821515886 0.0932231727109688 0.07093530962204071 0.09519071049489226 6.249751105853407e-05 0.08551230058904438 0.0774713437457551 0.06523728709000785 0.023498322052981236 0.039765902899273585 0.04901789556773185 0.01567914666722262 0.033277159100952414 0.02193672197106768 0.08607214255130553
46 0.04235477220267068 0.04684627850700652 0.07484188635572396 0.07290636034647494 0.06388530630005418 0.04343342611960072 0.012945025958320294 0.047029316983518615 0.05305506262829312 0.0466174907570927 0.056415669870297606 0.06586004820444988 0.005503478853423138 0.042368174451034184 0.05817828718804675 0.06772342261044517 0.059619344140369866 0.07346573609281933 0.0216636189968015 0.04528729343355675
47 0.058842085726309154 0.08791218988727868 0.07116233870025247 0.00838535123982952 0.07624058928500202 0.036582985274341465 0.02185437119105695 0.02157389339939273 0.06305131676280526 0.06794849551426792 0.06899808560296333 0.06344046368173108 0.017766420565059737 0.08593880763250775 0.001495082424070769 0.07002612759324882 0.028877434914491077 0.035070360925784055 0.07192684445941923 0.04290675522018802
48 3.9896096426893636e-05 0.07103870480279002 0.03368079367545952 0.025785812537640496 0.04221474480725893 0.014599011450244594 0.01177087315934253 0.1114164264553865 0.1176713873481907 0.04262093745056689 0.018429390150613977 0.022961483054658508 0.02280560027227019 0.10911216822536916 0.0342066177124416 0.11210259606563713 0.06746402785578676 0.10120187433609086 0.025297580708151142 0.015580073835673757
49 0.08114180827676704 0.030413168471705353 0.061648959010659365 0.0339571979379235 0.009498793689137638 0.009344653468055636 0.06189847392951389 0.02452482026745837 0.07163866404026625 0.034468824026803555 0.05393253446583654 0.04234995141096039 0.05310111037629263 0.09698514611216484 0.042073859256060345 0.05769822627144294 0.024918083762560463 0.09910549842409906 0.04613816929265745 0.06516205750963475
50 0.03785779097257503 0.016804833845822185 0.09034165153390591 0.037407726783726246 0.08192002161232052 0.09644878460182724 0.01590400668394586 0.038378167793005985 0.04172747958941452 0.08244083643766603 0.05503778389852114 0.010567591278500458 0.0037426507891137207 0.050918431106186844 0.08583645283087295 0.09713824426853139 0.03519967945449603 0.06732126386751658 0.03847879652685617 0.016527806125195416
51 0.08774964981836075 0.06505397971498908 0.06260700256435275 0.05162059410294359 0.012661287735070473 0.04934787589658104 0.05551936871132877 0.0326159365866549 0.043731146855491954 0.014891704265409523 0.013503446052547902 0.0860760551052144 0.05930053499959221 0.00789120840943295 0.06185844582984787 0.05861387089264793 0.021907100815844134 0.0697485940746732 0.08789277586952429 0.05740942169949237
52 0.07855261798445023 0.01385187656448042 0.031371828283661786 0.030421383748799484 0.018749100586898416 0.05324282074639913 0.007768981692613056 0.03921097983879043 0.0033222608461512945 0.08202970527171018 0.09356490602910356 0.06765505469651882 0.10009619642125207 0.06848867185047589 0.08137302495822046 0.04044666516140055 0.08906053814600297 0.02522453820030391 0.008740893211668927 0.06682795576109835
53 0.037662402684739034 0.020591908718468693 0.04981194278265271 0.051932045089557004 0.00869502141341638 0.022335273853490305 0.08363648268923415 0.018156140376912367 0.03152077733991685 0.04210642900351958 0.035417166142044376 0.0880698559480349 0.08016751332325021 0.041146569788755735 0.07034458111734818 0.027257931313090247 0.04567674563261026 0.09915514182993453 0.057386026773829125 0.08893004417919524
54 0.0691262961244428 0.06692000289506023 0.02289134356014492 0.021455518868958585 0.03759157766873643 0.07348297878954195 0.05845164987884567 0.05469258802361335 0.07392863387546804 0.060172785836120825 0.007253312074468706 0.00872219940966565 0.07290538944339003 0.03000834784934821 0.037593712076103125 0.03243236281596712 0.06688195133702877 0.07856003900961502 0.0833490651399998 0.04358024532348081
55 0.02067615485858139 0.06368288020997825 0.016177040642700164 0.0228157520046776 0.09759436094251672 0.10361572021668367 0.04923777221738732 0.005452670236255003 0.09969183995567145 0.013264715603450222 0.03938109802868505 0.03197465530581663 0.025431005574781257 0.08385125379562308 0.09388981931716994 0.0715581984640156 0.02301179314066867 0.07008025468002152 0.01893936646060887 0.049673648344707534
56 0.012411974382998358 0.04503576094211204 0.07178108903643475 0.039970208114738316 0.014679189999908084 0.05135471127330188 0.035819119634753406 0.0765384595672466 0.0016283791646026866 0.06366202799749096 0.03986221554180089 0.03066890770157048 0.08880363078499905 0.07447607552441539 0.07510450578920028 0.07039289800736925 0.08598138570751394 0.026561067261195368 0.040760322388928835 0.05450807117941918
57 0.09477238038312184 0.02969360433226711 0.017721688038204324 0.018908400589626544 0.027863305396877428 0.013365961106548271 0.0849394287306218 0.06661525282540703 0.007930621290719574 0.0009759940385165689 0.039717993540155 0.015423057727090059 0.09210358491635616 0.08167291332665733 0.07651626742698264 0.09603727812244765 0.054105637962118994 0.06214353674003984 0.046471297835687174 0.07302179567055474
58 0.004155684197017742 0.007074004452653388 0.05260701871328995 0.0935560426968806 0.06005659136369257 0.07887217228256486 0.09849387353535166 0.01296143484915828 0.054828994076519075 0.08026382430076968 0.027608692060139432 0.0013967236659775087 0.04517202172882721 0.009282541443383752 0.08312280890559938 0.03604991223930258 0.04455050270034955 0.03510322622227308 0.10960654490983002 0.06523738565641965
59 0.034276977511005925 0.015422579446477645 0.0505629157294075 0.05469699852170553 0.057801213321042794 0.07896529051925757 0.0005567174181678002 0.03733971286089187 0.0818642799832106 0.052902956849773024 0.032998830840088096 0.07937357959811227 0.09268138515225655 0.025129042504918746 0.0832097613721223 0.04762746211216461 0.09334453013916365 0.008673826760525097 0.026870207092118983 0.04570173226758935
60 0.036203888295069 0.03922117770897533 0.048430428744632756 0.09256220968658777 0.04899756990656482 0.05707352920194166 0.08037026359366185 0.06139218746514428 0.05169655869923393 0.02759298689435349 0.010208442547311694 0.014921966798884191 0.07841030415316035 0.025774598484605636 0.0489233360633662 0.08059377750485468 0.021984876583416142 0.019946081828788383 0.07303243315073904 0.08266338268870872
61 0.06910811910825913 0.045912706340537755 0.09323459338535217 0.06023060681438615 0.07423943138429338 0.07412020867060268 0.009098203348735517 0.024405697988846592 0.046972247726229786 0.02402865337392606 0.08982674275980757 0.00478698347543444 0.06867943024434538 0.056657516002199725 0.025485020673629667 0.05575116443423147 0.0138933500973928 0.02279582453931139 0.08590473128507937 0.05486876834739921
62 0.03773230470163295 0.024123949420237684 0.07511718351997679 0.018229042581705032 0.03181079632276243 0.01251821735189602 0.044296987117034836 0.06163722003468703 0.07657521846772003 0.07274400182176403 0.06503319279278387 0.06925616570249662 0.07016211434061609 0.06561294354558968 0.056015097099522175 0.03442228244216677 0.006905636901142488 0.05852769573550096 0.07353574433870391 0.04574420576206066
63 0.02124664383273545 0.09419173749145339 0.08809467699297335 0.018438555845792143 0.047480197225910396 0.0008419551059424348 0.10095659897621605 0.08926464135779189 0.02057048876673806 0.054559328255643656 0.011320279628831753 0.09748349929378712 0.07532119937877468 0.02857344133637453 0.023653726165487506 0.052297725418183075 0.05724005486670057 0.059821035288152836 0.018924479122806537 0.039719735649704414
64 0.08681539929381757 0.045120962703005744 0.03898656664351167 0.025378075075403326 0.08443686864763313 0.019876575399313753 0.09305117806077334 0.03144943934211044 0.04475998114702421 0.06521006733424664 0.07268220268954269 0.03570545400207071 0.090841604998751 0.05201664021941952 0.0594812227552158 0.008458427217759953 0.024809026488182413 0.04120497532748379 0.05858271554539182 0.021132617109342295
65 0.06379807853441044 0.011323026390388074 0.03158557028323457 0.08494885420576548 0.0074936862144965545 0.051664365386379134 0.038426203464905 0.07485806847627044 0.012935771533918707 0.07551841476399372 0.02214757889519825 0.05203271962950512 0.09439859683993192 0.05962156576793258 0.0647079241873195 0.01031578889758187 0.015095759565176234 0.06684406766422071 0.08835500973379176 0.07392894956557998
66 0.006252186704977664 0.034551869257720226 0.013761139768116708 0.07149211931201326 0.03640553052152294 0.07228596810562078 0.07809128828437929 0.04899725509072146 0.046059774165923474 0.07825799521970739 0.059576298226230576 0.11656510988623704 0.12914479001254084 0.04214780198640451 0.019203905307704692 0.05062692570914356 0.06910023624011377 0.004400249470095632 0.017523854660597925 0.005555702070228144
67 0.07982151637811112 0.037709436377974824 0.0369384640314067 0.07672890248142847 0.013047962675145424 0.023050118273445178 0.037546238943724664 0.042383288455882934 0.10047538218680639 0.10225417915537137 0.0681277728281558 0.014268502135739219 0.08338784777189269 0.033145396572338 0.04464297564696962 0.0463985211509065 0.05819691265296032 0.017782511216117475 0.00512163511225879 0.07897243595336448
68 0.07155678468192095 0.022257666575970253 0.06005274551719317 0.08396148214321592 0.004030982483847316 0.08917095470048791 0.04947312957085302 0.012299618897203107 0.0661126601652538 0.09116205059722733 0.03230886002512082 0.010292173582283546 0.013211148364569204 0.05695897259551122 0.07186979292722576 0.04298388614814159 0.04633376992290368 0.06290155499284891 0.07879112038860593 0.03427064571961655
69 0.011428997365496848 0.07378617061705148 0.03709445325572034 0.0025686559362368883 0.02624248596050654 0.015831718952802096 0.08865453970552203 0.05644696156207244 0.016948538009865153 0.03278978667802617 0.094898356238539 0.05057544843048798 0.07456094186531616 0.04568435687568126 0.027133652330268515 0.08101075263229583 0.06319217579664672 0.08015352087914807 0.03357168091453512 0.08742680599378148
70 0.07471685954167695 0.04017197580619927 0.07912989328338328 0.031281601476630554 0.08420180711992856 0.01530145010610534 0.012369611113718811 0.05672400125485803 0.07921049888870324 0.06856517646758774 0.07294764586334936 0.057641316314424325 0.061703118563880055 0.006546734165432915 0.054113475458807826 0.06085914488163312 0.029372980042506786 0.08012740331567113 0.0015737027470718588 0.03344160358843089
71 0.030761099401979887 0.008828359806807231 0.07657995758820181 0.009418778989055167 0.050575120590884454 0.08676877462678578 0.02565617835427266 0.00939831818667118 0.07762697173981394 0.0349258935222013 0.09536627991297451 0.05057148544793624 0.06017388213025945 0.0595863852946221 0.050843567636871034 0.04826171118823766 0.05228471910192482 0.07646029157810162 0.032686207384849134 0.06322601751754989
72 0.07789887488478052 0.0685511559365189 0.09262810599489298 0.013586720171792464 0.004940832052510171 0.04657214423221801 0.09819801716759873 0.05135156870328414 0.08347006013637007 0.042400575154455916 0.08381177896930801 0.057843857636712584 0.03343514783185175 0.0020928511123741236 0.07690254915299098 0.031430073934102076 0.006054007334222253 0.06232721266647002 0.012467708561240519 0.05403675836630589
73 0.08075683246267451 0.0030762521473884047 0.05970199843420795 0.03407406411143522 0.04021228007916193 0.07057542547774726 0.03210150493679913 0.050995205377062015 0.06522954438158324 0.00480689988405601 0.033686109798798027 0.0766972978553043 0.053220444806561476 0.06441329332716172 0.06031731795783418 0.03700726979861851 0.030222697536437977 0.05941126449613099 0.06690203546408628 0.07659226166695088
74 0.0791493872527507 0.07081628160250279 0.03320898542148529 0.0323430445565364 0.06394327950260906 0.05241764813591265 0.022899267373755854 0.0091726225804933 0.04746192696227135 0.027589555545818285 0.07367221498370638 0.07843354239747033 0.028505702640831087 0.054821796601150614 0.049353007235410994 0.038385345172805896 0.06315558180621338 0.02001321127851536 0.07105991035527565 0.08359768859448444
75 0.04443082568767438 0.014322032269344628 0.012745315028899081 0.08741184746040376 0.07722924623646785 0.08242429431696974 0.07761923372481398 0.039297382266832145 0.08200321634357699 0.06554939142087135 0.030116603822155984 0.08454559027804832 0.08333929240464832 0.0488389086037351 0.0002636425005035333 0.08043403542522794 0.019196031480573493 0.03424126613118062 0.008503156049673753 0.027488688548399406
76 0.05489180129395245 0.064522147526859 0.04226827539263492 0.03797993385887399 0.013937312000040412 0.005196299877951246 0.07575139886479784 0.009793690030492495 0.03761519991526635 0.08029812647676901 0.062469521119604444 0.05380829700412145 0.04957986161438564 0.06638185994032107 0.06423552811028904 0.07443095929621149 0.07231001232935294 0.07053313153334093 0.007471321576357641 0.05652532223837756
77 0.021205141216171498 0.08893956267433972 0.07711659160358843 0.04361684647391072 0.06963141799699668 0.03955591307444885 0.04261033134107757 0.08233454359094133 0.08802398150137603 0.012864446240903202 0.012547904265905333 0.06066931256160397 0.018069566705098628 0.05381576392496303 0.035590854700231746 0.05483439719205831 0.06089693906423371 0.0011561461697561601 0.06018989609909262 0.0763304436033025
78 0.11783024471786369 0.06785716037464284 0.06827026729487116 0.05776799542812739 0.07488349650629826 0.09362186721506206 0.009124291641209226 0.06295654425643986 0.024506118244782545 0.03388129254391569 0.04796203808253761 0.00014323837022064528 0.021063609324101493 0.01154028804412391 0.031048762014470408 0.05395852593227808 0.05409996678244492 0.06122720119088545 0.08919753579491871 0.019059556240806276
79 0.019328814941397637 0.050546479326687474 0.06449133742192593 0.01443922733946218 0.06258172759151064 0.025152045800949666 0.047171669591499724 0.05030678902656985 0.06666722892474902 0.013120297324303757 0.034423076662789265 0.061472403240049954 0.06288847497992028 0.06541818223525492 0.0633344978369474 0.05779848354912481 0.0950055027615547 0.053932922776066 0.06693183399980619 0.024989004669430524
80 0.025584145237136206 0.05951042114633843 0.07162648547587117 0.03445642590637648 0.05938888997244187 0.07904271683425866 0.04071489148477524 0.04719365777118891 0.05608140805888156 0.017322790048557243 0.04229949853110353 0.06895407827441828 0.028075253716929812 0.07391321227448557 0.07647346156770395 0.07750424803150227 0.06735616117319261 0.015137135671447753 0.024469297492286705 0.03489582133110371
81 0.1017160299822233 0.06426404119303113 0.03874960927396948 0.03320478828809028 0.07080803349365429 0.026104746021345722 0.035390523591435095 0.13223543779903513 0.05734705462680265 0.017043560786689137 0.05624612634746905 0.043524111900580684 0.0384184452319582 0.028633687146905923 0.02394989264874898 0.07496705717835404 0.010500708650838483 0.043681534644539964 0.0704083723246617 0.03280623886966675
82 0.008882158823994278 0.08818366910879044 0.0536435809268716 0.0782757189580895 0.02514521224627805 0.08912928851367945 0.10242915420010765 0.08744795892061748 0.008296810427229306 0.0038800243150991214 0.030996820095773463 0.031168119740503566 0.047074745954399616 0.03128821860419598 0.02356955011366396 0.06376846206284449 0.06296133619606352 0.015906570759975824 0.08493693110659392 0.06301566892522878
83 0.03779252081088409 0.08082044241236411 0.04403835809913813 0.07776161043669041 0.05572083000235286 0.014010922541882343 0.04784563815151788 0.06474300074142687 0.018799481340052403 0.05593286818929036 0.04513733821067867 0.07067791156573795 0.015962718770461473 0.026579643877855875 0.08641966930677368 0.06678965994429606 0.03867150623410055 0.04584064546798838 0.06592218219630425 0.040533051700203646
84 0.0648872722505553 0.04341499977964713 0.06858448533649952 0.0406097071139625 0.011086011344693773 0.08232241278355687 0.05766607987399205 0.043743456808622246 0.005441828455005288 0.022990708035934504 0.10209205246758331 0.010231377142346993 0.08535279376160954 0.07222887604199267 0.0720318178374233 0.08244314801007006 0.014221831131416198 0.059549361542819 0.022459524176320363 0.03864225610594933
85 0.06483847457539893 0.045494264411249 0.02046288862171861 0.0018185153875059446 0.04161416546348564 0.08107717682833566 0.08034286803877375 0.07693516754206407 0.041997006655367625 0.007916569078093775 0.09340943764041995 0.05057343188077679 0.05301402150205898 0.04207141325554617 0.05201617814435572 0.06746835357627655 0.017049759125429706 0.04162527013644531 0.0654219132657313 0.054853124870966566
86 0.05682350012374712 0.03358775126592514 0.08866993180832901 0.07975435572981997 0.09500951083150516 0.028371698890498797 0.00960446935330616 0.07999978614443944 0.038736743218336214 0.039846649540318795 0.07162499299331318 0.007165444470409314 0.0651569242405547 0.009920099869396409 0.0899009147343686 0.028030175450776604 0.03898341959858308 0.04323335576957123 0.04968768447564259 0.045892591491158374
87 0.011801979240915686 0.03685686354561471 0.08854079714929029 0.06053751451400794 0.01622508695109347 0.06468288907784273 0.0860835479681815 0.012550961506196702 0.01177231450169602 0.08365614084194054 0.054011725409987506 0.08150400269172071 0.07798342786447462 0.044434993471786706 0.07303821350825868 0.08266765607613069 0.02862998407088293 0.007326785308378226 0.035247632994555675 0.042447483307044766
88 0.0009666873334980162 0.035229752865523864 0.018098635757113887 0.006773921317907153 0.06634093398777563 0.10353916000517187 0.07190811090529274 0.059901381639572766 0.006662384639209487 0.05301695248264804 0.0012844541129810488 0.016844422586309624 0.03658142301819655 0.06902798463966649 0.09906143221818857 0.1044780485594192 0.09396787804286286 0.02949544640287153 0.032024712774628344 0.09479627671116234
89 0.04754900640004392 0.029316471324957915 0.028315217196160855 0.01473972950461281 0.06160961780501704 0.08180900988433287 0.027405043982909178 0.00025052615106094055 0.056843332536048105 0.0716530989851562 0.024904299416344353 0.05436768933628902 0.06835267529201951 0.0524878896165512 0.07878236504686692 0.07703027903887912 0.058466230449566406 0.07236403298022424 0.024071072142697228 0.0696824129102623
90 0.07221593859646835 0.01696987700470663 0.06225026352022274 0.03093077265039415 0.016097633202200153 0.02919091945119075 0.0914426851527556 0.07188558169096987 0.06502934164790788 0.07523098496711596 0.06298400778589677 0.011022690124480523 0.03531637794974185 0.08155295410549411 0.07197281826811407 0.018450149069042632 0.06764686625792113 0.04510100975833542 0.033994158853430385 0.04071496994361113
91 0.07670187733937162 0.07906990021766636 0.049062146925721355 0.09492993294534696 0.04909018581844341 0.010667523571576307 0.05993573485060386 0.04092847859264474 0.028004234188370798 0.004931659893655105 0.006866474622902196 0.07246032645529953 0.005775041137791773 0.08087959725115498 0.09403040464971187 0.05357053392843624 0.04658516235283317 0.006284902258314283 0.05552273640836024 0.08470314659179536
92 0.05566851965676619 0.04379868768797473 0.029464328762686665 0.059293419992858316 0.05551204768974605 0.0034912506508397788 0.023483384262951632 0.08514821836492263 0.07637395946440267 0.09546047204293145 0.05146023061539421 0.03597926552963003 0.0019513877338588222 0.09473953649228313 0.09774448200164436 0.0022444305110222314 0.049485448284352036 0.11312343608172665 0.02169836133751076 0.003879132836497948
93 0.032392799603226594 0.05907930037917153 0.04641747750881964 0.04300958860257355 0.0657089448195364 0.07630031679759135 0.021959297369580393 0.07537400252822608 0.058059180266874795 0.04935308312287295 0.05605006663290235 0.056739746371181336 0.06527464550479749 0.06331782719302712 0.023518670783928636 0.006393164796108832 0.00512676349002791 0.04941532467993848 0.06254517431643891 0.08396462523317556
94 0.06622158612726317 0.04407867895258038 0.07397667425091564 0.0716794169091226 0.034785839195017126 0.09295540128142328 0.07456894997765254 0.02945275903583595 0.09333157250653067 0.009434171502151893 0.09691330596279764 0.018686315430222596 0.013766595969088124 0.033064677050312755 0.0744911008910145 0.03259828289160038 0.03952950975237933 0.01568909004926175 0.040890467377904326 0.043885604886925215
95 0.042288056927762996 0.0775309696697529 0.05244576130295376 0.017365389376059706 0.03425428673898331 0.06172595284440962 0.08355716584296964 0.06546422223996397 0.02766357771295934 0.08048941669178414 0.0007209110637774901 0.058918754124823454 0.056337273386656825 0.005589940054525381 0.037606803415569254 0.06974169491860628 0.05946662025126923 0.07464642455959267 0.07326333239722323 0.020923446480356662
96 0.03836420332026767 0.004827661815333704 0.01450226964540246 0.07497646591781958 0.021228740358547823 0.017113656856265664 0.08149173807908902 0.051912639443593304 0.033792634806575884 0.04558920522180545 0.06763124173978691 0.04299519045415973 0.09016787235102439 0.04753347226775346 0.08825775433528543 0.019083883705989985 0.04116717681248001 0.07230724820544375 0.06407399685048468 0.08298294781289106
