0 0.007523421702938035 0.027976142716416793 0.09921874376923351 0.020230436007550257 0.03918935720274344 0.041466691660592095 0.0991127893318667 0.018162861414226805 0.03725327724774436 0.09744287084399478 0.09231124510214837 0.009389860071263412 0.06324338617385479 0.030726672132159523 0.042886857980537214 0.04776081914489427 0.0808873638450642 0.011263937095528566 0.07055705083942447 0.0633962157178186
1 0.043884165757307574 0.07179554287588612 0.0018895102044377496 0.05533947403286612 0.06976240143780495 0.006782936881708769 0.0233866893100547 0.033867588286480475 0.07596096606288155 0.0035095060753432073 0.09649970068309578 0.09047094731508448 0.03707723687023274 0.05484492572022511 0.07418184882216204 0.09811228966112866 0.07359869567338964 0.044928046929605434 0.016146782543147407 0.02796074485715742
2 0.03696052980969541 0.07728547420458341 0.035232032930701 0.03605600713145365 0.053652349578384356 0.0369857103335377 0.040009572632135344 0.034963429674295984 0.07897168021937548 0.08797051928890487 0.02092147762720824 0.04547905189703481 0.03096554193784357 0.09064007628165019 0.053589070523118856 0.001566750623462879 0.02546892699879064 0.02204622868590828 0.09434482907737735 0.09689074054453785
3 0.040240144051770836 0.0818337026162939 0.04877273523875067 0.019193023026926236 0.02685497779834239 0.05117546784332229 0.08082171479608911 0.05290168499808568 0.038681158736555414 0.08800739654867994 0.03292686780870286 0.0065160719935479635 0.004860227370041311 0.09837638746907908 0.02128011826598259 0.06763534083753021 0.08924458845175764 0.08762148003719979 0.03820309573014283 0.024853816381199368
4 0.014661168384530042 0.009504760431461987 0.04587125091516386 0.0535094473416695 0.11477124105543877 0.03259541285788249 0.044589655742448206 0.02028781861270848 0.09988495640961402 0.10291265012858794 0.10856959123057067 0.021339821316243318 0.04745472438359423 0.07862202726674779 0.026602367704327883 0.037002259167024085 0.03786252428684776 0.0539113597252884 0.040086037335488 0.009960925704362685
5 0.04763975954682138 0.08233430962620955 0.08078559393965719 0.0680172441674445 0.005827520986260704 0.06910880757900081 0.05129034423629881 0.0725836592135837 0.07339025391632621 0.02218302463988348 0.049879938553715995 0.028023964063239135 0.030310397581003266 0.0403985164041143 0.0012381531980292552 0.07029615935257164 0.06771507222403075 0.03623690905212578 0.025863321768201494 0.07687704995148213
6 0.021755003262330947 0.0234538570821943 0.013411255600634914 0.02789961126771511 0.033424784015525975 0.012967567026531963 0.06862208031110864 0.09313996860982068 0.03606171779053848 0.03904961132606121 0.02193539510110273 0.09100349927645619 0.06651500339106241 0.09855610549980581 0.04403795206984876 0.04209860095397312 0.05305790537659612 0.04804311345573156 0.08682499306519205 0.07814197551776883
7 0.09016491013595182 0.03771236090389415 0.0013720250393013424 0.08791815402735716 0.060108609338227655 0.06673498473080261 0.001244807238363678 0.069828211758073 0.015247047621715398 0.03511329774587551 0.010306155528166126 0.021917207395836018 0.03437730112381427 0.0889611606851976 0.0682265138639855 0.11003831428816181 0.04194207280221254 0.05583524783652418 0.017864119942635134 0.08508749799390421
8 0.03393960691467106 0.019504842247913847 0.05586442225126383 0.10405938046592567 0.07994314957981473 0.07036084652770447 0.017311303802158774 0.015691128401862254 0.05993278053198914 0.03953174807022105 0.10107008320262945 0.028919644821683105 0.022336093646049316 0.07541221910685253 0.022696069870404404 0.002675636356728423 0.07997905091882314 0.1159554283825702 0.03282202705754169 0.021994537843192795
9 0.004243252389542722 0.06793837502990982 0.0647703979030677 0.01899760005697605 0.005176626344503213 0.07245051375007878 0.10235047154838206 0.039059631486569886 0.037429619328790444 0.052290633530065696 0.05420040677962865 0.05178421227516985 0.10767355965935363 0.10944392807170461 0.000923909230840938 0.02742379788897053 0.0033189791801858026 0.055179363220980625 0.11258572927368567 0.012758993051593226
10 0.08238760157572889 0.07894976361034474 0.06130308477817614 0.012338276195814301 0.03444324141155063 0.0632988754536099 0.02634540704029158 0.02491726382242929 0.037294991352968286 0.0025189051095510216 0.08878047401375791 0.03912241165775386 0.03834786329951849 0.09675356050462257 0.07430351691351604 0.02094019052711831 0.039224228970079336 0.04754168703807035 0.07848654627406364 0.052702110451034644
11 0.07634346121525444 0.0028211324918356465 0.04227956648238309 0.08013333430337269 0.050452589746573455 0.0781246227165447 0.04068198648653441 0.050435495238331136 0.07154032983954688 0.06862883918427559 0.027874507814817918 0.04882378524192375 0.06494418072840337 0.00508140590839103 0.013972768618443867 0.06758454998947787 0.07608992800907989 0.06384742741702172 0.00094606205686437 0.06939402651092416
12 0.08289183560286266 0.040274916190399294 0.08157369278555618 0.07717491503539352 0.06745971323926979 0.04970674151897269 0.008545010408462518 0.0362168593191833 0.08483793886005395 0.054799821429990604 0.07474106455401282 0.029282969292254463 0.061344884117017884 0.028426317034480193 0.004425814255856304 0.07446595937829971 0.01873039358878693 0.04170332343428819 0.08086444108098925 0.002533388873869826
13 0.015478436066390017 0.06222289999238774 0.06075488694994942 0.028643787264221024 0.0069097462173712525 0.06659879394609405 0.017122389266234602 0.002504016568791144 0.05274182000240922 0.026658568911304355 0.05690253862909943 0.0789764448195968 0.084625122328759 0.07756600240848606 0.006414817731016155 0.08621993095335001 0.08542773724096771 0.08041142419396906 0.019388107829473502 0.08443252868012938
14 0.06979463439077936 0.04723582326896264 0.03995912137355532 0.0646822539026138 0.06648568757309914 0.016287858475411508 0.029160958914061653 0.08342311071079803 0.08293870201342404 0.005165394772008862 0.08105233297934297 0.036049683555040936 0.04736757722456452 0.013416183793433813 0.0845409266362508 0.06345817156155237 0.02048485956687046 0.07863270341862036 0.03117812117631453 0.03868589469329483
15 0.05954896939393561 0.01963266389305897 0.032835432457041146 0.05562855921884773 0.01390276774565668 0.05206101381939971 0.08714341745949068 0.04957582118291053 0.091711005703195 0.035454521333687615 0.03967102940545541 0.07845674895527247 0.05085657573676242 0.05779423688060743 0.08402179753965672 0.090372796109294 0.04815214667620507 0.008897261718452608 0.007520502186284757 0.036762732584785324
16 0.08893374640144668 0.016102212454315746 0.09402412609547353 0.0685939469743638 0.09083959871224676 0.042243648505805816 0.042084905925286555 0.033422189478811974 0.04362986303848819 0.00902353971518986 0.00327801348724953 0.043659812703214416 0.012913460192726826 0.08244018994459856 0.04417103484929452 0.0943010309180127 0.051103276109951995 0.08565483864845304 0.05137449752364513 0.002206068321424451
17 0.052216772388029506 0.07936432286788012 0.022912018763994114 0.04841472782861096 0.00572122621968515 0.028169215446110646 0.06506776519392037 0.00010105126380108179 0.020509164881530127 0.12838044308436108 0.07428209482950618 0.01113975317793805 0.120963633324776 0.09525506130350751 0.0119845787539386 0.12856911364270626 0.024304181990007133 0.017482167303441466 0.002966499799094837 0.06219620793716059
18 0.055923454765779285 0.012110371266595855 0.048563012350917284 0.07355091356828436 0.0913184535355234 0.06998809196583093 0.09085064336739644 0.010303098470985558 0.01813896943619258 0.10059126507373932 0.05440373660520124 0.039958735878842674 0.08294890280738276 0.05358185463723999 0.01155652460654481 0.004327386369032311 0.02079669633291808 0.016193556761077275 0.09934724532607733 0.045547086874438536
19 0.06520694538205979 0.06161822335706363 0.01924543575429118 0.04816296390164571 0.09810655551849504 0.04146967118744496 0.0030082489467294733 0.09960605287925582 0.08146462377514865 0.045102246727793255 0.10373695522677351 0.03785302144423557 0.013418320173400337 0.07430943605999847 0.002499642403809653 0.04982972213390294 0.04069713418023074 0.007549071731995619 0.0897261611078287 0.01738956810789701
20 0.03168269455161372 0.019490743647611095 0.08032396113620435 0.021705660641178705 0.085627511915703 0.05279655498731392 0.0815345147416239 0.05052113989150721 0.022187059973240466 0.07575770389642232 0.0410058570442107 0.0513811509287873 0.09448159282766116 0.02430544374523113 0.03148040528959188 0.06861983587088641 0.018804980013393043 0.045414665732185534 0.04075009190523261 0.06212843126040157
21 0.08073388750781839 0.06620530391756896 3.2039517579941155e-05 0.022405740956711922 0.02492213450764366 0.03708956220308909 0.06061006757711799 0.04210885597990274 0.06647277311221295 0.06829873076700081 0.07123470184783384 0.032706388025036864 0.06079591231317485 0.05256521211697889 0.06180320415343963 0.06294231877661785 0.06842085859836626 0.003501533468090284 0.03770695863789163 0.07944381601592347
22 0.054792013855800625 0.08378634334906646 0.07485204962498358 0.01776687360486248 0.06837307357917952 0.0020098462236035793 0.016233376774940012 0.08160475783760088 0.00348010960954633 0.02168832957972421 0.056076313303173884 0.05096279002211694 0.09146708097541621 0.04334907213151469 0.0688206828305297 0.0635974005081889 0.016075081737814516 0.06567916526268124 0.05293577104662147 0.0664498681426349
23 0.028179479105506947 0.03913263988080771 0.026342866420497782 0.04111480446748947 0.024941243927027696 0.07935955555986134 0.04747195881034531 0.05112863175667753 0.0749750171312654 0.07976519828309724 0.08885367781115498 0.07524187876478126 0.07525614190911002 0.04719735010184651 0.008865937489706283 0.07887801757993369 0.051706934998769945 0.018031555180917095 0.01805040890522543 0.045506701915978456
24 0.003852464798317699 0.03501298965851688 0.1074052329321525 0.08206007372596315 0.074055230495769 0.02987860455629053 0.0767917344912495 0.06202419409926633 0.020689500237153702 0.0519346585318932 0.0270245040015399 0.03773065257608147 0.063005266406874 0.09570321701418062 0.03326004535612683 0.04177481498526094 0.021931035390020805 0.027957448170964763 0.044727167451795294 0.06318116512058276
25 0.08900179469605957 0.047724781606230574 0.03951690682023713 0.016228416693255254 0.0902816705299762 0.042029718181597696 0.06393251139269256 0.011872175166898303 0.013816608255847714 0.009477340875896759 0.06346001309940073 0.08813043737739969 0.039063357519768666 0.07830801475385715 0.07860627344174903 0.0169440874944401 0.06681393532124498 0.04357743196864784 0.06781249779973714 0.033402027005062764
26 0.08158038450359692 0.01617844978783843 0.0408485922545615 0.06701722449743056 0.047621354903069284 0.09231877266132921 0.0662714027518777 0.04895059991344224 0.041017616016030094 0.07853736039236271 0.04336162209303018 0.03544832660966429 0.044559043453474306 0.00614804005595544 0.07723912143375825 0.0007689018617779132 0.021714347440633722 0.08494008839210261 0.037883821112377175 0.06759492986568745
27 0.02509607197097698 0.10632047711991915 0.04962085883246211 0.10353892102841004 0.005592627671933061 0.007136895691492335 0.05070766456722432 0.03581979351653063 0.018249515237788408 0.08953403645711057 0.08992707733075524 0.02619208767817212 0.02906527386946653 0.026239887951954116 0.08735042843642887 0.08442192119590083 0.0334757808614124 0.004635503286670633 0.03482236433138375 0.09225281296400765
28 0.0010838751719093906 0.07775165331116188 0.06394926808467374 0.018840684936459212 0.030211072037680264 0.06548524720285068 0.011454663220226865 0.10413104082742079 0.1010522660123457 0.03339090265998702 0.09823704010629032 0.015503037790197308 0.029898247463225096 0.032174743274932825 0.023476567815684624 0.0067888158063374145 0.08616259435648459 0.06614390158962609 0.05766457755933008 0.07659980077317614
29 0.022858779578020138 0.062170710604298934 0.09557823371628872 0.05830085023429221 0.05298569748567532 0.034417098395593 0.04491082643974489 0.09877138816678109 0.04067188383666381 0.015096686914131711 0.09608544583779356 0.10261536199825802 0.029619416830059562 0.009874463367402738 0.032266917078775575 0.07066082461326942 0.06645794451650061 0.005487141520720835 0.019154112743165655 0.042016216122564155
30 0.016179562763626656 0.03034246325046423 0.06494189628238692 0.05900576964757126 0.006445864277215242 0.04698532838085602 0.027995526291010108 0.03569472377920002 0.045600212580732984 0.06621429875819204 0.04471206656275402 0.07539523689305422 0.04920637769207907 0.07497889983234923 0.047879646550588455 0.07216831432258429 0.06968111982039744 0.07986535352203575 0.06209886518875437 0.024608473604147776
31 0.036365184370569584 0.04530397863144092 0.035159616422833544 0.07461263991938365 0.07378455353707919 0.07315284407739453 0.0842406810951853 0.0758281843876563 0.024479253757216525 0.044937000713383704 0.007145897712536216 0.06562495620695816 0.014791776824848179 0.059392260233715445 0.04485528667799553 0.06626837226377381 0.04901771525406913 0.0798317846690615 0.016078216817640094 0.029129796427258624
32 0.0063092482361867515 0.08890233236254631 0.0003098835767269602 0.07009174180925182 0.020514087013427898 0.01562322271545052 0.014028900514382756 0.034871417493884414 0.08912712830729845 0.02010326692746745 0.015391332856713055 0.0821494744304005 0.0489889578106428 0.04381122409574654 0.04130775418718061 0.0896547066632694 0.06405113740320503 0.0849438223443078 0.10291722887220238 0.06690313237970867
33 0.08564786559298888 0.011558099975260968 0.09114591911572113 0.020497996331873446 0.08824351752990908 0.035784513389406934 0.04456751185112482 0.012468851978061983 0.018753075246640313 0.08580797355203539 0.0008562605518256466 0.07744458149089783 0.07990407000622962 0.07933647803619596 0.011536550871708292 0.041181814600645905 0.08306232353269791 0.035404918857607375 0.047624291227388205 0.049173386261780264
34 0.03403150339440282 0.1090400372815363 0.050578237114708775 0.00983541162397179 0.09691284107894997 0.04198110412946918 0.004568417248168181 0.08573195102178796 0.004221072633030621 0.0987054001676099 0.09195777489482546 0.02048132642822686 0.08978746421397359 0.046447331092361266 0.053637872267172856 0.020726019072649968 0.06589616019213188 0.0026134676355429693 0.05978900171748651 0.013057606791993094
35 0.07562797085466826 0.012944718484371766 0.06854382975997203 0.046859271538208985 0.06643253988155613 0.04957787251131309 0.04338240749607018 0.061473887731204276 0.061201546753801336 0.0475541769700427 0.039834634430796004 0.015173106752455761 0.0713975041171537 0.06226555408404947 0.023618480242976442 0.05473185107456911 0.08123323016501087 0.03383920075482534 0.03312910320698919 0.051179113189965375
36 0.052351528579806336 0.0778798066077331 0.07716190150841781 0.0030903060008243906 0.043976361030977996 0.05631072960016407 0.036679689913381296 0.07314699264229693 0.014904133087553761 0.024496218927513327 0.08943516509757289 0.04169300621976547 0.08254291926599593 0.08397360583709128 0.016632851328736785 0.06016747426537353 0.003716659898086889 0.060318218829054866 0.03620703842132091 0.0653153929383322
37 0.032114915587304206 0.02755444382988881 0.0905396729666521 0.08019243655255559 0.045368234494282324 0.09706304327963586 0.10745924832777097 0.0029994844743524477 0.01810708172588135 0.042111300462042436 0.0633108278522952 0.04582419497897071 0.05428343898474177 0.03804856305524483 0.06168800707588489 0.07665273796509015 0.07000922921147074 0.005303877071230254 0.02036323650798726 0.021006025596718315
38 0.080035409193134 0.0019622665116262347 0.00551029834845039 0.032345096550869146 0.028513689385243624 0.0617628094650838 0.09014021741445298 0.010131882847328952 0.07507098466774137 0.06391172287614817 0.06333226842881577 0.087299746085771 0.07905089834119608 0.004082416711749323 0.0962141789683989 0.01873819762591844 0.01957944443653914 0.027117638338946683 0.07882448169750185 0.07637635210508414
39 0.034974086085119045 0.050415342134713076 0.016641355973682753 0.062495557722330966 0.0447603522997684 0.020134191917166998 0.02461299444354047 0.09625090101071958 0.07787746939803857 0.07710444022501764 0.0955980628860167 0.05900266777045317 0.02831622098708766 0.08325796550952148 0.07439931083407929 0.018864076220953017 0.005666497395172688 0.04770042474830577 0.08042419915556087 0.0015038832827518264
40 0.09830221258625495 0.03277891270141791 0.0857064466820927 0.0045460665300373635 0.011892276056110993 0.07626710420473816 0.014622823426038427 0.021019184435417365 0.06411832197106375 0.07282745920519478 0.026177449379570342 0.041375662816935756 0.05687812474916561 0.019042599353768456 0.048091732771172895 0.07907169717341511 0.050418025934872025 0.08261841523613796 0.019817960357140146 0.0944275244294553
41 0.06899827888817799 0.07258739444737243 0.09240969722425835 0.014761507976742753 0.07273401094182724 0.05814490219404478 0.041534203755886775 0.029384349549888267 0.08050657863065845 0.0451456545458079 0.005953687188788375 0.04498162749298235 0.0884863895438462 0.06299172083423057 0.09598767428662233 0.014192188115610734 0.020337915402082338 0.03582019233687005 0.04381141221471612 0.011230614429585763
42 0.05646772338819588 0.029135539502458008 0.03468474894786984 0.08268193756541045 0.01477391870129816 0.06511792421841536 0.07348800203182167 0.020783332503013525 0.10289757960061058 0.023658013937432127 0.018677283193662287 0.10281607829946071 0.10568076035427737 0.004374237015936994 0.02801858461375656 0.054628563912573765 0.0706006435353645 0.09153510644942192 0.00034930789716006443 0.01963071433185995
43 0.04048072056865653 0.06215476636945289 0.08860090854442396 0.001033977837864506 0.06507584031304903 0.07371746947156511 0.04891717557801103 0.03551158070996841 0.001303227532449442 0.04121919659219065 0.032617998183250174 0.04067208575688296 0.03212361743657775 0.08333761263315062 0.056031808735626756 0.08898911768747599 0.0223900240631258 0.058680733552370835 0.09728662880409433 0.02985550962981323
44 0.03139006948084358 0.06211997051841874 0.0752509948508411 0.020552721824065028 0.03734942249906056 0.08270024484706447 0.07648317731172342 0.09251343270632155 0.055151817212873384 0.04052972117304922 0.09505794176524168 0.03948013221191854 0.05360589343952856 0.02074963049889099 0.06276419781144424 0.03499963227261379 0.029555035492870054 0.022921404167682256 0.02041959082272196 0.04640496909282686
45 0.07335959378310405 0.0595732151116083 0.08232700941662245 0.010788917500300341 0.05869949586843862 0.07450540611253682 0.06220626798509008 0.01277101691126728 0.05749979261550082 0.0922515687919682 0.0031656579556031254 0.060500934552840294 0.06257562276298842 0.043593762648612026 0.07007988150291401 0.05797123351690026 0.02871088639795745 0.05422413813549694 0.0027005734171424525 0.03249502501310783
46 0.08183576317781434 0.04514539552848264 0.07172179922877239 0.05816085737019412 0.09367086132749648 0.06105624382331581 0.0381570718554791 0.03189974230148087 0.0642923027177604 0.06303369595661999 0.034858285911971196 0.04418070388084434 0.03857808683199136 0.04342310464054927 0.039915481519333045 0.020757566406214668 0.015067172013184943 0.038859122566009555 0.060470592475282366 0.05491615046720305
47 0.08499421541028716 0.08168986158707627 0.08444151297264373 0.023002780155299638 0.005969956695478701 0.009812741211152195 0.0057040727801769085 0.09080951847845811 0.044054268701493544 0.03963094277270255 0.004298167879150533 0.0831818363162832 0.08707296788279265 0.07819233343192039 0.007829377307150632 0.058553654737632126 0.025980928389678935 0.05914478406775879 0.0937319336614095 0.0319041455614543
48 0.07445358104413775 0.008908213671763896 0.09423717176010622 0.006280244742793954 0.05828343412281876 0.03228597622693372 0.018824371593748744 0.016238566242754944 0.09369624989196844 0.05840432634198705 0.06555358335193785 0.028811383028040836 0.10243804185757846 0.04614871595624746 0.09762742458510465 0.02829828220452745 0.011874005740635357 0.010824574018027654 0.068364663748994 0.07844718986989299
49 0.012755972229759065 0.041914967046703396 0.1061537313438346 0.013656626983848891 0.03349762817927925 0.03472550118248862 0.057501082833222195 0.048724224264172104 0.02264361706727101 0.030935801886535864 0.10389648453548574 0.07641024598403531 0.08227104474914881 0.0638459278719824 0.06082342158014876 0.02279349617245303 0.025886109550902914 0.053599380566561786 0.05849270926210202 0.049472026710064156
50 0.035847082784326086 0.026524331853686387 0.010307128396924287 0.05098905264072791 0.05971582903849667 0.020932163568399612 0.05861987593606077 0.06577480450342758 0.060438423683305494 0.06225234440128352 0.07080353930339811 0.016638131655561175 0.012242107386722594 0.02238848366562407 0.06725744701306001 0.06901515840861489 0.06557955771322295 0.07298388465994689 0.07584256116643194 0.07584809222077903
51 0.06272073351337018 0.08046267888233183 0.03484613691825481 0.022700718037628197 0.06868169142392408 0.05030296813534386 0.03853212010103002 0.053557075783851785 0.04201841263111912 0.03974093535126943 0.011146364259658181 0.04935649068566606 0.05042990644722939 0.05338166056851397 0.0844971322804246 0.07920548074565255 0.002540206067968849 0.07152937405333647 0.05070479129591582 0.053645122817510736
52 0.022012715432680297 0.038553377811507215 0.04275655432763073 0.07373311522513781 0.01549260391246836 0.024238333559388238 0.08899654119266598 0.0463900838968076 0.0691305851442933 0.07972295471689504 0.06340173283355957 0.03324488289578601 0.07594022755495551 0.08882141697271463 0.0882026648219769 0.0764080986000805 0.013201904549645307 0.0013060704367255625 0.05760590185052183 0.0008402342645595364
53 0.03718387790715951 0.010193332309901776 0.04010836246495239 0.03837568325671967 0.07399643337273498 0.07019752384313625 0.074645573821437 0.02538064658833633 0.049250986565186894 0.020854888798833845 0.0776425577635019 0.04402134371934443 0.07924646366123023 0.08261935434583717 0.027722403673621557 0.031215562739129888 0.06946204072241291 0.03300179487284821 0.0719923247867483 0.04288884478692687
54 0.04504394735709784 0.006686710670322381 0.06758020994566058 0.05125403949404773 0.06668014280651934 0.07182928998026127 0.052962611584228894 0.08714017677501414 0.03654437685623624 0.04134312231207563 0.0414703622007549 0.0780033326773241 0.016755569703242497 0.05853534044542644 0.0800156024713406 0.0013664124384313665 0.011897862594348392 0.06112136259325565 0.03614021193048306 0.0876293151639288
55 0.06519080180341315 0.002105432334002982 0.012368033956108282 0.0004821017345681329 0.034165029729642096 0.061302813139415664 0.04858310060587824 0.07455185247848511 0.08239498476265908 0.034838137366782984 0.0388420113328462 0.022935937520503706 0.09744151766575934 0.0782295793446436 0.029696283192284307 0.003734003674662566 0.06289435215162745 0.06288582632598495 0.09457216022360665 0.09278604065712559
56 0.0764419459076941 0.01978042550199541 0.028284350960848276 0.1048534424761761 0.01744987672617065 0.00230556477740652 0.041969040006052394 0.0009314512308897265 0.10410775994609961 0.04685181007331079 0.09021512456541632 0.022102248080206072 0.09182053389569021 0.08004769035416529 0.028013567743167444 0.0029054995737744908 0.016544379678508855 0.1130611193181295 0.10268528362085154 0.009628885563446571
57 0.11028905582594668 0.028090985414722578 0.038138986479863704 0.02399117615705742 0.08730100418206979 0.028489796317854452 0.10376183393102215 0.0993229613444306 0.04399766716476035 0.02768641223908248 0.06230311584888449 0.003854385040716422 0.027341807597484356 0.010522781565385707 0.01628953595015587 0.04083128715259842 0.017417516157926343 0.11193271011948142 0.09824865388735983 0.020188327623196854
58 0.04635260358772941 0.024332865476161366 0.011018803323139125 0.06824499383111661 0.06457875254763643 0.08554288212715211 0.08921904680036966 0.085601980976324 0.0478584658707983 0.01052915888942144 0.025852059865455985 0.01353804575722118 0.08336588845475142 0.06750353879914013 0.058307329114139404 0.011802854376352244 0.04487905992638283 0.027597449851264198 0.07858079655118122 0.055293423874262726
59 0.073848900539789 0.06430867061343618 0.08404799660735858 0.08606355249842731 0.04518511381133638 0.0026952249452412832 0.0594901600455631 0.03789163190939779 0.03851027392483953 0.02977747056251195 0.03297452117998964 0.036176229691792995 0.009778073269021805 0.04693655937771046 0.07350005394093131 0.042980813258503704 0.055437353038559754 0.03968474711675437 0.055701950635848645 0.08501070303298627
60 0.0806948360306767 0.04176650465020713 0.006868859137864158 0.05426799041789164 0.07718902458537762 0.07741946091497341 0.05355110125798899 0.006315144645834829 0.0855129178261824 0.03798910662870355 0.08026043998163943 0.08142744281429547 0.04973479013648253 0.08179432404530956 0.010608788866568582 0.08207964864785378 0.0679820597648499 0.012763597947104363 0.01067062665656064 0.0011033350436352803
61 0.06235344603054573 0.0394656327707368 0.03235198474249587 0.054780062541739914 0.03439816926992638 0.03818788743493235 0.013502166345810925 0.07885221314143212 0.053485390366108054 0.055163585676995815 0.08057783203646547 0.020534274683863128 0.06346854596031752 0.08411892218130489 0.05198770744783499 0.05933974850636093 0.08100713337348549 0.06570421704294724 0.0040442175294731555 0.026676862917223446
62 0.014538876967071955 0.003941932812618582 0.051741191538648014 0.030532967902132724 0.06579395011897136 0.022386377176113473 0.03433067181627026 0.0692615540108968 0.002731216634061664 0.021424797476087155 0.016702418695878102 0.09155431568764862 0.10728409223958452 0.047803846144391156 0.09244991198484531 0.08725042454843389 0.07337736757229871 0.07045440801625134 0.017413676602552827 0.07902600205524338
63 0.06808270621699644 0.05377530332380044 0.0034848091325532108 0.07225718041342882 0.03617249423031128 0.05589109142550685 0.014931225531421505 0.011354173884002533 0.03699022733723748 0.013953700196722263 0.04870024774253609 0.017126633205498825 0.020575400397600113 0.07509710348197787 0.08885783818787316 0.08778072921665146 0.05165691512436995 0.08849824486492423 0.07043351508643432 0.08438046100015315
64 0.09076187354893618 0.00724272583593 0.012480442029797366 0.09617063074372562 0.05552791031481827 0.10134088142364685 0.05449668562189276 0.06037681918412313 0.008027266591245573 0.006251224771617528 0.06491842053354607 0.07791606852229518 0.09845095003748036 0.031307805268241826 0.042701740399071444 0.06180435963621577 0.009893408197679476 0.034736811406770214 0.0611239536339925 0.024470022298973798
65 0.11193630827333616 0.09303665144663965 0.0018597798961658399 0.09096010632945957 0.09178865643080308 0.03090664260843897 0.08750422225966532 0.011371148636650109 0.029287145425346457 0.0036494759791561534 0.10492814639750846 0.06326290801373766 0.035841941586110496 0.07144091631488579 0.055338395557767726 0.0004353878996509344 0.004746024439363202 0.014364347804129072 0.023491000992383212 0.07385079370880235
66 0.02569469434140275 0.08106011690328349 0.06102684187512985 0.06921653068009066 0.012606625581085919 0.0357714285553915 0.03953695223911254 0.05805325596931401 0.0049018168729406 0.0501171095344106 0.01812460597098986 0.08659566318286295 0.050357335304207766 0.05945908027645972 0.08037666622776322 0.08295509066321186 0.0068540542154247215 0.05225781441807426 0.04798761552761504 0.0770467016612287
67 0.014652157166737468 0.08929881071045033 0.00845431665673668 0.08468866569168892 0.04439798375424674 0.05150870022040435 0.03141047854120258 0.02509693075619544 0.016784400809597408 0.09336245601053608 0.10803093663736037 0.03919855644537011 0.08021224892690447 0.05078181181755469 0.10244760402154758 0.014250963846477364 0.032539540371149034 0.08138781730694493 0.0026577424269275834 0.028837877881967827
68 0.042622083447786244 0.055871072765986164 0.027920999959580965 0.07250470179362241 0.06992481489058172 0.042682938055678354 0.06862337034332135 0.046247124763185 0.07548137812041435 0.06800587073522245 0.07146397670650055 0.028201938790825477 0.02746371136363508 0.01047494778254323 0.0727974013738973 0.07159779721202207 0.06576997072570688 0.06508007225326876 0.0027053667930631736 0.014560462123158298
69 1.837772041758322e-05 0.047215529802611414 0.06570754283081612 0.09315804952974978 0.03507304821149862 0.09000004635365104 0.06497112544651576 0.09356840626575957 0.06586435856885847 0.006744671270242772 0.06830616330866719 0.06871581636117949 0.041547471137063745 0.06839334144101401 0.03139578653061949 0.021263165518758696 0.03177041321007149 0.023155344220314383 0.07412790305258211 0.00900343921960837
70 0.0600414918018178 0.028443988294391584 0.032635271034214555 0.02917846586425498 0.07203013057962256 0.05266731237702892 0.03824873549320933 0.07808185287509374 0.05636201835698907 0.0881608805095687 0.08615929848897878 0.04224401597612881 0.01897730785523594 0.06359861600745317 0.027353808853292538 0.04273442428086332 0.04502262787619469 0.02386782458659334 0.07631200116724156 0.0378799277218266
71 0.011479242349670371 0.06038162387813822 0.027243907128849807 0.09542956271696282 0.038189062832505304 0.0957114722828696 0.012367974458829565 0.08391462066275622 0.10005821694252431 0.0013159242218299479 0.00390958310645409 0.05065631398262757 0.09514879789437257 0.08760551244899509 0.024417429024582802 0.02114284220157194 0.051091631612661025 0.02174877543341121 0.015936153652887565 0.10225135316750009
72 0.07273377519705047 0.02512175229796396 0.08412061837105449 0.06447892885820218 0.035593464298175385 0.056398113342406624 0.049165266913544156 0.07655877532970962 0.03215387821663942 0.006564192818166372 0.07124459176527559 0.07752396540044279 0.04369886828298646 0.040909031603388935 0.05235831605217923 0.0508526130066292 0.011426041798012328 0.04767523027724709 0.028713274291609622 0.07270930187931623
73 0.03364760247184373 0.05950700595049253 0.04652381725748334 0.04098496924865483 0.06770205396935415 0.06744086258923206 0.05635058028902247 0.06924217794526416 0.06411514936727146 0.06802931709716185 0.047702522856008046 0.010576586618054907 0.0786558929441283 0.017986546335932826 0.07921716365492938 0.0704361497873359 0.01156183993640242 0.035058975226504245 0.008204158101286465 0.06705662835363681
74 0.012864474346958973 0.0781359443330728 0.04126278256939785 0.05931449122450683 0.028670683733035968 0.02268260199391339 0.0807138859520178 0.08268348177361508 0.047040686079339186 0.055529826241710774 0.06334132193258522 0.04026098018147445 0.07937385372013657 0.04612998281879069 0.0434735201590051 0.04041707093137555 0.04603034850652023 0.07153716554339355 0.01912098903283018 0.04141590892631971
75 0.06953779877602191 0.038549047863225425 0.06805076994322315 0.011517433049708559 0.08434465384707834 0.03564583500370039 0.004645401103085964 0.01775721074469315 0.03233740264329013 0.03573001409319623 0.055400871107733334 0.018975995937783364 0.08087951509886127 0.07880427335272946 0.03553999572379058 0.07406496664232677 0.08527770246035556 0.035912044094373784 0.07347114028077416 0.06355792823404849
76 0.006934424290951773 0.06265661359792035 0.044181110330997184 0.012691184752490635 0.07808796819289718 0.0657360930980153 0.013704230611965598 0.08827777925511761 0.06670731446832086 0.059825892678856095 0.05828276976476105 0.05742648722832301 0.02811739945775096 0.029193095407070373 0.06075434610226006 0.03476384895033459 0.05261515502179224 0.052038076592593435 0.04137139398441309 0.08663481621316867
77 0.054633308297860075 0.0712531564600536 0.06077621967529405 0.0063421938670178875 0.06336262371916114 0.0286386764245327 0.06395796562576392 0.03852109112609851 0.07905204854552332 0.05172220743931389 0.04609518889307144 0.0683820526795214 0.07451799299654577 0.029645388915729844 0.044351283026271664 0.05827787419456242 0.06846320602255401 0.02724726160629052 0.026417013515070385 0.03834324696976352
78 0.0649265491303183 0.0035382377977848153 0.07055051144938292 0.0660940425553894 0.08473015893771017 0.08409942282644797 0.07777894983237037 0.031350351238015856 0.03558590097013343 0.021499519199175317 0.08137401069932447 0.01141924730407129 0.0691765251653806 0.07872115276377556 0.046906755515938155 0.03154059607537654 0.021505828873183776 0.08158468337282394 0.0167894264701869 0.020828129823210254
79 0.07372990128257227 0.09495143958549682 0.04827121676962829 0.013892255044664776 0.015424906800221157 0.026474630567692264 0.006518114729214611 0.0713717976326532 0.04210635005777056 0.08633079902867567 0.05636262959789039 0.0510820983763292 0.09255821439798008 0.05944327673988336 0.017461559873753123 0.04672117487200764 0.002554392635679361 0.008236927635824369 0.09617274391643364 0.09033557045562922
80 0.00376057705491102 0.04478956596052352 0.040078433776691465 0.029407095179299365 0.0959398313539132 0.007967731621979137 0.010684473797395105 0.00834809688373072 0.10173913018959828 0.08879814801473046 0.05673133541725744 0.0016942234186148317 0.10237922151151015 0.07863530278894218 0.09720163198542132 0.035069502009830195 0.040084146130880655 0.04410312531277401 0.016482461541388962 0.09610596605060795
81 0.03832890862188622 0.06334880178005689 0.08701241279726518 0.04924501043376944 0.09810252323867254 0.005566644717388124 0.0014123442660296831 0.029722068016625913 0.03773984900303235 0.07252376863725321 0.0464106155040436 0.03002156618620285 0.059091078841238646 0.027727901345339114 0.03286824937576897 0.05862760566499811 0.05874123249738582 0.05573147628612046 0.04981524267381688 0.097962700113106
82 0.04168702947643229 0.02501439533764174 0.041328375232406137 0.05774377122080462 0.049620014438010895 0.04867063294404908 0.04526336611375917 0.035153112058161885 0.023075619355833563 0.08649190014036395 0.07385770417272876 0.005476360251012249 0.07842154150452603 0.06604564011440704 0.056559522289357816 0.07355819875636202 0.06475040624352801 0.02766165226121519 0.03765349547960209 0.061967262609797305
83 0.03752418468712988 0.08653583816007612 0.035183229153537825 0.07454259745737363 0.03874345856425183 0.0743018355897605 0.08546877940915945 0.038761288831791946 0.048693478040961455 0.07589589832435986 0.06772119393201952 0.04371006046132287 0.053516517037933434 0.006492643055956114 0.019323774051134675 0.022341198728465333 0.0002661150528317907 0.07876262100128584 0.055238169042848936 0.056977119417798955
84 0.04226210233792893 0.05453691533905602 0.0015575430184774565 0.09398123034219698 0.08873346293925297 0.0006224831753997943 0.04728534554046597 0.029397004769962896 0.04596415031845611 0.03235756149571299 0.056835955308212914 0.04350077556595949 0.06487179123481057 0.08108197408238615 0.07009279320241477 0.0342179873943844 0.0675873855232809 0.0714866946472419 0.026722597803876834 0.04690424596052196
85 0.08285682051325415 0.07941494997158823 0.04984243956649174 0.015917825942918525 0.06418174256433397 0.06271914477097645 0.02468001004513017 0.07822356224391272 0.002305157524897135 0.08956630071000833 0.03598941527232703 0.05867211970323369 0.056155725745390336 0.026547680692163265 0.021989738639773448 0.009663075999545193 0.07142283770389223 0.022401314986013197 0.05344568480951382 0.09400445259463641
86 0.033105107649934205 0.03514444455457868 0.025087396534110216 0.054819655461239916 0.08142262682163089 0.004409755903366476 0.032521974747532136 0.012484557700761435 0.038369233340766314 0.0714427857697562 0.11047005618633858 0.02039602352386251 0.0013513221252640254 0.014092829446852542 0.09798844301346168 0.05228683168384796 0.053910099085680466 0.11150148710150579 0.042767236199275006 0.10642813315023517
87 0.02903927553145204 0.005215961367951121 0.009943373632428075 0.07897507130507607 0.07325525316451183 0.05177980196539782 0.03889150942966907 0.046023696426968796 0.07034489651315214 0.0783842463355691 0.07138162703502754 0.07930661421422973 0.029072343147468413 0.006835294668592259 0.05542235372705791 0.04378172495160963 0.046140001050931724 0.07488232165858512 0.07952548522920903 0.03179914864511263
88 0.029778868202309076 0.001478606280817229 0.08399913934921209 0.03821870288838972 0.014595038303823818 0.05497346996449709 0.08999237024328001 0.03518537559472862 0.07444719065958214 0.07065832759400054 0.059980734613207805 0.08797862314186927 0.0766056905381329 0.05456877493135332 0.03498724337358212 0.04232991264794642 0.011940984540884407 0.04297448605136026 0.041953704844747274 0.05335275623627567
89 0.08922494899751143 0.08630811078714283 0.021288001374034318 0.06745827915586382 0.02377084121642861 0.05632670885743555 0.015156781936498847 0.01982117161725013 0.04691410494260486 0.04449339302296888 0.07162934928741092 0.020985712883360933 0.0818470860282372 0.023677082827115406 0.07436930669909886 0.08091408977813212 0.06513857682948598 0.016179810384091806 0.0032838360726265494 0.09121280730270091
90 0.08217067407700418 0.07858639543993103 0.059060786554994846 0.022464677152597808 0.04583008707495225 0.009425626083463227 0.06602981188302981 0.0658828068854669 0.020849285365421917 0.038012695502920496 0.039586938723062674 0.0024887651861801334 0.07988732245214605 0.01642687220583012 0.04337428847886328 0.09186926838641969 0.06377035638624003 0.015895887359740048 0.08881004713914373 0.06957740766259177
91 0.006631586150033578 0.09090581996168799 0.06644628910851447 0.02653882719635446 0.0813369648599267 0.05044564616083052 0.06093389775138337 0.01823163974882604 0.0032966862080747237 0.0695811160772171 0.038860689861333834 0.093599950869679 0.05983037576650388 0.07180642316691807 0.02868175489793011 0.058350493482765574 0.0217236458101788 0.020054376648666394 0.085343619134808 0.04740019713836739
92 0.00918679632452413 0.024627741216739916 0.01409605617303842 0.007390604828738866 0.05216318004893234 0.0058870276878900995 0.008962706714678978 0.054461001737842026 0.10036166899805363 0.09054676237186067 0.0197590911748883 0.10171530876050373 0.04784118576177414 0.021168690231546678 0.11560945401067362 0.08395562414377265 0.048277100034437845 0.07460246288754711 0.10563682716845219 0.01375070972410459
93 0.07693088325409407 0.0821363265817185 0.05481732374565582 0.011599732996569004 0.07296149264388523 0.05367523699933466 0.05040899944462221 0.06399956515151639 0.08536080366092143 0.014819638296671506 0.03432789510015987 0.0734628584853052 0.04514939270254348 0.028164907458730553 0.01846418169333124 0.04849471439485593 0.0007826963269279419 0.0036131890381143825 0.08973303487899556 0.0910971271460471
94 0.00030431339337994956 0.05260037762751913 0.13371738065057226 0.0014800271337591815 0.002307271680510382 0.008921627889586977 0.06921159262833249 0.08670647690073437 0.061679122538187 0.1253730197586239 0.042059598630309926 0.027450126848781592 0.1062950493528566 0.004384530927275064 0.0017407867845234085 0.023863853026457608 0.04418857316581528 0.12243849452097794 0.0316049341225988 0.05367284241919817
95 0.003470570542082977 0.0075832873206829006 0.0459227492630103 0.040568177033012236 0.04842424702925568 0.09326816469954893 0.00992108370177035 0.04997557467279408 0.033195902520640586 0.04236529266979356 0.0973724835460915 0.07058514522555821 0.0020116669409545027 0.08912911181975021 0.07441630084972105 0.05963141588981058 0.07934371365707238 0.004876270505878458 0.061469831613000146 0.08646901049957127
96 0.024956139295992243 0.06379225530053088 0.015804845241914497 0.08334955681889412 0.045628162521268056 0.026432736685391988 0.009715764269866256 0.08125421947512095 0.04640339521588928 0.08946397047225946 0.03984169886930774 0.01803802534644392 0.08498899779802001 0.04822301858979405 0.05924588048403079 0.03043958506199249 0.08724639120443549 0.010475176130788888 0.0959096278717668 0.038790553346292174
