0 0.03539733368367322 0.03478241539332781 0.008799370870838838 0.07737192469275475 0.05079212594224159 0.05953490804599754 0.010271357845424631 0.06073802595705718 0.06954153673870093 0.03743115363262089 0.06604809701596229 0.03412956399178269 0.004710034887927316 0.07954511334173037 0.04553785907399051 0.07952269924167314 0.07764961708012859 0.015655083995470137 0.07572543792120366 0.07681634064749382
1 0.0818747892005951 0.056443946721113705 0.07635099397178063 0.05940404498143304 0.04861744116092627 0.018220577726256335 0.05829622988764562 0.05419703202484444 0.030675956221019447 0.031056297471751603 0.07778604961409451 0.007067004405261276 0.04508952220868295 0.04262478497230794 0.07551753066316066 0.01087243997931914 0.05654180192332255 0.00048696920441172265 0.08317515948528366 0.08570142817678943
2 0.07934042003029224 0.08696026398669668 0.06984415103032085 0.04524836628172836 0.09305643735741871 0.027190242355678056 0.05999021233385273 0.09528002192113466 0.06410680312260825 0.058248257795641994 0.07383409714882605 0.04191825118512528 0.014411620744006693 0.006148732712347912 0.02131106449764781 0.020075601468461723 0.07248129217100678 0.04794464925238534 0.004473793248176792 0.018135721356643094
3 0.012289514971689801 0.0530362196947489 0.054771146036369824 0.08208465929622645 0.04749343570300209 0.006182338264632287 0.08658350345889373 0.04488832556516563 0.07758530469725755 0.04902720565695445 0.09238383820857134 0.04189191062930269 0.043826634673448266 0.06977588443050121 0.0419274097988603 0.07500105823320231 0.0031046156607868174 0.034179662996637605 0.037049754295014975 0.04691757772873375
4 0.07924142556770289 0.019204292612181303 0.0633541658700063 0.034801409171428446 0.008494519553944162 0.023616822785027854 0.03003725245124216 0.06168367767774698 0.04443092437642207 0.059641244199519224 0.06591917972516415 0.042482326642759784 0.021418082511101492 0.06794336481427259 0.0677094137226856 0.010668447935784333 0.09714481132717594 0.09038640822876425 0.08961411567158703 0.02220811515548354
5 0.034870981871178645 0.07461319196192198 0.009933394745015459 0.06945712438727755 0.024712727979482534 0.0889743045354718 0.03638555344979619 0.0015902854551949298 0.06706516093545299 0.07232449053922327 0.08512186359555599 0.052608165529852945 0.0831444663230524 0.05962191833405558 0.0004970262969492873 0.014785504498652222 0.04434577104827881 0.07610934709887415 0.05700111978563757 0.046837601629075756
6 0.037336580661158435 0.005125841604229044 0.030327443009707983 0.05694613420719192 0.07990637966038054 0.09958902211928497 0.10873518850171213 0.02635733097285433 0.0004830371969055549 0.036425754337011215 0.07569393231736143 0.056256631697955535 0.09971789772780273 0.11022317029303919 0.04504567772084842 0.017231785873396036 0.006081583502310703 0.05480924394972013 0.044765401960236297 0.008941962686893158
7 0.0261919788387026 0.014365543235544027 0.019764401930567766 0.07084224400505469 0.011302279410860287 0.036863239767788124 0.003967014221631498 0.05619026095789195 0.048309969104477095 0.10553776501073009 0.0009962242809020444 0.10117095697844405 0.03567313771160715 0.03385002793264073 0.05712054724950017 0.05490436314847774 0.09863906565972595 0.11632625952853513 0.02995703075113511 0.07802769027578377
8 0.02117663405355991 0.029966289095356695 0.005303074662554927 0.07079024886874023 0.030681843244293076 0.06183991136102503 0.03293668767830431 0.04745930811487133 0.08417606998787039 0.053338353999869234 0.047245053342962896 0.06315936085367642 0.06751661774863413 0.03703301794538311 0.07609715552766427 0.040959292594858664 0.04021016422998363 0.08347527583877189 0.07790532317832576 0.02873031767329426
9 0.0750113967514555 0.04208721773465007 0.03218983217186894 0.07336782532421204 0.06858180748099853 0.06070881679151776 0.044611453418993516 0.02070723254387 0.010054513675246455 0.06389788648431426 0.05316504245610527 0.007606882480345866 0.062116848632712114 0.07496522970797012 0.04133650179841093 0.04565889296071163 0.045577447921361654 0.07519179384248556 0.07509932997146408 0.028064047851305972
10 0.08132572876268866 0.04700296293738739 0.010389614166167998 0.056950309828287575 0.06112098929368753 0.08124571850895064 0.028535779601914463 0.0020555270887352467 0.024593766463850347 0.0362793473216053 0.09149264877401185 0.07223850349378803 0.07455054688560508 0.0288499687936045 0.0358041797811296 0.07043776230154791 0.042053092430399654 0.08639592620968943 0.004059021204242759 0.06461860615270608
11 0.008175625490301729 0.04733621776434957 0.054308541721290376 0.08740378458905927 0.02275602901043986 0.08644143089451921 0.07963790156553911 0.01715042621941745 0.05377846081403667 0.08216467460359236 0.07664522828000125 0.040651910806853285 0.0540433664238716 0.03150400114439356 0.0353441425165305 0.029146540164810587 0.08990025287640556 0.055385327579861025 0.023754335275309946 0.0244718022594169
12 0.01823887269315542 0.08840603694522631 0.09905517490972489 0.012081361241134474 0.04254469210471302 0.10206269274576217 0.013875574375701345 0.015015840724635104 0.050682597331038214 0.024748972850458194 0.006498201141011964 0.04600250672981347 0.07132049043293874 0.07605687228415504 0.10454765167011715 0.06893742586978373 0.036460627037300575 0.04991006490839275 0.045060158768151136 0.02849418523678639
13 0.06605131571399546 0.03966446571978602 0.06946912516174607 0.07538216181411489 0.07231496709739532 0.06489349104997852 0.04539626211539611 0.01592702166523464 0.0034939713268709576 0.01613937715933093 0.02584558782486307 0.07248727641617665 0.06854141893573364 0.04968753332495522 0.07624377596103157 0.03481566200575919 0.00745591033036288 0.07625325335906635 0.07518218093639967 0.044755242081802905
14 0.02897397488123507 0.09799372330487603 0.05876175112910543 0.028849203586933284 0.023911810734780974 0.04534966921398837 0.04929326952027623 0.03929521959240421 0.009447897885439902 0.0026558466367829106 0.0046175683737724035 0.011703998167787983 0.10082678710275988 0.028898978359216888 0.0335307247735914 0.057962896917588 0.10836744939318159 0.09946373472901046 0.08561942118263897 0.08447607451462996
15 0.03309956157189264 0.08416132337091885 0.0778115239637014 0.03172841955666685 0.049376962848490184 0.07312434544923158 0.036332700993935624 0.05883942525808573 0.02956498572350833 0.07426166838762079 0.01541956816368112 0.01624023029179701 0.07734167329472187 0.0890608743745023 0.06953264052043394 0.057533538276062585 0.022172641191688748 0.025321155863607732 0.009050608107000747 0.07002615279245192
16 0.05731293951607793 0.0011329006317510773 0.0018099991886304392 0.04578908514373268 0.0317218766906595 0.08375494425784617 0.00491927991241682 0.08983216367206485 0.011318122434461918 0.04364318685777669 0.06781221158288551 0.05286956068407083 0.05307559562535495 0.014559940533818282 0.1206086277799909 0.06475115729152216 0.09210959298689977 0.029296573283044375 0.028635035299447362 0.10504720662754771
17 0.08968588897708735 0.06872325076743853 0.09912329112004972 0.054574290862770415 0.006811463604917424 0.07212967813162198 0.0352777653194805 0.07045605057759345 0.06661899047244492 0.0009511659814352377 0.00995313965274833 0.07076006261760014 0.04957036064325037 0.03034298879132191 0.025987000408514756 0.0257339060919271 0.012982781182722124 0.09440279503011692 0.028879839388384523 0.08703529037857433
18 0.09594914520373402 0.04733968514873506 0.09272593682521527 0.0008354484617288493 0.07339849125656837 0.05911775873759033 0.041026315356132825 0.07393823153056954 0.0046051744971316 0.026637330556400843 0.032427584303691935 0.01927551714594045 0.026883566356610274 0.05737305209195095 0.08105906628349374 0.020919850616928932 0.08699803955638806 0.06539773848579855 0.09344601342951574 0.0006460541558746257
19 0.034915754804135855 0.00610043225863223 0.013490139588188255 0.03223627205962485 0.0934414641400115 0.025188421701281643 0.05346856021263842 0.004140853871907086 0.07831586420434172 0.016868757806686438 0.03878865358071116 0.08103031801867719 0.020663874666047466 0.06594672792305228 0.0910578591348921 0.09799139872102239 0.07952048739565341 0.04733614939788425 0.05946926327433139 0.060028747240280345
20 0.009811908474006615 0.0954551132790078 0.07636267118094539 0.005644456327830668 0.08406187289341356 0.017472458958804667 0.08674123582242146 0.08646456932814227 0.09648774641272695 0.05998658086512858 0.017466136595295445 0.006265432041883147 0.08188848609925284 0.01922942386398211 0.017992067727349112 0.053703599592595935 0.06039005308262436 0.06629497210725002 0.04752141869907653 0.010759796648262444
21 0.03307716323873753 0.11124670638798345 0.007301367484293264 0.06674968865779021 0.02289948639201264 0.07350137873021713 0.06614524548980574 0.06525143732086287 0.044406765160751344 0.030629793700076575 0.004018710024078083 0.04008081328123891 0.031758529733545725 0.0723843520176444 0.005180071947023434 0.052084608630066274 0.0638128704741227 0.02420606578710854 0.10539225034579071 0.07987269519685028
22 0.0299970306360231 0.0657454750381844 0.04660385892875266 0.027848640990327207 0.03675324765912219 0.015034489840629115 0.042010039145439895 0.044324548334336404 0.06724289345520594 0.043626237108827216 0.06954376277123014 0.06204564468135982 0.08060083043367075 0.0345304777825432 0.06977801857903806 0.03801942539155065 0.02741095849951618 0.0635500262897892 0.06844928534105027 0.06688510909340341
23 0.06697201521382454 0.0849663139378992 0.013745084978143078 0.001178769182317369 0.08526650358531468 0.016924476230699093 0.02882554056742385 0.012223961455420526 0.058150056813857626 0.06262324245836433 0.05602895564919321 0.09962461884628779 0.1079100361625035 0.07356389915036972 0.024943550373333942 0.0733712800190278 0.016765586212954098 0.020313430730176395 0.005666622029013677 0.09093605640387546
24 0.012038497451119127 0.06803284358573121 0.04571269174579219 0.08685889833275594 0.08836348406720049 0.08994629248252214 0.0710612043287596 0.03703312396280988 0.033264458533532396 0.004092218736911066 0.033909074157904 0.027172732901589856 0.0797229783923543 0.0806267191559959 0.05187309103115861 0.07487701227780806 0.04023500091548043 0.03227316317269567 0.020501626673834265 0.022404888094044655
25 0.057027269687726104 0.00987412337010681 0.09039113294117071 0.007591885774546905 0.078038690785886 0.038701833868017815 0.027162577960347652 0.06557862323492494 0.057567835496988205 0.06317391018942349 0.08596584439875875 0.002802302764275223 0.08814299613090648 0.08872282096172865 0.007338380091066963 0.004970532570163685 0.05196928022672084 0.01799247790775442 0.08765843984363865 0.0693290417958478
26 0.04388373500044711 0.05704852936142936 0.021043354843652537 0.08746981828739343 0.05610284861443979 0.00018619307346807957 0.08579903100009686 0.014271727137965365 0.07105423557443376 0.00662106602593186 0.06284224552110768 0.06351947418518782 0.04353607261412425 0.058190681014766744 0.04019412071762514 0.0923731333172493 0.056314961821622024 0.04820136058740757 0.07697911951776774 0.014368291783883496
27 0.09687154273668393 0.017176516363243917 0.02695029464855795 0.00887470573917227 0.044706918414030516 0.043295087189931955 0.01111445926166332 0.07895025086867274 0.00955689783381262 0.05996463348266421 0.020953391627035876 0.0906645922987995 0.0281871618195779 0.06570688754858885 0.0020191049202069418 0.04412737082118246 0.07017312008282013 0.10637902002590986 0.06777842702650652 0.1065496172909386
28 0.07596216837365408 0.005705307235486778 0.012815601268087513 0.06342928461510298 0.06911754953377529 0.02373500119906842 0.013519564532688488 0.029896115283889295 0.044057993161532624 0.03655363291336469 0.07325854024434114 0.07585282636323903 0.02358583309304938 0.0806488387793408 0.08253862251502021 0.04308173325710821 0.09154736325858802 0.059140402208277466 0.03954187349577606 0.05601174866860952
29 0.020270871862271108 0.00461482509520402 0.07969881090725978 0.06177216578322022 0.026367083121909315 0.06421906296769407 0.0725291743191751 0.03967706202584968 0.012349410770803189 0.00635897482668475 0.07193150282002429 0.05956790013599522 0.072127288659801 0.04397109833621831 0.08796948359955518 0.07450377061921 0.08024887763642968 0.056545525650187174 0.04821349536378464 0.017063615498723123
30 0.09486692843116154 0.08432942477104083 0.014835573868780975 0.052588978560950725 0.011387139070208056 0.02388404086042673 0.0669906822335556 0.01356413092269826 0.0016624281427948956 0.09070963384500487 0.09838053278877792 0.026333420961177054 0.026719688684769184 0.03194199164460409 0.05756894744860543 0.09744513612821079 0.07665926534782536 0.013738206094584619 0.08989889699963151 0.02649495319519175
31 0.0540101455942797 0.07578990032691968 0.0503706547885441 0.030501773780219062 0.05773754983371734 9.006956735813018e-05 0.03466098666431342 0.04820139976797328 0.07363987469332453 0.06914396877107296 0.08815350713370003 0.030388717735960215 0.021105098622568905 0.002828318601236524 0.06768926818733 0.08559789307075785 0.008590144229612373 0.07322961255348583 0.05726641566914562 0.07100470040848053
32 0.009591712566636709 0.09395414580655706 0.08783306721263132 0.07149389398003995 0.04402996523890254 0.02796113750547853 0.00113095457584669 0.014660115422643673 0.046712186956383676 0.045419037625599165 0.06434914781947246 0.07677187035902419 0.009469121917383838 0.015805720332171085 0.09561550162292692 0.06938612273700576 0.05729162502208133 0.05675023354788615 0.08848507604605339 0.02328936370527559
33 0.06257658786339171 0.08203883354437644 0.0679464842931109 0.06002269824657511 0.03224474697424584 0.06659285484274893 0.07747543100342927 0.06303951963759445 0.025046670092812834 0.0068964935408396865 0.028694621909501852 0.025875675436591937 0.026033611705202242 0.05493356351628729 0.07573042385648614 0.03343900471614276 0.02331478985399853 0.053759964609237765 0.0724243505917021 0.06191367376572408
34 0.038043190263702946 0.017682162762492022 0.02989442693617975 0.05753424584602644 0.05317773613524913 0.0474348167006104 0.0537957720905773 0.07548213913952415 0.01957572731541318 0.0880683142475683 0.03285644845980422 0.0016375607968684915 0.015878766456465333 0.07177556752004324 0.025997456818307174 0.07492372939772296 0.08594379300212823 0.04467990819451111 0.09659367045563741 0.06902456746116847
35 0.037796423723718886 0.02375344591187915 0.07465499292782296 0.047455451428076945 0.07158653358685321 0.04123135182873714 0.08368224757908238 0.0741470967093962 0.041452673478556204 0.05752493876176043 0.0002567658158603647 0.0914085124690787 0.07536084851615425 0.031726716959081906 0.020627603259610598 0.04600888404218352 0.0055551147697764 0.08941316945394454 0.0771818858397085 0.009175342938717418
36 0.04691255780327336 0.030744575635570818 0.06886841132632669 0.025944319023365744 0.06019049055894203 0.06839127033370415 0.06000033401489114 0.0598675266931334 0.02563663022985411 0.021168332334300353 0.024824922024813928 0.05187708740445596 0.08204335421671977 0.02142544570866602 0.0658904874147095 0.047573586000209334 0.07173315671430787 0.057029161158455355 0.0710076880257483 0.038870663378552064
37 0.04878682031718676 0.08845580239018266 0.077969839236629 0.014721240391554063 0.060235443774607406 0.013140455639601834 0.016896549328685482 0.07858913996141981 0.021726367660692962 0.04064728747180975 0.017911877556012274 0.08085536526764454 0.058116309786275584 0.043406719561686076 0.07640557552422404 0.009836545667364223 0.010161222168359092 0.09843195425730301 0.10131443728633029 0.04239104675243105
38 0.053081838714722315 0.00782900799376861 0.07915479536588839 0.029709083744652903 0.04305644979762482 0.020648020473766203 0.07895499878555781 0.0713989944855408 0.01626937414091807 0.017454887568627314 0.09319271624973119 0.0016089045115452374 0.06003470555430322 0.05997457196172935 0.02947562954799586 0.012839332410213474 0.0885192088638944 0.08263320219264193 0.06778794975517273 0.08637632788170536
39 0.056781566374998135 0.06517455705023878 0.07283005900271594 0.009644501025173469 0.07627391773567492 0.07422546297508 0.039512529954407224 0.010303659645015792 0.03330890829900243 0.08062934005736266 0.07472016519582979 0.011948018261465883 0.039788731171897546 0.06580434439108093 0.07999251210195736 0.04197154573807875 0.0034410740030149747 0.049532073866683825 0.059510680465793026 0.054606352684528674
40 0.06436623953623383 0.08539637248092859 0.08615596953517207 0.07243688081428282 0.06652563222716742 0.021596262809096833 0.0724391364370411 0.042074044549330565 0.015216422819834608 0.05341069303849951 0.02462607777896854 0.07436820115257706 0.057343636694956165 0.004125144186701547 0.0040252136731900095 0.06566828906473039 0.0686740279434378 0.07384811743889606 0.01993706235016668 0.02776657546878845
41 0.018293605337207804 0.013564675266598446 0.03006369137756531 0.0884955929819109 0.07190667059178432 0.057676062765649655 0.07448893525490366 0.03752900777003148 0.06319054359727003 0.0571670036969593 0.0735567787469201 0.022061167064362088 0.05679592468240076 0.0026052467087396333 0.05234138414003779 0.05098110783801129 0.08334118802520475 0.08267753822478686 0.06157401020232099 0.0016898657273349
42 0.007262593042803342 0.07547895692909476 0.08046416676121641 0.08227205163574294 0.09003231004639306 0.09770532322934737 0.04457132971599938 0.016927329469605266 0.017268980986983824 0.011027782713845203 0.03723220511785384 0.07769492230014836 0.018586667870375002 0.07590985660954104 0.03721956105509558 0.018987546485728143 0.07193900210956689 0.034604634553093046 0.019428076294647274 0.08538670307291917
43 0.04080578193330429 0.043205045575409703 0.012919624174492567 0.055277692178986974 0.0754495612460187 0.08932636200351611 0.07161906946531782 0.03739695499452203 0.03919385571877758 0.027599478472389423 0.08041752785509768 0.07832852789722941 0.015670223308250356 0.010498329620506551 0.0212531980830403 0.05717155569101593 0.04114500798700631 0.09450937270691943 0.01514800819031972 0.09306482289787926
44 0.017012705127511858 0.11159775028091701 0.022461172394421802 0.026437610070934085 0.1105913157410724 0.0674024685520822 0.04724391944408543 0.0010290814691727207 0.005130967409202267 0.004269804718738555 0.08746684466506767 0.028369118353891026 0.08098740606906286 0.04061568785186657 0.056615623967514635 0.10387490206566646 0.030177064857777696 0.07229802776120019 0.012467803727575834 0.07395072547223881
45 0.03353949046218307 0.028814322818281002 0.07507343135020011 0.017846915194785384 0.062281328364158235 0.03247382659376932 0.032076313888563454 0.023882720718043676 0.07005169966131371 0.06755209193361258 0.07336322237905797 0.05356533219582088 0.06753824708476557 0.023261034507518753 0.019595465531927852 0.04848692272333001 0.05122400467832581 0.06049541975787688 0.07281690772279992 0.08606130243366585
46 0.03976723579195055 0.05206388155443889 0.024787288756727144 0.09045406861968903 0.008749255789701486 0.08275964581540692 0.08974745127863563 0.02379433183076537 0.08469012620104 0.005071740406706801 0.0645150498011821 0.01777663579471253 0.08401527531707571 0.06793369325608899 0.003986866632172283 0.031496721928857364 0.03583862637966022 0.06739009639056137 0.04494466290347845 0.08021734555114912
47 0.003380859941621107 0.03327243622262085 0.01631851510574209 0.07175561923761517 0.07834588775796023 0.023018703881403584 0.014859016631605621 0.06895925776088822 0.02558571822404462 0.02024771348720843 0.0663893758209947 0.054930553501210864 0.061837851301544705 0.08247809507110583 0.06294830879902638 0.05313522211254228 0.06064614427661811 0.04958646939109309 0.07980159602959506 0.07250265544555899
48 0.023287136848279627 0.016021531082561494 0.08211518442325637 0.016423415141943693 0.012184679158860779 0.04622734303030104 0.0405593588338149 0.044246461208436685 0.06476677899507274 0.0846403294142315 0.07733092809626257 0.06638195756289533 0.04562750958670743 0.03783757017903041 0.08404727445501382 0.007401034800526785 0.07621623469675476 0.0421599602245853 0.09232975646708685 0.04019555579437792
49 0.05110377110966451 0.04740249487202615 0.06915870255451124 0.07686273727755934 0.08011194286027212 0.046158327368724605 0.008452516797962203 0.04564484413279424 0.033216505111675794 0.05391863148974924 0.047941827873837904 0.014148436447798732 0.0284676992427258 0.013651061462356286 0.0633325213135396 0.06606309591624857 0.06404448358860192 0.05347497037695634 0.06517924133980957 0.07166618886318597
50 0.02227855659853199 0.028297731707287454 0.06197125818653052 0.07801070612686876 0.05548530259490188 0.05704551002611187 0.07455988922236527 0.07535225936831623 0.07334869679348792 0.009553672684736036 0.07093379799317286 0.003168640133283981 0.041845080189898465 0.08504601028109281 0.059620769937332965 0.07647047475425776 0.017744495608511456 0.06795233604854364 0.01395431646560132 0.027360495279166792
51 0.011459154452597613 0.0978846053707713 0.027771507156831833 0.006404302978289083 0.04695043156029988 0.04007918834955196 0.0009605709297970215 0.036851728565741364 0.015553226910457511 0.12399204351745811 0.04063575260282822 0.06162992284882518 0.014701978007797883 0.11956476913879734 0.09339282279902104 0.04003753321984537 0.10120647657916804 0.014669109652032624 0.06632085385651051 0.03993402150337809
52 0.10500869897219177 0.08415179617465458 0.03184888278181782 0.04920549330802445 0.008140178285723908 0.030655531864544176 0.0018976587400198752 0.10990448929677704 0.02751419757393463 0.09239865712298703 0.03599601711832474 0.008658023506951006 0.056056086809396055 0.03851228749151957 0.04565508659675729 0.025224954620518644 0.017320999567912002 0.09806632603660247 0.09223874760101736 0.041545886530325774
53 0.011055826082741886 0.023629187190059103 0.06956236328434318 0.0699366420155371 0.0680068813352874 0.07081677093566671 0.06917535454346745 0.030171150146522455 0.008984492193756997 0.05983103572140675 0.07357123444039866 0.024749993488686627 0.06910748962921127 0.06212264952324778 0.01984298551987154 0.06573963971795321 0.06938347702677337 0.04352828157472197 0.01593974069759874 0.07484480493274752
54 0.04196526423898873 0.06812801331234587 0.062083037847786744 0.06478270203481924 0.030425192721712523 0.03626852203774908 0.016768691469430278 0.07410562381714554 0.06178082657910102 0.07656465466363312 0.0319081432299485 0.07717963168200967 0.004526178176443049 0.08427088878359955 0.06944019882787089 0.039057989711391065 0.03266912242705058 0.05210862210768727 0.02224038815023348 0.053726308181053756
55 0.08287572893863256 0.08799098315385143 0.08010669866943552 0.10987046173907979 0.03364202570036572 0.047911933473993425 0.01262502246977598 0.08430737314587812 0.05080493076551168 0.02933040160926014 0.03391825084269624 0.013109592897966926 0.06279737837116606 0.05278210533354039 0.02391889969070637 0.024922808373823734 0.08389762893270396 0.0457077582868777 0.01886429153106101 0.020615726073673363
56 0.0632919156962195 0.016080783200398036 0.05909294175753434 0.08136697579461152 0.021009791555808784 0.08249692465399097 0.01629988852013926 0.0018784839031680803 0.033972419609711334 0.05720592166065815 0.06498762344154359 0.0348564611220444 0.03637529895269167 0.08692099176667983 0.04482902438046853 0.02574164171307085 0.08659428089443504 0.05480470105061223 0.04367171014124843 0.08852222018496536
57 0.06378823411671734 0.06423027177832559 0.05410173899492207 0.061806659690967825 0.09868356507094109 0.04629852608769577 0.02762742236820735 0.029402093003463907 0.03188305447128059 0.044167299778138894 0.005144682936158964 0.06620980605891286 0.08311008508381088 0.08732033614855535 0.04438448733576533 0.062232624765879756 0.022282411382391728 0.022345656804599157 0.05614134490426092 0.028839699219004526
58 0.06821689636436153 0.034015913654536885 0.03446092292293119 0.013050111479734257 0.052148136190495346 0.08004993156452904 0.044640927212083036 0.06723379098000257 0.07203582644087357 0.0363778966462706 0.027451314612141363 0.0066419599432322885 0.02897823139110671 0.06298471000064189 0.0894283408880259 0.028545883896185013 0.0632035193469671 0.06998628238339942 0.06553197836947162 0.05501742571301064
59 0.1047307036004984 0.06506906579455993 0.030840791587178878 0.0428605856210602 0.0791209660954394 0.07492082567901802 0.034416710603075086 0.08678964998497132 0.06127697839256358 0.06192058925766118 0.04360493967340106 0.0004794957029385784 0.08220787032254799 0.01190592361837078 0.08735595705886658 0.013840401349337384 0.0090831544990007 0.00735923247285186 0.07846623019761706 0.02374992848904193
60 0.036709695899860666 0.05186428868692214 0.10143431213502854 0.06686001262160093 0.021616507670381722 0.09902396678856898 0.051518418887203314 0.060682846075449035 0.049635117858043414 0.07537818024617414 0.020012845706360166 0.05500133072840169 0.03733576917200027 0.0714706677510382 0.020956170429984877 0.061302715833926255 0.025955380599405053 0.022485447033224575 0.009455714655622258 0.061300611220803554
61 0.027633179761047014 0.038490624522654594 0.06346661523139265 0.06991583610522832 0.0030234102103669116 0.044682278642271714 0.08531210504130811 0.011398191280662629 0.0733347750146532 0.023421994363342715 0.07019266924477274 0.04851663321259548 0.051045097825204035 0.045236765889119006 0.04574798109028858 0.019464565497206383 0.0718971218717604 0.08524293551841218 0.06680596348958964 0.055171256188123664
62 0.021077772320578756 0.02922304047656233 0.02155405186142796 0.07810598012778434 0.0634868870390486 0.07087988281305274 0.002529214399764565 0.025680779892763704 0.08070830803196834 0.022833914531786743 0.034801094821374556 0.07712716713205899 0.0002507273789168143 0.08818026581893723 0.07017095505087292 0.07998225128498694 0.09215248853814338 0.0682669118966727 0.047037730857434144 0.025950575725864213
63 0.05025558349621037 0.06484889936419659 0.07032538892999471 0.024085819877387078 0.028745778159092787 0.022921771769581767 0.06510073033104173 0.030232468869470713 0.06865201153657316 0.05600757098608717 0.0738963818126484 0.032285747390473366 0.07144977666252364 0.07628261208636747 0.0382681841498484 0.06384107670184622 0.07180192723663169 0.012557214066316229 0.02074852665498666 0.05769252991872204
64 0.012255273799131576 0.0351830686329578 0.0028860773497023325 0.10761036199602061 0.04038321419713288 0.010545527536156937 0.0330829256259367 0.09914122756578184 0.001984603444458653 0.002173969307358002 0.09491477640775264 0.003202160784673038 0.059528488452599906 0.07277631693865566 0.0620988908324568 0.08418895683065368 0.008152923012728339 0.08480014479674526 0.10197002122046864 0.08312107126862879
65 0.10766707019743356 0.04559216941421406 0.0005231628065956817 0.05208529673290489 0.06188998272868448 0.0933759102985627 0.005702768040632682 0.020997350154414684 0.0231253229170602 0.007907240657110863 0.02565239218552864 0.10431818899253185 0.09020722536021897 0.05516159413237922 0.0480316765004774 0.03621445159136376 0.08095055150414784 0.09469105553143363 0.0042991900268538105 0.041607400227451206
66 0.06725474236257617 0.06741014893764113 0.0363237842396816 0.05760150771088668 0.08608256589850201 0.006889855783380103 0.08950281008103336 0.025865334425367575 0.046419575471363106 0.059673840342948245 0.03596609988260612 0.005716810648202032 0.0761609392687259 0.07533879851706098 0.024584347371183885 0.006496306001744193 0.06449505459039744 0.03932787660150875 0.035395696516814706 0.09349390534837611
67 0.05257273355028925 0.09152155602898528 0.007162579762287611 0.10723958603255933 0.02295807195198186 0.01621316963516395 0.02911836632314407 0.112626164820445 0.06497558642646724 0.08921385256163401 0.02456013707344259 0.06437245177394832 0.0267674538555544 0.003566257059171207 0.07449905771437765 0.016357456042209423 0.04331797393000353 0.08070481230358521 0.06071181677994194 0.011540916374808205
68 0.03157905432607948 0.014104664409488828 0.06963789488951395 0.03510882172695332 0.0310456390088818 0.02555616880502153 0.09188205423771673 0.04801033974185013 0.0746713420244156 0.029667584615293417 0.10323966011663012 0.007286256032954303 0.06685818414597144 0.07121736445622713 0.05652636933344345 0.03668094462942187 0.07604370826235336 0.03418411324920463 0.07694575100910639 0.0197540849794726
69 0.10963548691463942 0.02211649799165541 0.010225038885821736 0.07496906816342883 0.03292928933068162 0.04537353131075817 0.04826086049824915 0.026134584861282964 0.014262774814000234 0.10626227759042264 0.0010722759529172632 0.02310848094754884 0.04159761406299714 0.027935499938495215 0.07333494110900017 0.09722216933208838 0.10425082102802989 0.062345749336794765 0.06290196043996331 0.01606107749122496
70 0.06770003193554669 0.06678576687553696 0.03956481548035004 0.06319128900938402 0.0573805979085456 0.05628938705486493 0.07437761796716698 0.0586966120860742 0.07464667653011335 0.021281700943551946 0.07196306757952704 0.021470341245957918 0.046883481733829675 0.007716820608236622 0.05480710062098156 0.03529581679740326 0.07377592677889243 0.04631583466013581 0.013055468757219085 0.04880164542668186
71 0.02845966139811011 0.10018088098273975 0.02777664834349103 0.0526460464951165 0.09910950740568063 0.04206741309768281 0.00046926655088276256 0.09059750499047277 0.027440167569694415 0.02371266450075181 0.026486812743353703 0.009611210496872184 0.03542678522313436 0.07808999093071466 0.014168033990607228 0.03601327689050051 0.07271246857449776 0.045965137532309956 0.09399639269329048 0.09507012959009663
72 0.019295325257079467 0.07637953029394416 0.0053888839192430815 6.161722965451859e-05 0.07670416443765814 0.06819549255984521 0.06603653533321724 0.08383199229119888 0.08489799769063862 0.038416142910908564 0.07307107639322279 0.039808650717415926 0.07139481926432603 0.018465188762543158 0.0545232594603883 0.03780547077205248 0.04109542718755652 0.020803597109332665 0.08098030909555443 0.04284451931421975
73 0.06936995513389477 0.06491404920807452 0.042175620521463134 0.05972263817716928 0.07269017952715179 0.061679625607530784 0.03981280433916979 0.03856844417525229 0.032172319744068235 0.06091600786244502 0.06060758907574301 0.07448045304256376 0.015509676856510378 0.05079385928404334 0.07615445501835867 0.07518243437757378 0.017047422210233757 0.04264514597032205 0.003080533230667489 0.042476786637764254
74 0.07594205622103047 0.01045223678878601 0.002816777807506503 0.03680156388055537 0.027242929066481902 0.015426311717174401 0.06900348342683882 0.05099569827280119 0.09349785777412979 0.09196069096842 0.005299215466267825 0.07343482434778059 0.020051072599811353 0.037042223441899065 0.10274641521079227 0.07525609315699225 0.011004544341528923 0.09555309787552094 0.04712543086901565 0.058347476766666795
75 0.09271686157330176 0.06907627812317974 0.014593129331200808 0.08515636136346191 0.00500605434949332 0.0167678013058157 0.01104272972526632 0.03110823285056704 0.06274420456691687 0.021845108829470876 0.09597096501018486 0.0035688050440431853 0.08166795596257827 0.022401329672159385 0.11938048952285138 0.024371389211500838 0.09203490253556662 0.009186826871019854 0.10943271354940262 0.0319278606020186
76 0.06678756408066651 0.03662018595502074 0.057278586316238646 0.04969295509290308 0.09090596909375441 0.06107799563686089 0.0694231462335688 0.03872075391827796 0.026600936807150935 0.012673342097126982 0.06031556770190205 0.027978116961510795 0.02333428764906233 0.054180557637447356 0.07829914929339153 0.03869109717538257 0.04079167457569499 0.03526864767281977 0.04022346955957014 0.0911359965416494
77 0.049800603392701925 0.031236391702997846 0.0799509250803637 0.08379313970942763 0.07065700997767886 0.04060066267866793 0.057684752510070575 0.06172716037620228 0.056981097155503244 0.009073693218048587 0.08561698281953878 0.05701648459029448 0.07996013236220025 0.021584491638458 0.08626570342456026 0.04335235119796427 0.0047973396917032505 0.007774994624608665 0.04497935517924645 0.027146728669763025
78 0.06169687030752138 0.06115269244554315 0.08763861162259493 0.018250213866709872 0.04553155028376818 0.0018468935361652616 0.08022646353006747 0.07557722625994334 0.041372360169327084 0.04680672801284754 0.03711341028116863 0.0237347008273437 0.07940733500082611 0.04972172856197381 0.0664651225202845 0.07265935221118287 0.005675078517630162 0.019891470565430912 0.07705823784992051 0.0481739536297506
79 0.012361437172793054 0.09891075905327681 0.006537714626397088 0.024800746225576438 0.04907556430827518 0.08554650916166265 0.09482153828311811 0.01586988065464443 0.07690761404610734 0.07054643752704041 0.0017414647059663948 0.01649726082574882 0.04193770532571758 0.01670385145745849 0.030637808689734293 0.0525058896253493 0.041728329395396266 0.09392196800406859 0.07286129467199692 0.09608622623967189
80 0.047457946570860166 0.09436881656570499 0.05954407319785882 0.014489592082013603 0.012230865419826951 0.04172656662609212 0.07905873160561841 0.02515524389264266 0.09020298025000512 0.0615671119799257 0.03089653980443146 0.04718825166102676 0.0024599357064213605 0.01159868803102011 0.023112864906803955 0.10052711559944559 0.07406925646408258 0.025819001709515295 0.09608071334825684 0.06244570457844744
81 0.0632158879852519 0.04102007152075201 0.07169867587655329 0.04871908482780644 0.012336660247661375 0.07865852978978818 0.02033327797422204 0.06992072310989922 0.05300473495263143 0.019831165782551126 0.029394607159196867 0.04668321608578214 0.06150111745881104 0.02648904240371595 0.06842558227821606 0.0295393578292359 0.08073935868670834 0.03487597714886536 0.08006401089093497 0.06354891799141649
82 0.05989737586886553 0.036544973133674934 0.07673973887288398 0.06178195424772585 0.017747066456758196 0.04589135046946008 0.011154819311768014 0.07358200644792946 0.010039532094790457 0.09720704125868568 0.041292465149399854 0.10260018111096872 0.043627270793196005 0.08679527739168301 0.027458008722601273 0.017689969029575137 0.04933884733914182 0.025273439770825443 0.06582541029726036 0.04951327223280636
83 0.0014897537205856343 0.04745550899854104 0.016945419088997056 0.05430254964871409 0.01966490384576113 0.0736374041410325 0.0528499362646996 0.04426489050693806 0.0854208472671626 0.011861108003838407 0.05363397909920666 0.02347240511799244 0.06618589565317341 0.01216266033663564 0.10597728659779174 0.11078812274563128 0.09929046402988648 0.036583901355697196 0.07804154466425903 0.005971418913455979
84 0.0230250738394094 0.08307291759733032 0.08254701937535391 0.06885214732287791 0.07291521920105296 0.03682804906646302 0.037723225453037426 0.01064461155901708 0.008456099790657262 0.08536125464069161 0.0005110671345544504 0.10419141207625927 0.059717792740846286 0.03159285547531526 0.00842828640022218 0.06106852401753251 0.030757315981033692 0.07240708451219524 0.05589510427666848 0.06600493953948167
85 0.0686443016278046 0.03519534772785632 0.05731008936843878 0.041337522567230396 0.009015099759232134 0.048905028686841115 0.05945358208383753 0.06537295540969752 0.1027355658418652 0.051126286397455936 0.006277354621392736 0.01493484638998438 0.02086976066479418 0.05502057117464423 0.07752677861562939 0.10597053345839556 0.03539059121235318 0.029222560668089054 0.011747379966533562 0.10394384375792401
86 0.0382393839059274 0.004650666297524698 0.07174337216873396 0.045887495571336145 0.042355139385632345 0.06392568944938085 0.008898794073880636 0.047488976510196845 0.0712787121333018 0.039894090471833676 0.07141677178730503 0.07714507560011821 0.04472623296271253 0.012441802439583701 0.020649625116456474 0.07172332589787306 0.06708556046836958 0.0769553514772028 0.06085531304198723 0.06263862124064293
87 0.09147898485737387 0.053092290042869805 0.018277765330756843 0.042818383988917644 0.05134637637294808 0.06949026647995395 0.0035369379307895192 0.06652396877250075 0.067029084928268 0.07596035071739624 0.0558688857779034 0.052596253294897026 0.03111760345131026 0.0496681050268083 0.060218129387156066 0.06420942852335018 0.08933672143517499 0.016806021737671605 0.031957790273961624 0.008666651669992179
88 0.05288919870986918 0.055999480358252016 0.06842696962019013 0.06385813505864908 0.046961670022998905 0.0427803651221595 0.05332098480742828 0.07296232331096394 0.01787760334134989 0.027597962021894035 0.02170186194764841 0.04178299603344684 0.04208897817273004 0.08914038420142043 0.06556131632787698 0.08657555449930873 0.0027118359437984766 0.027171990609506983 0.05982557077652613 0.060764819113981884
89 0.03978845076319053 0.01609328298780861 0.07648577940765647 0.05671590465630811 0.0510374026792576 0.030431845625563995 0.018041758154862437 0.05424657947376064 0.07266737154289914 0.04657514183897984 0.0472527296499522 0.07435036243063121 0.07411082581311863 0.012712238128723592 0.005821910643439452 0.06216728885508603 0.06554077876721758 0.06867545011251426 0.05167164846711923 0.0756132500019103
90 0.017133692813737878 0.010196548478507659 0.0473009152244793 0.07544618349587569 0.09300482805286409 0.006924948590177347 0.030016331092945884 0.027571789865726264 0.05535926555773067 0.051491174219800435 0.06574358551300466 0.07119715418766401 0.09564213718166631 0.04679276530649909 0.04708693547191903 0.07936508665977729 0.010197492427958059 0.009318722900387474 0.0673909708277117 0.09281947213156687
91 0.08003018923375571 0.02841003502708196 0.07881546050779172 0.0813726789010131 0.04732227531463851 0.07982093242053247 0.08429761609883046 0.014868100923740102 0.047022262527778275 0.0019919354406034494 0.046647160594873206 0.03288680845106645 0.0731295767906454 0.08204158061956732 0.014940242949050553 0.0808313993371725 0.07795760451278182 0.02328508343336707 0.002338322067838974 0.021990734847870886
92 0.026087377763738796 0.07722284643886611 0.021365538640368945 0.028049593769820417 0.08121424525732529 0.07244317241218803 0.04245677466348053 0.0646756077344953 0.04522787602758501 0.017080270713442407 0.08042955611967653 0.04392349528491597 0.05710331068146813 0.059095772400135034 0.07044670377393926 0.014063006583902691 0.049338000730287324 0.009609913201078032 0.06514457149651809 0.0750223663067682
93 0.02894968549090117 0.07739774202244148 0.026438689871314605 0.024732771267310917 0.00675284368722133 0.00982550483819563 0.04468968861826048 0.042033550945122705 0.10980944773176954 0.012929839296359304 0.04069037049257433 0.07427670487179301 0.004385123376345936 0.03248185801682296 0.08596257839373267 0.0782870514318771 0.1031340028854636 0.006088289934615692 0.08467455730876192 0.1064596995191155
94 0.041160873220110986 0.07237628106331497 0.07922825892880375 0.03048840625797358 0.05089811132205994 0.06144853677505192 0.058127546811236726 0.08450883540582972 0.07492325562623942 0.06264305551864731 0.0065337280869951124 0.014868471207262831 0.06560486615836082 0.004440466813576517 0.015630568290794254 0.010480912115614362 0.05723828554218745 0.07161918757303451 0.07658867270477203 0.06119168057813386
95 0.05666102554769606 0.00988074068214969 0.0108540532697594 0.07446789655427029 0.04892243583782496 0.08745787787731124 0.0025619104065521072 0.03739196022047584 0.05254644811057858 0.04802290002675642 0.043479235555313016 0.10305134634817291 0.031874817743774694 0.09829475129943747 0.04738428221202687 0.06815103466276681 0.03543643732158705 0.02038940121667004 0.053423565780208626 0.0697478793266682
96 0.0860330524191545 0.08287290303954344 0.09110105772630822 0.02213393318897406 0.0058947177955790365 0.003732448033950298 0.009323150848987511 0.08215758528816304 0.004448002051391379 0.005928719081723895 0.09375705618783632 0.060063050132104744 0.010882694345146732 0.03510183138772673 0.06788731781303814 0.018325628122537154 0.09466033877110737 0.09301713170906956 0.09386917029922144 0.038810211758436505
97 0.05514229116509137 0.08239116643934459 0.08199401680179474 0.06807141936321172 0.06537801327325712 0.007554606928906714 0.0287657201450318 0.0455772874916146 0.024108154058615865 0.02406105257602694 0.07898368286512909 0.08642732126788516 0.0277113364630048 0.0319675051179713 0.08100205687520765 0.06888117829273746 0.02015307647493539 0.07746072120527839 0.028194575685826763 0.01617481750912861
